-5 0.0152799
-4.99 0.0152549
-4.98 0.0152324
-4.97 0.0152133
-4.96 0.0151988
-4.95 0.0151907
-4.94 0.015191
-4.93 0.0152026
-4.92 0.0152297
-4.91 0.0152776
-4.9 0.0153542
-4.89 0.0154704
-4.88 0.0156421
-4.87 0.0158931
-4.86 0.0162592
-4.85 0.0167965
-4.84 0.0175963
-4.83 0.0188131
-4.82 0.0207224
-4.81 0.0238495
-4.8 0.0292816
-4.79 0.0395283
-4.78 0.0612921
-4.77 0.116325
-4.76 0.290139
-4.75 0.694108
-4.74 0.444976
-4.73 0.199903
-4.72 0.113721
-4.71 0.0773285
-4.7 0.058832
-4.69 0.0481302
-4.68 0.0413454
-4.67 0.0367463
-4.66 0.0334664
-4.65 0.0310326
-4.64 0.0291683
-4.63 0.0277028
-4.62 0.0265255
-4.61 0.0255625
-4.6 0.0247623
-4.59 0.0240885
-4.58 0.0235145
-4.57 0.0230204
-4.56 0.0225913
-4.55 0.0222155
-4.54 0.0218842
-4.53 0.0215901
-4.52 0.0213275
-4.51 0.0210918
-4.5 0.0208792
-4.49 0.0206867
-4.48 0.0205116
-4.47 0.0203518
-4.46 0.0202054
-4.45 0.020071
-4.44 0.0199472
-4.43 0.0198329
-4.42 0.0197271
-4.41 0.0196289
-4.4 0.0195378
-4.39 0.0194529
-4.38 0.0193738
-4.37 0.0193001
-4.36 0.0192312
-4.35 0.0191668
-4.34 0.0191066
-4.33 0.0190503
-4.32 0.0189976
-4.31 0.0189485
-4.3 0.0189025
-4.29 0.0188597
-4.28 0.0188199
-4.27 0.018783
-4.26 0.0187489
-4.25 0.0187175
-4.24 0.0186888
-4.23 0.0186628
-4.22 0.0186395
-4.21 0.018619
-4.2 0.0186012
-4.19 0.0185863
-4.18 0.0185745
-4.17 0.0185657
-4.16 0.0185604
-4.15 0.0185586
-4.14 0.0185606
-4.13 0.0185668
-4.12 0.0185776
-4.11 0.0185935
-4.1 0.0186149
-4.09 0.0186427
-4.08 0.0186775
-4.07 0.0187203
-4.06 0.0187723
-4.05 0.0188347
-4.04 0.0189092
-4.03 0.0189977
-4.02 0.0191025
-4.01 0.0192266
-4 0.0193732
-3.99 0.0195469
-3.98 0.0197528
-3.97 0.0199975
-3.96 0.0202895
-3.95 0.0206394
-3.94 0.0210609
-3.93 0.0215717
-3.92 0.0221954
-3.91 0.0229631
-3.9 0.0239174
-3.89 0.0251171
-3.88 0.0266448
-3.87 0.0286201
-3.86 0.03122
-3.85 0.0347151
-3.84 0.0395344
-3.83 0.0463888
-3.82 0.05652
-3.81 0.0722447
-3.8 0.0982628
-3.79 0.145203
-3.78 0.240862
-3.77 0.473375
-3.76 1.17827
-3.75 2.71539
-3.74 1.63296
-3.73 0.678058
-3.72 0.354193
-3.71 0.221169
-3.7 0.155185
-3.69 0.117849
-3.68 0.0946663
-3.67 0.0792581
-3.66 0.068474
-3.65 0.0606149
-3.64 0.0546992
-3.63 0.0501271
-3.62 0.0465152
-3.61 0.0436087
-3.6 0.0412331
-3.59 0.0392652
-3.58 0.0376162
-3.57 0.0362204
-3.56 0.0350287
-3.55 0.0340035
-3.54 0.0331158
-3.53 0.0323427
-3.52 0.0316661
-3.51 0.0310716
-3.5 0.0305473
-3.49 0.0300837
-3.48 0.0296729
-3.47 0.0293082
-3.46 0.0289843
-3.45 0.0286966
-3.44 0.0284412
-3.43 0.0282148
-3.42 0.0280146
-3.41 0.0278384
-3.4 0.027684
-3.39 0.0275498
-3.38 0.0274343
-3.37 0.0273362
-3.36 0.0272545
-3.35 0.0271883
-3.34 0.0271368
-3.33 0.0270995
-3.32 0.0270758
-3.31 0.0270654
-3.3 0.0270679
-3.29 0.0270832
-3.28 0.0271112
-3.27 0.0271519
-3.26 0.0272053
-3.25 0.0272717
-3.24 0.0273513
-3.23 0.0274444
-3.22 0.0275515
-3.21 0.0276731
-3.2 0.0278099
-3.19 0.0279628
-3.18 0.0281325
-3.17 0.0283203
-3.16 0.0285272
-3.15 0.0287548
-3.14 0.0290046
-3.13 0.0292786
-3.12 0.0295789
-3.11 0.0299079
-3.1 0.0302685
-3.09 0.0306641
-3.08 0.0310983
-3.07 0.0315757
-3.06 0.0321014
-3.05 0.0326814
-3.04 0.0333227
-3.03 0.0340339
-3.02 0.0348246
-3.01 0.0357069
-3 0.036695
-2.99 0.0378059
-2.98 0.0390608
-2.97 0.0404853
-2.96 0.0421115
-2.95 0.0439792
-2.94 0.046139
-2.93 0.0486556
-2.92 0.0516128
-2.91 0.0551209
-2.9 0.0593273
-2.89 0.0644324
-2.88 0.0707146
-2.87 0.0785696
-2.86 0.0885748
-2.85 0.1016
-2.84 0.119004
-2.83 0.143004
-2.82 0.177417
-2.81 0.229257
-2.8 0.312537
-2.79 0.458452
-2.78 0.747219
-2.77 1.42829
-2.76 3.42462
-2.75 7.52554
-2.74 4.28321
-2.73 1.67849
-2.72 0.825101
-2.71 0.484268
-2.7 0.319516
-2.69 0.228567
-2.68 0.17343
-2.67 0.13763
-2.66 0.11314
-2.65 0.0956904
-2.64 0.082844
-2.63 0.0731307
-2.62 0.0656223
-2.61 0.0597097
-2.6 0.05498
-2.59 0.0511456
-2.58 0.0480013
-2.57 0.0453974
-2.56 0.0432231
-2.55 0.0413944
-2.54 0.0398473
-2.53 0.038532
-2.52 0.0374093
-2.51 0.0364485
-2.5 0.0356245
-2.49 0.0349175
-2.48 0.034311
-2.47 0.0337918
-2.46 0.0333488
-2.45 0.0329729
-2.44 0.0326564
-2.43 0.0323931
-2.42 0.0321776
-2.41 0.0320054
-2.4 0.0318727
-2.39 0.0317765
-2.38 0.031714
-2.37 0.0316831
-2.36 0.0316819
-2.35 0.031709
-2.34 0.0317631
-2.33 0.0318434
-2.32 0.0319491
-2.31 0.0320797
-2.3 0.032235
-2.29 0.0324149
-2.28 0.0326194
-2.27 0.0328489
-2.26 0.0331038
-2.25 0.0333848
-2.24 0.0336925
-2.23 0.0340281
-2.22 0.0343928
-2.21 0.0347879
-2.2 0.0352151
-2.19 0.0356762
-2.18 0.0361735
-2.17 0.0367095
-2.16 0.0372868
-2.15 0.0379089
-2.14 0.0385791
-2.13 0.0393018
-2.12 0.0400816
-2.11 0.0409238
-2.1 0.0418346
-2.09 0.0428209
-2.08 0.0438909
-2.07 0.0450538
-2.06 0.0463202
-2.05 0.0477028
-2.04 0.0492159
-2.03 0.0508767
-2.02 0.0527052
-2.01 0.0547251
-2 0.056965
-1.99 0.0594589
-1.98 0.0622481
-1.97 0.065383
-1.96 0.0689254
-1.95 0.0729525
-1.94 0.0775609
-1.93 0.0828734
-1.92 0.0890481
-1.91 0.0962912
-1.9 0.104876
-1.89 0.115173
-1.88 0.127689
-1.87 0.143144
-1.86 0.162574
-1.85 0.187533
-1.84 0.220424
-1.83 0.265138
-1.82 0.32831
-1.81 0.42203
-1.8 0.570226
-1.79 0.82565
-1.78 1.32251
-1.77 2.47299
-1.76 5.77158
-1.75 12.2263
-1.74 6.66162
-1.73 2.49849
-1.72 1.1695
-1.71 0.650147
-1.7 0.404348
-1.69 0.271494
-1.68 0.192652
-1.67 0.142553
-1.66 0.109023
-1.65 0.0856537
-1.64 0.0688293
-1.63 0.0563916
-1.62 0.0469926
-1.61 0.0397576
-1.6 0.0341003
-1.59 0.0296168
-1.58 0.0260221
-1.57 0.0231108
-1.56 0.0207322
-1.55 0.0187739
-1.54 0.0171507
-1.53 0.0157974
-1.52 0.0146635
-1.51 0.013709
-1.5 0.0129027
-1.49 0.0122194
-1.48 0.0116387
-1.47 0.0111444
-1.46 0.0107229
-1.45 0.0103633
-1.44 0.0100564
-1.43 0.00979458
-1.42 0.00957155
-1.41 0.00938199
-1.4 0.00922142
-1.39 0.00908606
-1.38 0.0089727
-1.37 0.00887861
-1.36 0.00880147
-1.35 0.00873932
-1.34 0.00869046
-1.33 0.00865346
-1.32 0.00862709
-1.31 0.00861033
-1.3 0.00860229
-1.29 0.00860225
-1.28 0.00860959
-1.27 0.00862384
-1.26 0.0086446
-1.25 0.00867158
-1.24 0.00870459
-1.23 0.00874351
-1.22 0.0087883
-1.21 0.00883901
-1.2 0.00889579
-1.19 0.00895884
-1.18 0.00902849
-1.17 0.00910512
-1.16 0.00918926
-1.15 0.00928153
-1.14 0.00938268
-1.13 0.00949362
-1.12 0.00961541
-1.11 0.0097493
-1.1 0.0098968
-1.09 0.0100596
-1.08 0.0102399
-1.07 0.0104399
-1.06 0.0106627
-1.05 0.0109116
-1.04 0.0111906
-1.03 0.0115047
-1.02 0.0118596
-1.01 0.0122624
-1 0.0127218
-0.99 0.0132481
-0.98 0.0138545
-0.97 0.0145568
-0.96 0.0153754
-0.95 0.0163358
-0.94 0.0174707
-0.93 0.0188224
-0.92 0.0204465
-0.91 0.0224167
-0.9 0.0248328
-0.89 0.0278321
-0.88 0.0316075
-0.87 0.0364361
-0.86 0.0427275
-0.85 0.0511052
-0.84 0.0625553
-0.83 0.0787066
-0.82 0.102398
-0.81 0.138914
-0.8 0.198965
-0.79 0.30675
-0.78 0.525588
-0.77 1.0564
-0.76 2.65782
-0.75 5.92399
-0.74 3.39328
-0.73 1.38267
-0.72 0.704047
-0.71 0.42535
-0.7 0.2873
-0.69 0.209367
-0.68 0.161112
-0.67 0.129134
-0.66 0.106817
-0.65 0.0905983
-0.64 0.0784198
-0.63 0.0690268
-0.62 0.0616183
-0.61 0.0556633
-0.6 0.0507982
-0.59 0.0467672
-0.58 0.0433858
-0.57 0.0405184
-0.56 0.0380632
-0.55 0.0359428
-0.54 0.0340972
-0.53 0.0324794
-0.52 0.0310523
-0.51 0.029786
-0.5 0.0286563
-0.49 0.0276435
-0.48 0.0267314
-0.47 0.0259064
-0.46 0.0251574
-0.45 0.0244747
-0.44 0.0238505
-0.43 0.0232777
-0.42 0.0227507
-0.41 0.0222643
-0.4 0.0218142
-0.39 0.0213965
-0.38 0.0210081
-0.37 0.020646
-0.36 0.0203077
-0.35 0.019991
-0.34 0.0196938
-0.33 0.0194145
-0.32 0.0191514
-0.31 0.0189031
-0.3 0.0186685
-0.29 0.0184464
-0.28 0.0182358
-0.27 0.0180359
-0.26 0.0178457
-0.25 0.0176646
-0.24 0.0174919
-0.23 0.0173271
-0.22 0.0171695
-0.21 0.0170188
-0.2 0.0168744
-0.19 0.0167361
-0.18 0.0166034
-0.17 0.0164762
-0.16 0.0163541
-0.15 0.0162369
-0.14 0.0161245
-0.13 0.0160168
-0.12 0.0159136
-0.11 0.0158151
-0.1 0.0157211
-0.09 0.0156318
-0.08 0.0155475
-0.07 0.0154682
-0.06 0.0153945
-0.05 0.0153268
-0.04 0.0152657
-0.03 0.015212
-0.02 0.0151667
-0.01 0.0151312
0 0.0151071
0.01 0.0150965
0.02 0.0151021
0.03 0.0151271
0.04 0.0151762
0.05 0.0152547
0.06 0.0153703
0.07 0.0155325
0.08 0.0157545
0.09 0.0160539
0.1 0.0164548
0.11 0.016991
0.12 0.0177109
0.13 0.0186847
0.14 0.0200177
0.15 0.0218726
0.16 0.02451
0.17 0.0283661
0.18 0.0342112
0.19 0.0434986
0.2 0.0592125
0.21 0.0881927
0.22 0.148608
0.23 0.299131
0.24 0.766022
0.25 1.73778
0.26 1.02125
0.27 0.438065
0.28 0.236196
0.29 0.151457
0.3 0.108672
0.31 0.0840945
0.32 0.068628
0.33 0.05822
0.34 0.0508492
0.35 0.0454161
0.36 0.0412802
0.37 0.0380477
0.38 0.0354648
0.39 0.0333623
0.4 0.0316232
0.41 0.0301647
0.42 0.0289267
0.43 0.0278645
0.44 0.0269446
0.45 0.0261411
0.46 0.0254339
0.47 0.0248073
0.48 0.0242486
0.49 0.0237476
0.5 0.023296
0.51 0.0228871
0.52 0.0225151
0.53 0.0221753
0.54 0.0218638
0.55 0.0215773
0.56 0.0213128
0.57 0.0210679
0.58 0.0208406
0.59 0.020629
0.6 0.0204316
0.61 0.0202468
0.62 0.0200737
0.63 0.019911
0.64 0.0197578
0.65 0.0196134
0.66 0.0194769
0.67 0.0193477
0.68 0.0192253
0.69 0.019109
0.7 0.0189985
0.71 0.0188933
0.72 0.0187929
0.73 0.0186971
0.74 0.0186056
0.75 0.018518
0.76 0.018434
0.77 0.0183536
0.78 0.0182764
0.79 0.0182022
0.8 0.0181309
0.81 0.0180623
0.82 0.0179963
0.83 0.0179327
0.84 0.0178715
0.85 0.0178125
0.86 0.0177556
0.87 0.0177008
0.88 0.0176479
0.89 0.0175971
0.9 0.0175482
0.91 0.0175012
0.92 0.0174562
0.93 0.0174132
0.94 0.0173721
0.95 0.0173333
0.96 0.0172966
0.97 0.0172624
0.98 0.0172309
0.99 0.0172023
1 0.017177
1.01 0.0171555
1.02 0.0171385
1.03 0.0171267
1.04 0.0171211
1.05 0.0171232
1.06 0.0171346
1.07 0.0171578
1.08 0.0171957
1.09 0.0172526
1.1 0.0173342
1.11 0.0174487
1.12 0.0176075
1.13 0.0178274
1.14 0.0181334
1.15 0.0185643
1.16 0.0191821
1.17 0.0200905
1.18 0.0214728
1.19 0.0236745
1.2 0.0274053
1.21 0.0342921
1.22 0.0486593
1.23 0.0844833
1.24 0.195626
1.25 0.423593
1.26 0.251692
1.27 0.115454
1.28 0.0683261
1.29 0.0485239
1.3 0.0385171
1.31 0.0327643
1.32 0.0291409
1.33 0.0266998
1.34 0.0249688
1.35 0.0236908
1.36 0.0227161
1.37 0.0219526
1.38 0.021341
1.39 0.0208418
1.4 0.0204275
1.41 0.0200789
1.42 0.019782
1.43 0.0195261
1.44 0.0193036
1.45 0.0191084
1.46 0.0189358
1.47 0.0187822
1.48 0.0186444
1.49 0.0185203
1.5 0.0184078
1.51 0.0183053
1.52 0.0182116
1.53 0.0181255
1.54 0.0180461
1.55 0.0179726
1.56 0.0179044
1.57 0.0178409
1.58 0.0177815
1.59 0.017726
1.6 0.0176738
1.61 0.0176247
1.62 0.0175784
1.63 0.0175346
1.64 0.0174931
1.65 0.0174538
1.66 0.0174164
1.67 0.0173808
1.68 0.0173469
1.69 0.0173145
1.7 0.0172836
1.71 0.0172539
1.72 0.0172255
1.73 0.0171983
1.74 0.0171721
1.75 0.017147
1.76 0.0171228
1.77 0.0170994
1.78 0.017077
1.79 0.0170553
1.8 0.0170344
1.81 0.0170142
1.82 0.0169947
1.83 0.0169759
1.84 0.0169577
1.85 0.0169401
1.86 0.0169231
1.87 0.0169066
1.88 0.0168908
1.89 0.0168755
1.9 0.0168607
1.91 0.0168465
1.92 0.0168328
1.93 0.0168197
1.94 0.0168072
1.95 0.0167953
1.96 0.016784
1.97 0.0167734
1.98 0.0167635
1.99 0.0167544
2 0.0167463
2.01 0.0167391
2.02 0.016733
2.03 0.0167283
2.04 0.0167251
2.05 0.0167239
2.06 0.0167249
2.07 0.0167286
2.08 0.0167359
2.09 0.0167475
2.1 0.0167648
2.11 0.0167896
2.12 0.0168243
2.13 0.0168725
2.14 0.0169397
2.15 0.017034
2.16 0.0171687
2.17 0.0173658
2.18 0.0176638
2.19 0.0181351
2.2 0.0189278
2.21 0.02038
2.22 0.0233863
2.23 0.0308244
2.24 0.0536957
2.25 0.099464
2.26 0.0634762
2.27 0.0360143
2.28 0.0265955
2.29 0.0226597
2.3 0.0206802
2.31 0.0195468
2.32 0.0188352
2.33 0.0183571
2.34 0.0180187
2.35 0.0177692
2.36 0.0175789
2.37 0.0174298
2.38 0.0173102
2.39 0.0172124
2.4 0.017131
2.41 0.0170623
2.42 0.0170035
2.43 0.0169527
2.44 0.0169082
2.45 0.016869
2.46 0.0168341
2.47 0.0168028
2.48 0.0167746
2.49 0.0167489
2.5 0.0167255
2.51 0.016704
2.52 0.0166842
2.53 0.0166658
2.54 0.0166487
2.55 0.0166327
2.56 0.0166178
2.57 0.0166037
2.58 0.0165904
2.59 0.0165779
2.6 0.016566
2.61 0.0165547
2.62 0.016544
2.63 0.0165337
2.64 0.016524
2.65 0.0165146
2.66 0.0165056
2.67 0.0164969
2.68 0.0164886
2.69 0.0164806
2.7 0.0164729
2.71 0.0164654
2.72 0.0164582
2.73 0.0164512
2.74 0.0164445
2.75 0.0164379
2.76 0.0164316
2.77 0.0164254
2.78 0.0164194
2.79 0.0164136
2.8 0.0164079
2.81 0.0164024
2.82 0.0163971
2.83 0.0163918
2.84 0.0163867
2.85 0.0163818
2.86 0.016377
2.87 0.0163723
2.88 0.0163677
2.89 0.0163632
2.9 0.0163589
2.91 0.0163547
2.92 0.0163506
2.93 0.0163467
2.94 0.0163428
2.95 0.0163391
2.96 0.0163356
2.97 0.0163322
2.98 0.0163289
2.99 0.0163258
3 0.0163229
3.01 0.0163202
3.02 0.0163178
3.03 0.0163156
3.04 0.0163137
3.05 0.0163122
3.06 0.0163112
3.07 0.0163107
3.08 0.0163109
3.09 0.0163119
3.1 0.0163139
3.11 0.0163174
3.12 0.0163227
3.13 0.0163305
3.14 0.0163418
3.15 0.016358
3.16 0.0163816
3.17 0.0164163
3.18 0.0164692
3.19 0.016553
3.2 0.0166939
3.21 0.0169514
3.22 0.0174827
3.23 0.0187915
3.24 0.0227921
3.25 0.0306555
3.26 0.0242856
3.27 0.0195503
3.28 0.0179354
3.29 0.0172629
3.3 0.0169254
3.31 0.0167323
3.32 0.0166111
3.33 0.0165296
3.34 0.0164717
3.35 0.0164288
3.36 0.0163959
3.37 0.01637
3.38 0.016349
3.39 0.0163316
3.4 0.016317
3.41 0.0163045
3.42 0.0162937
3.43 0.0162842
3.44 0.0162758
3.45 0.0162683
3.46 0.0162614
3.47 0.0162552
3.48 0.0162495
3.49 0.0162442
3.5 0.0162393
3.51 0.0162347
3.52 0.0162304
3.53 0.0162264
3.54 0.0162225
3.55 0.0162189
3.56 0.0162154
3.57 0.0162121
3.58 0.0162089
3.59 0.0162058
3.6 0.0162029
3.61 0.0162001
3.62 0.0161973
3.63 0.0161947
3.64 0.0161921
3.65 0.0161896
3.66 0.0161872
3.67 0.0161848
3.68 0.0161825
3.69 0.0161802
3.7 0.016178
3.71 0.0161759
3.72 0.0161738
3.73 0.0161718
3.74 0.0161697
3.75 0.0161678
3.76 0.0161658
3.77 0.0161639
3.78 0.0161621
3.79 0.0161603
3.8 0.0161585
3.81 0.0161567
3.82 0.016155
3.83 0.0161533
3.84 0.0161516
3.85 0.0161499
3.86 0.0161483
3.87 0.0161467
3.88 0.0161452
3.89 0.0161436
3.9 0.0161421
3.91 0.0161406
3.92 0.0161391
3.93 0.0161377
3.94 0.0161363
3.95 0.0161349
3.96 0.0161336
3.97 0.0161322
3.98 0.0161309
3.99 0.0161297
4 0.0161284
4.01 0.0161272
4.02 0.0161261
4.03 0.016125
4.04 0.0161239
4.05 0.016123
4.06 0.0161221
4.07 0.0161212
4.08 0.0161205
4.09 0.0161199
4.1 0.0161195
4.11 0.0161193
4.12 0.0161194
4.13 0.0161199
4.14 0.0161209
4.15 0.0161226
4.16 0.0161255
4.17 0.01613
4.18 0.0161373
4.19 0.0161491
4.2 0.0161695
4.21 0.0162072
4.22 0.0162856
4.23 0.0164791
4.24 0.0170704
4.25 0.0182215
4.26 0.0172733
4.27 0.0165784
4.28 0.0163415
4.29 0.0162427
4.3 0.0161929
4.31 0.0161641
4.32 0.0161459
4.33 0.0161334
4.34 0.0161244
4.35 0.0161175
4.36 0.0161122
4.37 0.0161078
4.38 0.0161041
4.39 0.016101
4.4 0.0160983
4.41 0.0160959
4.42 0.0160937
4.43 0.0160918
4.44 0.01609
4.45 0.0160883
4.46 0.0160867
4.47 0.0160853
4.48 0.0160839
4.49 0.0160825
4.5 0.0160812
4.51 0.01608
4.52 0.0160788
4.53 0.0160777
4.54 0.0160766
4.55 0.0160755
4.56 0.0160745
4.57 0.0160734
4.58 0.0160724
4.59 0.0160715
4.6 0.0160705
4.61 0.0160696
4.62 0.0160686
4.63 0.0160677
4.64 0.0160668
4.65 0.0160659
4.66 0.0160651
4.67 0.0160642
4.68 0.0160634
4.69 0.0160626
4.7 0.0160617
4.71 0.0160609
4.72 0.0160601
4.73 0.0160593
4.74 0.0160586
4.75 0.0160578
4.76 0.016057
4.77 0.0160563
4.78 0.0160555
4.79 0.0160548
4.8 0.0160541
4.81 0.0160533
4.82 0.0160526
4.83 0.0160519
4.84 0.0160512
4.85 0.0160505
4.86 0.0160498
4.87 0.0160492
4.88 0.0160485
4.89 0.0160478
4.9 0.0160472
4.91 0.0160465
4.92 0.0160458
4.93 0.0160452
4.94 0.0160446
4.95 0.0160439
4.96 0.0160433
4.97 0.0160427
4.98 0.0160421
4.99 0.0160415
5 0.0160409
