0 1
0.2 1
0.4 1
0.6 1
0.8 1
1 1
1.2 1
1.4 1
1.6 1
1.8 1
2 1
2.2 1
2.4 1
2.6 1
2.8 1
3 1
3.2 1
3.4 1
3.6 1
3.8 1
4 1
4.2 1
4.4 1
4.6 1
4.8 1
5 1
5.2 1
5.4 1
5.6 1
5.8 1
6 1
6.2 1
6.4 1
6.6 1
6.8 1
7 1
7.2 1
7.4 1
7.6 1
7.8 1
8 1
8.2 1
8.4 1
8.6 1
8.8 1
9 1
9.2 1
9.4 1
9.6 1
9.8 1
10 1
10.2 1
10.4 1
10.6 1
10.8 1
11 1
11.2 1
11.4 1
11.6 1
11.8 1
12 1
12.2 1
12.4 1
12.6 1
12.8 1
13 1
13.2 1
13.4 1
13.6 1
13.8 1
14 1
14.2 1
14.4 1
14.6 1
14.8 1
15 1
15.2 1
15.4 1
15.6 1
15.8 1
16 1
16.2 1
16.4 1
16.6 1
16.8 1
17 1
17.2 1
17.4 1
17.6 1
17.8 1
18 1
18.2 1
18.4 1
18.6 1
18.8 1
19 1
19.2 1
19.4 1
19.6 1
19.8 1
20 1
20.2 1
20.4 1
20.6 1
20.8 1
21 1
21.2 1
21.4 1
21.6 1
21.8 1
22 1
22.2 1
22.4 1
22.6 1
22.8 1
23 1
23.2 1
23.4 1
23.6 1
23.8 1
24 1
24.2 1
24.4 1
24.6 1
24.8 1
25 1
25.2 1
25.4 1
25.6 1
25.8 1
26 1
26.2 1
26.4 1
26.6 1
26.8 1
27 1
27.2 1
27.4 1
27.6 1
27.8 1
28 1
28.2 1
28.4 1
28.6 1
28.8 1
29 1
29.2 1
29.4 1
29.6 1
29.8 1
30 1
30.2 1
30.4 1
30.6 1
30.8 1
31 1
31.2 1
31.4 1
31.6 1
31.8 1
32 1
32.2 1
32.4 1
32.6 1
32.8 1
33 1
33.2 1
33.4 1
33.6 1
33.8 1
34 1
34.2 1
34.4 1
34.6 1
34.8 1
35 1
35.2 1
35.4 1
35.6 1
35.8 1
36 1
36.2 1
36.4 1
36.6 1
36.8 1
37 1
37.2 1
37.4 1
37.6 1
37.8 1
38 1
38.2 1
38.4 1
38.6 1
38.8 1
39 1
39.2 1
39.4 1
39.6 1
39.8 1
40 1
40.2 1
40.4 1
40.6 1
40.8 1
41 1
41.2 1
41.4 1
41.6 1
41.8 1
42 1
42.2 1
42.4 1
42.6 1
42.8 1
43 1
43.2 1
43.4 1
43.6 1
43.8 1
44 1
44.2 1
44.4 1
44.6 1
44.8 1
45 1
45.2 1
45.4 1
45.6 1
45.8 1
46 1
46.2 1
46.4 1
46.6 1
46.8 1
47 1
47.2 1
47.4 1
47.6 1
47.8 1
48 1
48.2 1
48.4 1
48.6 1
48.8 1
49 1
49.2 1
49.4 1
49.6 1
49.8 1
50 1
50.2 1
50.4 1
50.6 1
50.8 1
51 1
51.2 1
51.4 1
51.6 1
51.8 1
52 1
52.2 1
52.4 1
52.6 1
52.8 1
53 1
53.2 1
53.4 1
53.6 1
53.8 1
54 1
54.2 1
54.4 1
54.6 1
54.8 1
55 1
55.2 1
55.4 1
55.6 1
55.8 1
56 1
56.2 1
56.4 1
56.6 1
56.8 1
57 1
57.2 1
57.4 1
57.6 1
57.8 1
58 1
58.2 1
58.4 1
58.6 1
58.8 1
59 1
59.2 1
59.4 1
59.6 1
59.8 1
60 1
60.2 1
60.4 1
60.6 1
60.8 1
61 1
61.2 1
61.4 1
61.6 1
61.8 1
62 1
62.2 1
62.4 1
62.6 1
62.8 1
63 1
63.2 1
63.4 1
63.6 1
63.8 1
64 1
64.2 1
64.4 1
64.6 1
64.8 1
65 1
65.2 1
65.4 1
65.6 1
65.8 1
66 1
66.2 1
66.4 1
66.6 1
66.8 1
67 1
67.2 1
67.4 1
67.6 1
67.8 1
68 1
68.2 1
68.4 1
68.6 1
68.8 1
69 1
69.2 1
69.4 1
69.6 1
69.8 1
70 1
70.2 1
70.4 1
70.6 1
70.8 1
71 1
71.2 1
71.4 1
71.6 1
71.8 1
72 1
72.2 1
72.4 1
72.6 1
72.8 1
73 1
73.2 1
73.4 1
73.6 1
73.8 1
74 1
74.2 1
74.4 1
74.6 1
74.8 1
75 1
75.2 1
75.4 1
75.6 1
75.8 1
76 1
76.2 1
76.4 1
76.6 1
76.8 1
77 1
77.2 1
77.4 1
77.6 1
77.8 1
78 1
78.2 1
78.4 1
78.6 1
78.8 1
79 1
79.2 1
79.4 1
79.6 1
79.8 1
80 1
80.2 1
80.4 1
80.6 1
80.8 1
81 1
81.2 1
81.4 1
81.6 1
81.8 1
82 1
82.2 1
82.4 1
82.6 1
82.8 1
83 1
83.2 1
83.4 1
83.6 1
83.8 1
84 1
84.2 1
84.4 1
84.6 1
84.8 1
85 1
85.2 1
85.4 1
85.6 1
85.8 1
86 1
86.2 1
86.4 1
86.6 1
86.8 1
87 1
87.2 1
87.4 1
87.6 1
87.8 1
88 1
88.2 1
88.4 1
88.6 1
88.8 1
89 1
89.2 1
89.4 1
89.6 1
89.8 1
90 1
90.2 1
90.4 1
90.6 1
90.8 1
91 1
91.2 1
91.4 1
91.6 1
91.8 1
92 1
92.2 1
92.4 1
92.6 1
92.8 1
93 1
93.2 1
93.4 1
93.6 1
93.8 1
94 1
94.2 1
94.4 1
94.6 1
94.8 1
95 1
95.2 1
95.4 1
95.6 1
95.8 1
96 1
96.2 1
96.4 1
96.6 1
96.8 1
97 1
97.2 1
97.4 1
97.6 1
97.8 1
98 1
98.2 1
98.4 1
98.6 1
98.8 1
99 1
99.2 1
99.4 1
99.6 1
99.8 1
100 1
100.2 1
100.4 1
100.6 1
100.8 1
101 1
101.2 1
101.4 1
101.6 1
101.8 1
102 1
102.2 1
102.4 1
102.6 1
102.8 1
103 1
103.2 1
103.4 1
103.6 1
103.8 1
104 1
104.2 1
104.4 1
104.6 1
104.8 1
105 1
105.2 1
105.4 1
105.6 1
105.8 1
106 1
106.2 1
106.4 1
106.6 1
106.8 1
107 1
107.2 1
107.4 1
107.6 1
107.8 1
108 1
108.2 1
108.4 1
108.6 1
108.8 1
109 1
109.2 1
109.4 1
109.6 1
109.8 1
110 1
110.2 1
110.4 1
110.6 1
110.8 1
111 1
111.2 1
111.4 1
111.6 1
111.8 1
112 1
112.2 1
112.4 1
112.6 1
112.8 1
113 1
113.2 1
113.4 1
113.6 1
113.8 1
114 1
114.2 1
114.4 1
114.6 1
114.8 1
115 1
115.2 1
115.4 1
115.6 1
115.8 1
116 1
116.2 1
116.4 1
116.6 1
116.8 1
117 1
117.2 1
117.4 1
117.6 1
117.8 1
118 1
118.2 1
118.4 1
118.6 1
118.8 1
119 1
119.2 1
119.4 1
119.6 1
119.8 1
120 1
120.2 1
120.4 1
120.6 1
120.8 1
121 1
121.2 1
121.4 1
121.6 1
121.8 1
122 1
122.2 1
122.4 1
122.6 1
122.8 1
123 1
123.2 1
123.4 1
123.6 1
123.8 1
124 1
124.2 1
124.4 1
124.6 1
124.8 1
125 1
125.2 1
125.4 1
125.6 1
125.8 1
126 1
126.2 1
126.4 1
126.6 1
126.8 1
127 1
127.2 1
127.4 1
127.6 1
127.8 1
128 1
128.2 1
128.4 1
128.6 1
128.8 1
129 1
129.2 1
129.4 1
129.6 1
129.8 1
130 1
130.2 1
130.4 1
130.6 1
130.8 1
131 1
131.2 1
131.4 1
131.6 1
131.8 1
132 1
132.2 1
132.4 1
132.6 1
132.8 1
133 1
133.2 1
133.4 1
133.6 1
133.8 1
134 1
134.2 1
134.4 1
134.6 1
134.8 1
135 1
135.2 1
135.4 1
135.6 1
135.8 1
136 1
136.2 1
136.4 1
136.6 1
136.8 1
137 1
137.2 1
137.4 1
137.6 1
137.8 1
138 1
138.2 1
138.4 1
138.6 1
138.8 1
139 1
139.2 1
139.4 1
139.6 1
139.8 1
140 1
140.2 1
140.4 1
140.6 1
140.8 1
141 1
141.2 1
141.4 1
141.6 1
141.8 1
142 1
142.2 1
142.4 1
142.6 1
142.8 1
143 1
143.2 1
143.4 1
143.6 1
143.8 1
144 1
144.2 1
144.4 1
144.6 1
144.8 1
145 1
145.2 1
145.4 1
145.6 1
145.8 1
146 1
146.2 1
146.4 1
146.6 1
146.8 1
147 1
147.2 1
147.4 1
147.6 1
147.8 1
148 1
148.2 1
148.4 1
148.6 1
148.8 1
149 1
149.2 1
149.4 1
149.6 1
149.8 1
150 1
150.2 1
150.4 1
150.6 1
150.8 1
151 1
151.2 1
151.4 1
151.6 1
151.8 1
152 1
152.2 1
152.4 1
152.6 1
152.8 1
153 1
153.2 1
153.4 1
153.6 1
153.8 1
154 1
154.2 1
154.4 1
154.6 1
154.8 1
155 1
155.2 1
155.4 1
155.6 1
155.8 1
156 1
156.2 1
156.4 1
156.6 1
156.8 1
157 1
157.2 1
157.4 1
157.6 1
157.8 1
158 1
158.2 1
158.4 1
158.6 1
158.8 1
159 1
159.2 1
159.4 1
159.6 1
159.8 1
160 1
160.2 1
160.4 1
160.6 1
160.8 1
161 1
161.2 1
161.4 1
161.6 1
161.8 1
162 1
162.2 1
162.4 1
162.6 1
162.8 1
163 1
163.2 1
163.4 1
163.6 1
163.8 1
164 1
164.2 1
164.4 1
164.6 1
164.8 1
165 1
165.2 1
165.4 1
165.6 1
165.8 1
166 1
166.2 1
166.4 1
166.6 1
166.8 1
167 1
167.2 1
167.4 1
167.6 1
167.8 1
168 1
168.2 1
168.4 1
168.6 1
168.8 1
169 1
169.2 1
169.4 1
169.6 1
169.8 1
170 1
170.2 1
170.4 1
170.6 1
170.8 1
171 1
171.2 1
171.4 1
171.6 1
171.8 1
172 1
172.2 1
172.4 1
172.6 1
172.8 1
173 1
173.2 1
173.4 1
173.6 1
173.8 1
174 1
174.2 1
174.4 1
174.6 1
174.8 1
175 1
175.2 1
175.4 1
175.6 1
175.8 1
176 1
176.2 1
176.4 1
176.6 1
176.8 1
177 1
177.2 1
177.4 1
177.6 1
177.8 1
178 1
178.2 1
178.4 1
178.6 1
178.8 1
179 1
179.2 1
179.4 1
179.6 1
179.8 1
180 1
180.2 1
180.4 1
180.6 1
180.8 1
181 1
181.2 1
181.4 1
181.6 1
181.8 1
182 1
182.2 1
182.4 1
182.6 1
182.8 1
183 1
183.2 1
183.4 1
183.6 1
183.8 1
184 1
184.2 1
184.4 1
184.6 1
184.8 1
185 1
185.2 1
185.4 1
185.6 1
185.8 1
186 1
186.2 1
186.4 1
186.6 1
186.8 1
187 1
187.2 1
187.4 1
187.6 1
187.8 1
188 1
188.2 1
188.4 1
188.6 1
188.8 1
189 1
189.2 1
189.4 1
189.6 1
189.8 1
190 1
190.2 1
190.4 1
190.6 1
190.8 1
191 1
191.2 1
191.4 1
191.6 1
191.8 1
192 1
192.2 1
192.4 1
192.6 1
192.8 1
193 1
193.2 1
193.4 1
193.6 1
193.8 1
194 1
194.2 1
194.4 1
194.6 1
194.8 1
195 1
195.2 1
195.4 1
195.6 1
195.8 1
196 1
196.2 1
196.4 1
196.6 1
196.8 1
197 1
197.2 1
197.4 1
197.6 1
197.8 1
198 1
198.2 1
198.4 1
198.6 1
198.8 1
199 1
199.2 1
199.4 1
199.6 1
199.8 1
200 1
200.2 1
200.4 1
200.6 1
200.8 1
201 1
201.2 1
201.4 1
201.6 1
201.8 1
202 1
202.2 1
202.4 1
202.6 1
202.8 1
203 1
203.2 1
203.4 1
203.6 1
203.8 1
204 1
204.2 1
204.4 1
204.6 1
204.8 1
205 1
205.2 1
205.4 1
205.6 1
205.8 1
206 1
206.2 1
206.4 1
206.6 1
206.8 1
207 1
207.2 1
207.4 1
207.6 1
207.8 1
208 1
208.2 1
208.4 1
208.6 1
208.8 1
209 1
209.2 1
209.4 1
209.6 1
209.8 1
210 1
210.2 1
210.4 1
210.6 1
210.8 1
211 1
211.2 1
211.4 1
211.6 1
211.8 1
212 1
212.2 1
212.4 1
212.6 1
212.8 1
213 1
213.2 1
213.4 1
213.6 1
213.8 1
214 1
214.2 1
214.4 1
214.6 1
214.8 1
215 1
215.2 1
215.4 1
215.6 1
215.8 1
216 1
216.2 1
216.4 1
216.6 1
216.8 1
217 1
217.2 1
217.4 1
217.6 1
217.8 1
218 1
218.2 1
218.4 1
218.6 1
218.8 1
219 1
219.2 1
219.4 1
219.6 1
219.8 1
220 1
220.2 1
220.4 1
220.6 1
220.8 1
221 1
221.2 1
221.4 1
221.6 1
221.8 1
222 1
222.2 1
222.4 1
222.6 1
222.8 1
223 1
223.2 1
223.4 1
223.6 1
223.8 1
224 1
224.2 1
224.4 1
224.6 1
224.8 1
225 1
225.2 1
225.4 1
225.6 1
225.8 1
226 1
226.2 1
226.4 1
226.6 1
226.8 1
227 1
227.2 1
227.4 1
227.6 1
227.8 1
228 1
228.2 1
228.4 1
228.6 1
228.8 1
229 1
229.2 1
229.4 1
229.6 1
229.8 1
230 1
230.2 1
230.4 1
230.6 1
230.8 1
231 1
231.2 1
231.4 1
231.6 1
231.8 1
232 1
232.2 1
232.4 1
232.6 1
232.8 1
233 1
233.2 1
233.4 1
233.6 1
233.8 1
234 1
234.2 1
234.4 1
234.6 1
234.8 1
235 1
235.2 1
235.4 1
235.6 1
235.8 1
236 1
236.2 1
236.4 1
236.6 1
236.8 1
237 1
237.2 1
237.4 1
237.6 1
237.8 1
238 1
238.2 1
238.4 1
238.6 1
238.8 1
239 1
239.2 1
239.4 1
239.6 1
239.8 1
240 1
240.2 1
240.4 1
240.6 1
240.8 1
241 1
241.2 1
241.4 1
241.6 1
241.8 1
242 1
242.2 1
242.4 1
242.6 1
242.8 1
243 1
243.2 1
243.4 1
243.6 1
243.8 1
244 1
244.2 1
244.4 1
244.6 1
244.8 1
245 1
245.2 1
245.4 1
245.6 1
245.8 1
246 1
246.2 1
246.4 1
246.6 1
246.8 1
247 1
247.2 1
247.4 1
247.6 1
247.8 1
248 1
248.2 1
248.4 1
248.6 1
248.8 1
249 1
249.2 1
249.4 1
249.6 1
249.8 1
250 1
250.2 1
250.4 1
250.6 1
250.8 1
251 1
251.2 1
251.4 1
251.6 1
251.8 1
252 1
252.2 1
252.4 1
252.6 1
252.8 1
253 1
253.2 1
253.4 1
253.6 1
253.8 1
254 1
254.2 1
254.4 1
254.6 1
254.8 1
255 1
255.2 1
255.4 1
255.6 1
255.8 1
256 1
256.2 1
256.4 1
256.6 1
256.8 1
257 1
257.2 1
257.4 1
257.6 1
257.8 1
258 1
258.2 1
258.4 1
258.6 1
258.8 1
259 1
259.2 1
259.4 1
259.6 1
259.8 1
260 1
260.2 1
260.4 1
260.6 1
260.8 1
261 1
261.2 1
261.4 1
261.6 1
261.8 1
262 1
262.2 1
262.4 1
262.6 1
262.8 1
263 1
263.2 1
263.4 1
263.6 1
263.8 1
264 1
264.2 1
264.4 1
264.6 1
264.8 1
265 1
265.2 1
265.4 1
265.6 1
265.8 1
266 1
266.2 1
266.4 1
266.6 1
266.8 1
267 1
267.2 1
267.4 1
267.6 1
267.8 1
268 1
268.2 1
268.4 1
268.6 1
268.8 1
269 1
269.2 1
269.4 1
269.6 1
269.8 1
270 1
270.2 1
270.4 1
270.6 1
270.8 1
271 1
271.2 1
271.4 1
271.6 1
271.8 1
272 1
272.2 1
272.4 1
272.6 1
272.8 1
273 1
273.2 1
273.4 1
273.6 1
273.8 1
274 1
274.2 1
274.4 1
274.6 1
274.8 1
275 1
275.2 1
275.4 1
275.6 1
275.8 1
276 1
276.2 1
276.4 1
276.6 1
276.8 1
277 1
277.2 1
277.4 1
277.6 1
277.8 1
278 1
278.2 1
278.4 1
278.6 1
278.8 1
279 1
279.2 1
279.4 1
279.6 1
279.8 1
280 1
280.2 1
280.4 1
280.6 1
280.8 1
281 1
281.2 1
281.4 1
281.6 1
281.8 1
282 1
282.2 1
282.4 1
282.6 1
282.8 1
283 1
283.2 1
283.4 1
283.6 1
283.8 1
284 1
284.2 1
284.4 1
284.6 1
284.8 1
285 1
285.2 1
285.4 1
285.6 1
285.8 1
286 1
286.2 1
286.4 1
286.6 1
286.8 1
287 1
287.2 1
287.4 1
287.6 1
287.8 1
288 1
288.2 1
288.4 1
288.6 1
288.8 1
289 1
289.2 1
289.4 1
289.6 1
289.8 1
290 1
290.2 1
290.4 1
290.6 1
290.8 1
291 1
291.2 1
291.4 1
291.6 1
291.8 1
292 1
292.2 1
292.4 1
292.6 1
292.8 1
293 1
293.2 1
293.4 1
293.6 1
293.8 1
294 1
294.2 1
294.4 1
294.6 1
294.8 1
295 1
295.2 1
295.4 1
295.6 1
295.8 1
296 1
296.2 1
296.4 1
296.6 1
296.8 1
297 1
297.2 1
297.4 1
297.6 1
297.8 1
298 1
298.2 1
298.4 1
298.6 1
298.8 1
299 1
299.2 1
299.4 1
299.6 1
299.8 1
300 1
300.2 1
300.4 1
300.6 1
300.8 1
301 1
301.2 1
301.4 1
301.6 1
301.8 1
302 1
302.2 1
302.4 1
302.6 1
302.8 1
303 1
303.2 1
303.4 1
303.6 1
303.8 1
304 1
304.2 1
304.4 1
304.6 1
304.8 1
305 1
305.2 1
305.4 1
305.6 1
305.8 1
306 1
306.2 1
306.4 1
306.6 1
306.8 1
307 1
307.2 1
307.4 1
307.6 1
307.8 1
308 1
308.2 1
308.4 1
308.6 1
308.8 1
309 1
309.2 1
309.4 1
309.6 1
309.8 1
310 1
310.2 1
310.4 1
310.6 1
310.8 1
311 1
311.2 1
311.4 1
311.6 1
311.8 1
312 1
312.2 1
312.4 1
312.6 1
312.8 1
313 1
313.2 1
313.4 1
313.6 1
313.8 1
314 1
314.2 1
314.4 1
314.6 1
314.8 1
315 1
315.2 1
315.4 1
315.6 1
315.8 1
316 1
316.2 1
316.4 1
316.6 1
316.8 1
317 1
317.2 1
317.4 1
317.6 1
317.8 1
318 1
318.2 1
318.4 1
318.6 1
318.8 1
319 1
319.2 1
319.4 1
319.6 1
319.8 1
320 1
320.2 1
320.4 1
320.6 1
320.8 1
321 1
321.2 1
321.4 1
321.6 1
321.8 1
322 1
322.2 1
322.4 1
322.6 1
322.8 1
323 1
323.2 1
323.4 1
323.6 1
323.8 1
324 1
324.2 1
324.4 1
324.6 1
324.8 1
325 1
325.2 1
325.4 1
325.6 1
325.8 1
326 1
326.2 1
326.4 1
326.6 1
326.8 1
327 1
327.2 1
327.4 1
327.6 1
327.8 1
328 1
328.2 1
328.4 1
328.6 1
328.8 1
329 1
329.2 1
329.4 1
329.6 1
329.8 1
330 1
330.2 1
330.4 1
330.6 1
330.8 1
331 1
331.2 1
331.4 1
331.6 1
331.8 1
332 1
332.2 1
332.4 1
332.6 1
332.8 1
333 1
333.2 1
333.4 1
333.6 1
333.8 1
334 1
334.2 1
334.4 1
334.6 1
334.8 1
335 1
335.2 1
335.4 1
335.6 1
335.8 1
336 1
336.2 1
336.4 1
336.6 1
336.8 1
337 1
337.2 1
337.4 1
337.6 1
337.8 1
338 1
338.2 1
338.4 1
338.6 1
338.8 1
339 1
339.2 1
339.4 1
339.6 1
339.8 1
340 1
340.2 1
340.4 1
340.6 1
340.8 1
341 1
341.2 1
341.4 1
341.6 1
341.8 1
342 1
342.2 1
342.4 1
342.6 1
342.8 1
343 1
343.2 1
343.4 1
343.6 1
343.8 1
344 1
344.2 1
344.4 1
344.6 1
344.8 1
345 1
345.2 1
345.4 1
345.6 1
345.8 1
346 1
346.2 1
346.4 1
346.6 1
346.8 1
347 1
347.2 1
347.4 1
347.6 1
347.8 1
348 1
348.2 1
348.4 1
348.6 1
348.8 1
349 1
349.2 1
349.4 1
349.6 1
349.8 1
350 1
350.2 1
350.4 1
350.6 1
350.8 1
351 1
351.2 1
351.4 1
351.6 1
351.8 1
352 1
352.2 1
352.4 1
352.6 1
352.8 1
353 1
353.2 1
353.4 1
353.6 1
353.8 1
354 1
354.2 1
354.4 1
354.6 1
354.8 1
355 1
355.2 1
355.4 1
355.6 1
355.8 1
356 1
356.2 1
356.4 1
356.6 1
356.8 1
357 1
357.2 1
357.4 1
357.6 1
357.8 1
358 1
358.2 1
358.4 1
358.6 1
358.8 1
359 1
359.2 1
359.4 1
359.6 1
359.8 1
360 1
360.2 1
360.4 1
360.6 1
360.8 1
361 1
361.2 1
361.4 1
361.6 1
361.8 1
362 1
362.2 1
362.4 1
362.6 1
362.8 1
363 1
363.2 1
363.4 1
363.6 1
363.8 1
364 1
364.2 1
364.4 1
364.6 1
364.8 1
365 1
365.2 1
365.4 1
365.6 1
365.8 1
366 1
366.2 1
366.4 1
366.6 1
366.8 1
367 1
367.2 1
367.4 1
367.6 1
367.8 1
368 1
368.2 1
368.4 1
368.6 1
368.8 1
369 1
369.2 1
369.4 1
369.6 1
369.8 1
370 1
370.2 1
370.4 1
370.6 1
370.8 1
371 1
371.2 1
371.4 1
371.6 1
371.8 1
372 1
372.2 1
372.4 1
372.6 1
372.8 1
373 1
373.2 1
373.4 1
373.6 1
373.8 1
374 1
374.2 1
374.4 1
374.6 1
374.8 1
375 1
375.2 1
375.4 1
375.6 1
375.8 1
376 1
376.2 1
376.4 1
376.6 1
376.8 1
377 1
377.2 1
377.4 1
377.6 1
377.8 1
378 1
378.2 1
378.4 1
378.6 1
378.8 1
379 1
379.2 1
379.4 1
379.6 1
379.8 1
380 1
380.2 1
380.4 1
380.6 1
380.8 1
381 1
381.2 1
381.4 1
381.6 1
381.8 1
382 1
382.2 1
382.4 1
382.6 1
382.8 1
383 1
383.2 1
383.4 1
383.6 1
383.8 1
384 1
384.2 1
384.4 1
384.6 1
384.8 1
385 1
385.2 1
385.4 1
385.6 1
385.8 1
386 1
386.2 1
386.4 1
386.6 1
386.8 1
387 1
387.2 1
387.4 1
387.6 1
387.8 1
388 1
388.2 1
388.4 1
388.6 1
388.8 1
389 1
389.2 1
389.4 1
389.6 1
389.8 1
390 1
390.2 1
390.4 1
390.6 1
390.8 1
391 1
391.2 1
391.4 1
391.6 1
391.8 1
392 1
392.2 1
392.4 1
392.6 1
392.8 1
393 1
393.2 1
393.4 1
393.6 1
393.8 1
394 1
394.2 1
394.4 1
394.6 1
394.8 1
395 1
395.2 1
395.4 1
395.6 1
395.8 1
396 1
396.2 1
396.4 1
396.6 1
396.8 1
397 1
397.2 1
397.4 1
397.6 1
397.8 1
398 1
398.2 1
398.4 1
398.6 1
398.8 1
399 1
399.2 1
399.4 1
399.6 1
399.8 1
400 1
400.2 1
400.4 1
400.6 1
400.8 1
401 1
401.2 1
401.4 1
401.6 1
401.8 1
402 1
402.2 1
402.4 1
402.6 1
402.8 1
403 1
403.2 1
403.4 1
403.6 1
403.8 1
404 1
404.2 1
404.4 1
404.6 1
404.8 1
405 1
405.2 1
405.4 1
405.6 1
405.8 1
406 1
406.2 1
406.4 1
406.6 1
406.8 1
407 1
407.2 1
407.4 1
407.6 1
407.8 1
408 1
408.2 1
408.4 1
408.6 1
408.8 1
409 1
409.2 1
409.4 1
409.6 1
409.8 1
410 1
410.2 1
410.4 1
410.6 1
410.8 1
411 1
411.2 1
411.4 1
411.6 1
411.8 1
412 1
412.2 1
412.4 1
412.6 1
412.8 1
413 1
413.2 1
413.4 1
413.6 1
413.8 1
414 1
414.2 1
414.4 1
414.6 1
414.8 1
415 1
415.2 1
415.4 1
415.6 1
415.8 1
416 1
416.2 1
416.4 1
416.6 1
416.8 1
417 1
417.2 1
417.4 1
417.6 1
417.8 1
418 1
418.2 1
418.4 1
418.6 1
418.8 1
419 1
419.2 1
419.4 1
419.6 1
419.8 1
420 1
420.2 1
420.4 1
420.6 1
420.8 1
421 1
421.2 1
421.4 1
421.6 1
421.8 1
422 1
422.2 1
422.4 1
422.6 1
422.8 1
423 1
423.2 1
423.4 1
423.6 1
423.8 1
424 1
424.2 1
424.4 1
424.6 1
424.8 1
425 1
425.2 1
425.4 1
425.6 1
425.8 1
426 1
426.2 1
426.4 1
426.6 1
426.8 1
427 1
427.2 1
427.4 1
427.6 1
427.8 1
428 1
428.2 1
428.4 1
428.6 1
428.8 1
429 1
429.2 1
429.4 1
429.6 1
429.8 1
430 1
430.2 1
430.4 1
430.6 1
430.8 1
431 1
431.2 1
431.4 1
431.6 1
431.8 1
432 1
432.2 1
432.4 1
432.6 1
432.8 1
433 1
433.2 1
433.4 1
433.6 1
433.8 1
434 1
434.2 1
434.4 1
434.6 1
434.8 1
435 1
435.2 1
435.4 1
435.6 1
435.8 1
436 1
436.2 1
436.4 1
436.6 1
436.8 1
437 1
437.2 1
437.4 1
437.6 1
437.8 1
438 1
438.2 1
438.4 1
438.6 1
438.8 1
439 1
439.2 1
439.4 1
439.6 1
439.8 1
440 1
440.2 1
440.4 1
440.6 1
440.8 1
441 1
441.2 1
441.4 1
441.6 1
441.8 1
442 1
442.2 1
442.4 1
442.6 1
442.8 1
443 1
443.2 1
443.4 1
443.6 1
443.8 1
444 1
444.2 1
444.4 1
444.6 1
444.8 1
445 1
445.2 1
445.4 1
445.6 1
445.8 1
446 1
446.2 1
446.4 1
446.6 1
446.8 1
447 1
447.2 1
447.4 1
447.6 1
447.8 1
448 1
448.2 1
448.4 1
448.6 1
448.8 1
449 1
449.2 1
449.4 1
449.6 1
449.8 1
450 1
450.2 1
450.4 1
450.6 1
450.8 1
451 1
451.2 1
451.4 1
451.6 1
451.8 1
452 1
452.2 1
452.4 1
452.6 1
452.8 1
453 1
453.2 1
453.4 1
453.6 1
453.8 1
454 1
454.2 1
454.4 1
454.6 1
454.8 1
455 1
455.2 1
455.4 1
455.6 1
455.8 1
456 1
456.2 1
456.4 1
456.6 1
456.8 1
457 1
457.2 1
457.4 1
457.6 1
457.8 1
458 1
458.2 1
458.4 1
458.6 1
458.8 1
459 1
459.2 1
459.4 1
459.6 1
459.8 1
460 1
460.2 1
460.4 1
460.6 1
460.8 1
461 1
461.2 1
461.4 1
461.6 1
461.8 1
462 1
462.2 1
462.4 1
462.6 1
462.8 1
463 1
463.2 1
463.4 1
463.6 1
463.8 1
464 1
464.2 1
464.4 1
464.6 1
464.8 1
465 1
465.2 1
465.4 1
465.6 1
465.8 1
466 1
466.2 1
466.4 1
466.6 1
466.8 1
467 1
467.2 1
467.4 1
467.6 1
467.8 1
468 1
468.2 1
468.4 1
468.6 1
468.8 1
469 1
469.2 1
469.4 1
469.6 1
469.8 1
470 1
470.2 1
470.4 1
470.6 1
470.8 1
471 1
471.2 1
471.4 1
471.6 1
471.8 1
472 1
472.2 1
472.4 1
472.6 1
472.8 1
473 1
473.2 1
473.4 1
473.6 1
473.8 1
474 1
474.2 1
474.4 1
474.6 1
474.8 1
475 1
475.2 1
475.4 1
475.6 1
475.8 1
476 1
476.2 1
476.4 1
476.6 1
476.8 1
477 1
477.2 1
477.4 1
477.6 1
477.8 1
478 1
478.2 1
478.4 1
478.6 1
478.8 1
479 1
479.2 1
479.4 1
479.6 1
479.8 1
480 1
480.2 1
480.4 1
480.6 1
480.8 1
481 1
481.2 1
481.4 1
481.6 1
481.8 1
482 1
482.2 1
482.4 1
482.6 1
482.8 1
483 1
483.2 1
483.4 1
483.6 1
483.8 1
484 1
484.2 1
484.4 1
484.6 1
484.8 1
485 1
485.2 1
485.4 1
485.6 1
485.8 1
486 1
486.2 1
486.4 1
486.6 1
486.8 1
487 1
487.2 1
487.4 1
487.6 1
487.8 1
488 1
488.2 1
488.4 1
488.6 1
488.8 1
489 1
489.2 1
489.4 1
489.6 1
489.8 1
490 1
490.2 1
490.4 1
490.6 1
490.8 1
491 1
491.2 1
491.4 1
491.6 1
491.8 1
492 1
492.2 1
492.4 1
492.6 1
492.8 1
493 1
493.2 1
493.4 1
493.6 1
493.8 1
494 1
494.2 1
494.4 1
494.6 1
494.8 1
495 1
495.2 1
495.4 1
495.6 1
495.8 1
496 1
496.2 1
496.4 1
496.6 1
496.8 1
497 1
497.2 1
497.4 1
497.6 1
497.8 1
498 1
498.2 1
498.4 1
498.6 1
498.8 1
499 1
499.2 1
499.4 1
499.6 1
499.8 1
500 1
500.2 1
500.4 1
500.6 1
500.8 1
501 1
501.2 1
501.4 1
501.6 1
501.8 1
502 1
502.2 1
502.4 1
502.6 1
502.8 1
503 1
503.2 1
503.4 1
503.6 1
503.8 1
504 1
504.2 1
504.4 1
504.6 1
504.8 1
505 1
505.2 1
505.4 1
505.6 1
505.8 1
506 1
506.2 1
506.4 1
506.6 1
506.8 1
507 1
507.2 1
507.4 1
507.6 1
507.8 1
508 1
508.2 1
508.4 1
508.6 1
508.8 1
509 1
509.2 1
509.4 1
509.6 1
509.8 1
510 1
510.2 1
510.4 1
510.6 1
510.8 1
511 1
511.2 1
511.4 1
511.6 1
511.8 1
512 1
512.2 1
512.4 1
512.6 1
512.8 1
513 1
513.2 1
513.4 1
513.6 1
513.8 1
514 1
514.2 1
514.4 1
514.6 1
514.8 1
515 1
515.2 1
515.4 1
515.6 1
515.8 1
516 1
516.2 1
516.4 1
516.6 1
516.8 1
517 1
517.2 1
517.4 1
517.6 1
517.8 1
518 1
518.2 1
518.4 1
518.6 1
518.8 1
519 1
519.2 1
519.4 1
519.6 1
519.8 1
520 1
520.2 1
520.4 1
520.6 1
520.8 1
521 1
521.2 1
521.4 1
521.6 1
521.8 1
522 1
522.2 1
522.4 1
522.6 1
522.8 1
523 1
523.2 1
523.4 1
523.6 1
523.8 1
524 1
524.2 1
524.4 1
524.6 1
524.8 1
525 1
525.2 1
525.4 1
525.6 1
525.8 1
526 1
526.2 1
526.4 1
526.6 1
526.8 1
527 1
527.2 1
527.4 1
527.6 1
527.8 1
528 1
528.2 1
528.4 1
528.6 1
528.8 1
529 1
529.2 1
529.4 1
529.6 1
529.8 1
530 1
530.2 1
530.4 1
530.6 1
530.8 1
531 1
531.2 1
531.4 1
531.6 1
531.8 1
532 1
532.2 1
532.4 1
532.6 1
532.8 1
533 1
533.2 1
533.4 1
533.6 1
533.8 1
534 1
534.2 1
534.4 1
534.6 1
534.8 1
535 1
535.2 1
535.4 1
535.6 1
535.8 1
536 1
536.2 1
536.4 1
536.6 1
536.8 1
537 1
537.2 1
537.4 1
537.6 1
537.8 1
538 1
538.2 1
538.4 1
538.6 1
538.8 1
539 1
539.2 1
539.4 1
539.6 1
539.8 1
540 1
540.2 1
540.4 1
540.6 1
540.8 1
541 1
541.2 1
541.4 1
541.6 1
541.8 1
542 1
542.2 1
542.4 1
542.6 1
542.8 1
543 1
543.2 1
543.4 1
543.6 1
543.8 1
544 1
544.2 1
544.4 1
544.6 1
544.8 1
545 1
545.2 1
545.4 1
545.6 1
545.8 1
546 1
546.2 1
546.4 1
546.6 1
546.8 1
547 1
547.2 1
547.4 1
547.6 1
547.8 1
548 1
548.2 1
548.4 1
548.6 1
548.8 1
549 1
549.2 1
549.4 1
549.6 1
549.8 1
550 1
550.2 1
550.4 1
550.6 1
550.8 1
551 1
551.2 1
551.4 1
551.6 1
551.8 1
552 1
552.2 1
552.4 1
552.6 1
552.8 1
553 1
553.2 1
553.4 1
553.6 1
553.8 1
554 1
554.2 1
554.4 1
554.6 1
554.8 1
555 1
555.2 1
555.4 1
555.6 1
555.8 1
556 1
556.2 1
556.4 1
556.6 1
556.8 1
557 1
557.2 1
557.4 1
557.6 1
557.8 1
558 1
558.2 1
558.4 1
558.6 1
558.8 1
559 1
559.2 1
559.4 1
559.6 1
559.8 1
560 1
560.2 1
560.4 1
560.6 1
560.8 1
561 1
561.2 1
561.4 1
561.6 1
561.8 1
562 1
562.2 1
562.4 1
562.6 1
562.8 1
563 1
563.2 1
563.4 1
563.6 1
563.8 1
564 1
564.2 1
564.4 1
564.6 1
564.8 1
565 1
565.2 1
565.4 1
565.6 1
565.8 1
566 1
566.2 1
566.4 1
566.6 1
566.8 1
567 1
567.2 1
567.4 1
567.6 1
567.8 1
568 1
568.2 1
568.4 1
568.6 1
568.8 1
569 1
569.2 1
569.4 1
569.6 1
569.8 1
570 1
570.2 1
570.4 1
570.6 1
570.8 1
571 1
571.2 1
571.4 1
571.6 1
571.8 1
572 1
572.2 1
572.4 1
572.6 1
572.8 1
573 1
573.2 1
573.4 1
573.6 1
573.8 1
574 1
574.2 1
574.4 1
574.6 1
574.8 1
575 1
575.2 1
575.4 1
575.6 1
575.8 1
576 1
576.2 1
576.4 1
576.6 1
576.8 1
577 1
577.2 1
577.4 1
577.6 1
577.8 1
578 1
578.2 1
578.4 1
578.6 1
578.8 1
579 1
579.2 1
579.4 1
579.6 1
579.8 1
580 1
580.2 1
580.4 1
580.6 1
580.8 1
581 1
581.2 1
581.4 1
581.6 1
581.8 1
582 1
582.2 1
582.4 1
582.6 1
582.8 1
583 1
583.2 1
583.4 1
583.6 1
583.8 1
584 1
584.2 1
584.4 1
584.6 1
584.8 1
585 1
585.2 1
585.4 1
585.6 1
585.8 1
586 1
586.2 1
586.4 1
586.6 1
586.8 1
587 1
587.2 1
587.4 1
587.6 1
587.8 1
588 1
588.2 1
588.4 1
588.6 1
588.8 1
589 1
589.2 1
589.4 1
589.6 1
589.8 1
590 1
590.2 1
590.4 1
590.6 1
590.8 1
591 1
591.2 1
591.4 1
591.6 1
591.8 1
592 1
592.2 1
592.4 1
592.6 1
592.8 1
593 1
593.2 1
593.4 1
593.6 1
593.8 1
594 1
594.2 1
594.4 1
594.6 1
594.8 1
595 1
595.2 1
595.4 1
595.6 1
595.8 1
596 1
596.2 1
596.4 1
596.6 1
596.8 1
597 1
597.2 1
597.4 1
597.6 1
597.8 1
598 1
598.2 1
598.4 1
598.6 1
598.8 1
599 1
599.2 1
599.4 1
599.6 1
599.8 1
600 1
600.2 1
600.4 1
600.6 1
600.8 1
601 1
601.2 1
601.4 1
601.6 1
601.8 1
602 1
602.2 1
602.4 1
602.6 1
602.8 1
603 1
603.2 1
603.4 1
603.6 1
603.8 1
604 1
604.2 1
604.4 1
604.6 1
604.8 1
605 1
605.2 1
605.4 1
605.6 1
605.8 1
606 1
606.2 1
606.4 1
606.6 1
606.8 1
607 1
607.2 1
607.4 1
607.6 1
607.8 1
608 1
608.2 1
608.4 1
608.6 1
608.8 1
609 1
609.2 1
609.4 1
609.6 1
609.8 1
610 1
610.2 1
610.4 1
610.6 1
610.8 1
611 1
611.2 1
611.4 1
611.6 1
611.8 1
612 1
612.2 1
612.4 1
612.6 1
612.8 1
613 1
613.2 1
613.4 1
613.6 1
613.8 1
614 1
614.2 1
614.4 1
614.6 1
614.8 1
615 1
615.2 1
615.4 1
615.6 1
615.8 1
616 1
616.2 1
616.4 1
616.6 1
616.8 1
617 1
617.2 1
617.4 1
617.6 1
617.8 1
618 1
618.2 1
618.4 1
618.6 1
618.8 1
619 1
619.2 1
619.4 1
619.6 1
619.8 1
620 1
620.2 1
620.4 1
620.6 1
620.8 1
621 1
621.2 1
621.4 1
621.6 1
621.8 1
622 1
622.2 1
622.4 1
622.6 1
622.8 1
623 1
623.2 1
623.4 1
623.6 1
623.8 1
624 1
624.2 1
624.4 1
624.6 1
624.8 1
625 1
625.2 1
625.4 1
625.6 1
625.8 1
626 1
626.2 1
626.4 1
626.6 1
626.8 1
627 1
627.2 1
627.4 1
627.6 1
627.8 1
628 1
628.2 1
628.4 1
628.6 1
628.8 1
629 1
629.2 1
629.4 1
629.6 1
629.8 1
630 1
630.2 1
630.4 1
630.6 1
630.8 1
631 1
631.2 1
631.4 1
631.6 1
631.8 1
632 1
632.2 1
632.4 1
632.6 1
632.8 1
633 1
633.2 1
633.4 1
633.6 1
633.8 1
634 1
634.2 1
634.4 1
634.6 1
634.8 1
635 1
635.2 1
635.4 1
635.6 1
635.8 1
636 1
636.2 1
636.4 1
636.6 1
636.8 1
637 1
637.2 1
637.4 1
637.6 1
637.8 1
638 1
638.2 1
638.4 1
638.6 1
638.8 1
639 1
639.2 1
639.4 1
639.6 1
639.8 1
640 1
640.2 1
640.4 1
640.6 1
640.8 1
641 1
641.2 1
641.4 1
641.6 1
641.8 1
642 1
642.2 1
642.4 1
642.6 1
642.8 1
643 1
643.2 1
643.4 1
643.6 1
643.8 1
644 1
644.2 1
644.4 1
644.6 1
644.8 1
645 1
645.2 1
645.4 1
645.6 1
645.8 1
646 1
646.2 1
646.4 1
646.6 1
646.8 1
647 1
647.2 1
647.4 1
647.6 1
647.8 1
648 1
648.2 1
648.4 1
648.6 1
648.8 1
649 1
649.2 1
649.4 1
649.6 1
649.8 1
650 1
650.2 1
650.4 1
650.6 1
650.8 1
651 1
651.2 1
651.4 1
651.6 1
651.8 1
652 1
652.2 1
652.4 1
652.6 1
652.8 1
653 1
653.2 1
653.4 1
653.6 1
653.8 1
654 1
654.2 1
654.4 1
654.6 1
654.8 1
655 1
655.2 1
655.4 1
655.6 1
655.8 1
656 1
656.2 1
656.4 1
656.6 1
656.8 1
657 1
657.2 1
657.4 1
657.6 1
657.8 1
658 1
658.2 1
658.4 1
658.6 1
658.8 1
659 1
659.2 1
659.4 1
659.6 1
659.8 1
660 1
660.2 1
660.4 1
660.6 1
660.8 1
661 1
661.2 1
661.4 1
661.6 1
661.8 1
662 1
662.2 1
662.4 1
662.6 1
662.8 1
663 1
663.2 1
663.4 1
663.6 1
663.8 1
664 1
664.2 1
664.4 1
664.6 1
664.8 1
665 1
665.2 1
665.4 1
665.6 1
665.8 1
666 1
666.2 1
666.4 1
666.6 1
666.8 1
667 1
667.2 1
667.4 1
667.6 1
667.8 1
668 1
668.2 1
668.4 1
668.6 1
668.8 1
669 1
669.2 1
669.4 1
669.6 1
669.8 1
670 1
670.2 1
670.4 1
670.6 1
670.8 1
671 1
671.2 1
671.4 1
671.6 1
671.8 1
672 1
672.2 1
672.4 1
672.6 1
672.8 1
673 1
673.2 1
673.4 1
673.6 1
673.8 1
674 1
674.2 1
674.4 1
674.6 1
674.8 1
675 1
675.2 1
675.4 1
675.6 1
675.8 1
676 1
676.2 1
676.4 1
676.6 1
676.8 1
677 1
677.2 1
677.4 1
677.6 1
677.8 1
678 1
678.2 1
678.4 1
678.6 1
678.8 1
679 1
679.2 1
679.4 1
679.6 1
679.8 1
680 1
680.2 1
680.4 1
680.6 1
680.8 1
681 1
681.2 1
681.4 1
681.6 1
681.8 1
682 1
682.2 1
682.4 1
682.6 1
682.8 1
683 1
683.2 1
683.4 1
683.6 1
683.8 1
684 1
684.2 1
684.4 1
684.6 1
684.8 1
685 1
685.2 1
685.4 1
685.6 1
685.8 1
686 1
686.2 1
686.4 1
686.6 1
686.8 1
687 1
687.2 1
687.4 1
687.6 1
687.8 1
688 1
688.2 1
688.4 1
688.6 1
688.8 1
689 1
689.2 1
689.4 1
689.6 1
689.8 1
690 1
690.2 1
690.4 1
690.6 1
690.8 1
691 1
691.2 1
691.4 1
691.6 1
691.8 1
692 1
692.2 1
692.4 1
692.6 1
692.8 1
693 1
693.2 1
693.4 1
693.6 1
693.8 1
694 1
694.2 1
694.4 1
694.6 1
694.8 1
695 1
695.2 1
695.4 1
695.6 1
695.8 1
696 1
696.2 1
696.4 1
696.6 1
696.8 1
697 1
697.2 1
697.4 1
697.6 1
697.8 1
698 1
698.2 1
698.4 1
698.6 1
698.8 1
699 1
699.2 1
699.4 1
699.6 1
699.8 1
700 1
700.2 1
700.4 1
700.6 1
700.8 1
701 1
701.2 1
701.4 1
701.6 1
701.8 1
702 1
702.2 1
702.4 1
702.6 1
702.8 1
703 1
703.2 1
703.4 1
703.6 1
703.8 1
704 1
704.2 1
704.4 1
704.6 1
704.8 1
705 1
705.2 1
705.4 1
705.6 1
705.8 1
706 1
706.2 1
706.4 1
706.6 1
706.8 1
707 1
707.2 1
707.4 1
707.6 1
707.8 1
708 1
708.2 1
708.4 1
708.6 1
708.8 1
709 1
709.2 1
709.4 1
709.6 1
709.8 1
710 1
710.2 1
710.4 1
710.6 1
710.8 1
711 1
711.2 1
711.4 1
711.6 1
711.8 1
712 1
712.2 1
712.4 1
712.6 1
712.8 1
713 1
713.2 1
713.4 1
713.6 1
713.8 1
714 1
714.2 1
714.4 1
714.6 1
714.8 1
715 1
715.2 1
715.4 1
715.6 1
715.8 1
716 1
716.2 1
716.4 1
716.6 1
716.8 1
717 1
717.2 1
717.4 1
717.6 1
717.8 1
718 1
718.2 1
718.4 1
718.6 1
718.8 1
719 1
719.2 1
719.4 1
719.6 1
719.8 1
720 1
720.2 1
720.4 1
720.6 1
720.8 1
721 1
721.2 1
721.4 1
721.6 1
721.8 1
722 1
722.2 1
722.4 1
722.6 1
722.8 1
723 1
723.2 1
723.4 1
723.6 1
723.8 1
724 1
724.2 1
724.4 1
724.6 1
724.8 1
725 1
725.2 1
725.4 1
725.6 1
725.8 1
726 1
726.2 1
726.4 1
726.6 1
726.8 1
727 1
727.2 1
727.4 1
727.6 1
727.8 1
728 1
728.2 1
728.4 1
728.6 1
728.8 1
729 1
729.2 1
729.4 1
729.6 1
729.8 1
730 1
730.2 1
730.4 1
730.6 1
730.8 1
731 1
731.2 1
731.4 1
731.6 1
731.8 1
732 1
732.2 1
732.4 1
732.6 1
732.8 1
733 1
733.2 1
733.4 1
733.6 1
733.8 1
734 1
734.2 1
734.4 1
734.6 1
734.8 1
735 1
735.2 1
735.4 1
735.6 1
735.8 1
736 1
736.2 1
736.4 1
736.6 1
736.8 1
737 1
737.2 1
737.4 1
737.6 1
737.8 1
738 1
738.2 1
738.4 1
738.6 1
738.8 1
739 1
739.2 1
739.4 1
739.6 1
739.8 1
740 1
740.2 1
740.4 1
740.6 1
740.8 1
741 1
741.2 1
741.4 1
741.6 1
741.8 1
742 1
742.2 1
742.4 1
742.6 1
742.8 1
743 1
743.2 1
743.4 1
743.6 1
743.8 1
744 1
744.2 1
744.4 1
744.6 1
744.8 1
745 1
745.2 1
745.4 1
745.6 1
745.8 1
746 1
746.2 1
746.4 1
746.6 1
746.8 1
747 1
747.2 1
747.4 1
747.6 1
747.8 1
748 1
748.2 1
748.4 1
748.6 1
748.8 1
749 1
749.2 1
749.4 1
749.6 1
749.8 1
750 1
750.2 1
750.4 1
750.6 1
750.8 1
751 1
751.2 1
751.4 1
751.6 1
751.8 1
752 1
752.2 1
752.4 1
752.6 1
752.8 1
753 1
753.2 1
753.4 1
753.6 1
753.8 1
754 1
754.2 1
754.4 1
754.6 1
754.8 1
755 1
755.2 1
755.4 1
755.6 1
755.8 1
756 1
756.2 1
756.4 1
756.6 1
756.8 1
757 1
757.2 1
757.4 1
757.6 1
757.8 1
758 1
758.2 1
758.4 1
758.6 1
758.8 1
759 1
759.2 1
759.4 1
759.6 1
759.8 1
760 1
760.2 1
760.4 1
760.6 1
760.8 1
761 1
761.2 1
761.4 1
761.6 1
761.8 1
762 1
762.2 1
762.4 1
762.6 1
762.8 1
763 1
763.2 1
763.4 1
763.6 1
763.8 1
764 1
764.2 1
764.4 1
764.6 1
764.8 1
765 1
765.2 1
765.4 1
765.6 1
765.8 1
766 1
766.2 1
766.4 1
766.6 1
766.8 1
767 1
767.2 1
767.4 1
767.6 1
767.8 1
768 1
768.2 1
768.4 1
768.6 1
768.8 1
769 1
769.2 1
769.4 1
769.6 1
769.8 1
770 1
770.2 1
770.4 1
770.6 1
770.8 1
771 1
771.2 1
771.4 1
771.6 1
771.8 1
772 1
772.2 1
772.4 1
772.6 1
772.8 1
773 1
773.2 1
773.4 1
773.6 1
773.8 1
774 1
774.2 1
774.4 1
774.6 1
774.8 1
775 1
775.2 1
775.4 1
775.6 1
775.8 1
776 1
776.2 1
776.4 1
776.6 1
776.8 1
777 1
777.2 1
777.4 1
777.6 1
777.8 1
778 1
778.2 1
778.4 1
778.6 1
778.8 1
779 1
779.2 1
779.4 1
779.6 1
779.8 1
780 1
780.2 1
780.4 1
780.6 1
780.8 1
781 1
781.2 1
781.4 1
781.6 1
781.8 1
782 1
782.2 1
782.4 1
782.6 1
782.8 1
783 1
783.2 1
783.4 1
783.6 1
783.8 1
784 1
784.2 1
784.4 1
784.6 1
784.8 1
785 1
785.2 1
785.4 1
785.6 1
785.8 1
786 1
786.2 1
786.4 1
786.6 1
786.8 1
787 1
787.2 1
787.4 1
787.6 1
787.8 1
788 1
788.2 1
788.4 1
788.6 1
788.8 1
789 1
789.2 1
789.4 1
789.6 1
789.8 1
790 1
790.2 1
790.4 1
790.6 1
790.8 1
791 1
791.2 1
791.4 1
791.6 1
791.8 1
792 1
792.2 1
792.4 1
792.6 1
792.8 1
793 1
793.2 1
793.4 1
793.6 1
793.8 1
794 1
794.2 1
794.4 1
794.6 1
794.8 1
795 1
795.2 1
795.4 1
795.6 1
795.8 1
796 1
796.2 1
796.4 1
796.6 1
796.8 1
797 1
797.2 1
797.4 1
797.6 1
797.8 1
798 1
798.2 1
798.4 1
798.6 1
798.8 1
799 1
799.2 1
799.4 1
799.6 1
799.8 1
800 1
800.2 1
800.4 1
800.6 1
800.8 1
801 1
801.2 1
801.4 1
801.6 1
801.8 1
802 1
802.2 1
802.4 1
802.6 1
802.8 1
803 1
803.2 1
803.4 1
803.6 1
803.8 1
804 1
804.2 1
804.4 1
804.6 1
804.8 1
805 1
805.2 1
805.4 1
805.6 1
805.8 1
806 1
806.2 1
806.4 1
806.6 1
806.8 1
807 1
807.2 1
807.4 1
807.6 1
807.8 1
808 1
808.2 1
808.4 1
808.6 1
808.8 1
809 1
809.2 1
809.4 1
809.6 1
809.8 1
810 1
810.2 1
810.4 1
810.6 1
810.8 1
811 1
811.2 1
811.4 1
811.6 1
811.8 1
812 1
812.2 1
812.4 1
812.6 1
812.8 1
813 1
813.2 1
813.4 1
813.6 1
813.8 1
814 1
814.2 1
814.4 1
814.6 1
814.8 1
815 1
815.2 1
815.4 1
815.6 1
815.8 1
816 1
816.2 1
816.4 1
816.6 1
816.8 1
817 1
817.2 1
817.4 1
817.6 1
817.8 1
818 1
818.2 1
818.4 1
818.6 1
818.8 1
819 1
819.2 1
819.4 1
819.6 1
819.8 1
820 1
820.2 1
820.4 1
820.6 1
820.8 1
821 1
821.2 1
821.4 1
821.6 1
821.8 1
822 1
822.2 1
822.4 1
822.6 1
822.8 1
823 1
823.2 1
823.4 1
823.6 1
823.8 1
824 1
824.2 1
824.4 1
824.6 1
824.8 1
825 1
825.2 1
825.4 1
825.6 1
825.8 1
826 1
826.2 1
826.4 1
826.6 1
826.8 1
827 1
827.2 1
827.4 1
827.6 1
827.8 1
828 1
828.2 1
828.4 1
828.6 1
828.8 1
829 1
829.2 1
829.4 1
829.6 1
829.8 1
830 1
830.2 1
830.4 1
830.6 1
830.8 1
831 1
831.2 1
831.4 1
831.6 1
831.8 1
832 1
832.2 1
832.4 1
832.6 1
832.8 1
833 1
833.2 1
833.4 1
833.6 1
833.8 1
834 1
834.2 1
834.4 1
834.6 1
834.8 1
835 1
835.2 1
835.4 1
835.6 1
835.8 1
836 1
836.2 1
836.4 1
836.6 1
836.8 1
837 1
837.2 1
837.4 1
837.6 1
837.8 1
838 1
838.2 1
838.4 1
838.6 1
838.8 1
839 1
839.2 1
839.4 1
839.6 1
839.8 1
840 1
840.2 1
840.4 1
840.6 1
840.8 1
841 1
841.2 1
841.4 1
841.6 1
841.8 1
842 1
842.2 1
842.4 1
842.6 1
842.8 1
843 1
843.2 1
843.4 1
843.6 1
843.8 1
844 1
844.2 1
844.4 1
844.6 1
844.8 1
845 1
845.2 1
845.4 1
845.6 1
845.8 1
846 1
846.2 1
846.4 1
846.6 1
846.8 1
847 1
847.2 1
847.4 1
847.6 1
847.8 1
848 1
848.2 1
848.4 1
848.6 1
848.8 1
849 1
849.2 1
849.4 1
849.6 1
849.8 1
850 1
850.2 1
850.4 1
850.6 1
850.8 1
851 1
851.2 1
851.4 1
851.6 1
851.8 1
852 1
852.2 1
852.4 1
852.6 1
852.8 1
853 1
853.2 1
853.4 1
853.6 1
853.8 1
854 1
854.2 1
854.4 1
854.6 1
854.8 1
855 1
855.2 1
855.4 1
855.6 1
855.8 1
856 1
856.2 1
856.4 1
856.6 1
856.8 1
857 1
857.2 1
857.4 1
857.6 1
857.8 1
858 1
858.2 1
858.4 1
858.6 1
858.8 1
859 1
859.2 1
859.4 1
859.6 1
859.8 1
860 1
860.2 1
860.4 1
860.6 1
860.8 1
861 1
861.2 1
861.4 1
861.6 1
861.8 1
862 1
862.2 1
862.4 1
862.6 1
862.8 1
863 1
863.2 1
863.4 1
863.6 1
863.8 1
864 1
864.2 1
864.4 1
864.6 1
864.8 1
865 1
865.2 1
865.4 1
865.6 1
865.8 1
866 1
866.2 1
866.4 1
866.6 1
866.8 1
867 1
867.2 1
867.4 1
867.6 1
867.8 1
868 1
868.2 1
868.4 1
868.6 1
868.8 1
869 1
869.2 1
869.4 1
869.6 1
869.8 1
870 1
870.2 1
870.4 1
870.6 1
870.8 1
871 1
871.2 1
871.4 1
871.6 1
871.8 1
872 1
872.2 1
872.4 1
872.6 1
872.8 1
873 1
873.2 1
873.4 1
873.6 1
873.8 1
874 1
874.2 1
874.4 1
874.6 1
874.8 1
875 1
875.2 1
875.4 1
875.6 1
875.8 1
876 1
876.2 1
876.4 1
876.6 1
876.8 1
877 1
877.2 1
877.4 1
877.6 1
877.8 1
878 1
878.2 1
878.4 1
878.6 1
878.8 1
879 1
879.2 1
879.4 1
879.6 1
879.8 1
880 1
880.2 1
880.4 1
880.6 1
880.8 1
881 1
881.2 1
881.4 1
881.6 1
881.8 1
882 1
882.2 1
882.4 1
882.6 1
882.8 1
883 1
883.2 1
883.4 1
883.6 1
883.8 1
884 1
884.2 1
884.4 1
884.6 1
884.8 1
885 1
885.2 1
885.4 1
885.6 1
885.8 1
886 1
886.2 1
886.4 1
886.6 1
886.8 1
887 1
887.2 1
887.4 1
887.6 1
887.8 1
888 1
888.2 1
888.4 1
888.6 1
888.8 1
889 1
889.2 1
889.4 1
889.6 1
889.8 1
890 1
890.2 1
890.4 1
890.6 1
890.8 1
891 1
891.2 1
891.4 1
891.6 1
891.8 1
892 1
892.2 1
892.4 1
892.6 1
892.8 1
893 1
893.2 1
893.4 1
893.6 1
893.8 1
894 1
894.2 1
894.4 1
894.6 1
894.8 1
895 1
895.2 1
895.4 1
895.6 1
895.8 1
896 1
896.2 1
896.4 1
896.6 1
896.8 1
897 1
897.2 1
897.4 1
897.6 1
897.8 1
898 1
898.2 1
898.4 1
898.6 1
898.8 1
899 1
899.2 1
899.4 1
899.6 1
899.8 1
900 1
900.2 1
900.4 1
900.6 1
900.8 1
901 1
901.2 1
901.4 1
901.6 1
901.8 1
902 1
902.2 1
902.4 1
902.6 1
902.8 1
903 1
903.2 1
903.4 1
903.6 1
903.8 1
904 1
904.2 1
904.4 1
904.6 1
904.8 1
905 1
905.2 1
905.4 1
905.6 1
905.8 1
906 1
906.2 1
906.4 1
906.6 1
906.8 1
907 1
907.2 1
907.4 1
907.6 1
907.8 1
908 1
908.2 1
908.4 1
908.6 1
908.8 1
909 1
909.2 1
909.4 1
909.6 1
909.8 1
910 1
910.2 1
910.4 1
910.6 1
910.8 1
911 1
911.2 1
911.4 1
911.6 1
911.8 1
912 1
912.2 1
912.4 1
912.6 1
912.8 1
913 1
913.2 1
913.4 1
913.6 1
913.8 1
914 1
914.2 1
914.4 1
914.6 1
914.8 1
915 1
915.2 1
915.4 1
915.6 1
915.8 1
916 1
916.2 1
916.4 1
916.6 1
916.8 1
917 1
917.2 1
917.4 1
917.6 1
917.8 1
918 1
918.2 1
918.4 1
918.6 1
918.8 1
919 1
919.2 1
919.4 1
919.6 1
919.8 1
920 1
920.2 1
920.4 1
920.6 1
920.8 1
921 1
921.2 1
921.4 1
921.6 1
921.8 1
922 1
922.2 1
922.4 1
922.6 1
922.8 1
923 1
923.2 1
923.4 1
923.6 1
923.8 1
924 1
924.2 1
924.4 1
924.6 1
924.8 1
925 1
925.2 1
925.4 1
925.6 1
925.8 1
926 1
926.2 1
926.4 1
926.6 1
926.8 1
927 1
927.2 1
927.4 1
927.6 1
927.8 1
928 1
928.2 1
928.4 1
928.6 1
928.8 1
929 1
929.2 1
929.4 1
929.6 1
929.8 1
930 1
930.2 1
930.4 1
930.6 1
930.8 1
931 1
931.2 1
931.4 1
931.6 1
931.8 1
932 1
932.2 1
932.4 1
932.6 1
932.8 1
933 1
933.2 1
933.4 1
933.6 1
933.8 1
934 1
934.2 1
934.4 1
934.6 1
934.8 1
935 1
935.2 1
935.4 1
935.6 1
935.8 1
936 1
936.2 1
936.4 1
936.6 1
936.8 1
937 1
937.2 1
937.4 1
937.6 1
937.8 1
938 1
938.2 1
938.4 1
938.6 1
938.8 1
939 1
939.2 1
939.4 1
939.6 1
939.8 1
940 1
940.2 1
940.4 1
940.6 1
940.8 1
941 1
941.2 1
941.4 1
941.6 1
941.8 1
942 1
942.2 1
942.4 1
942.6 1
942.8 1
943 1
943.2 1
943.4 1
943.6 1
943.8 1
944 1
944.2 1
944.4 1
944.6 1
944.8 1
945 1
945.2 1
945.4 1
945.6 1
945.8 1
946 1
946.2 1
946.4 1
946.6 1
946.8 1
947 1
947.2 1
947.4 1
947.6 1
947.8 1
948 1
948.2 1
948.4 1
948.6 1
948.8 1
949 1
949.2 1
949.4 1
949.6 1
949.8 1
950 1
950.2 1
950.4 1
950.6 1
950.8 1
951 1
951.2 1
951.4 1
951.6 1
951.8 1
952 1
952.2 1
952.4 1
952.6 1
952.8 1
953 1
953.2 1
953.4 1
953.6 1
953.8 1
954 1
954.2 1
954.4 1
954.6 1
954.8 1
955 1
955.2 1
955.4 1
955.6 1
955.8 1
956 1
956.2 1
956.4 1
956.6 1
956.8 1
957 1
957.2 1
957.4 1
957.6 1
957.8 1
958 1
958.2 1
958.4 1
958.6 1
958.8 1
959 1
959.2 1
959.4 1
959.6 1
959.8 1
960 1
960.2 1
960.4 1
960.6 1
960.8 1
961 1
961.2 1
961.4 1
961.6 1
961.8 1
962 1
962.2 1
962.4 1
962.6 1
962.8 1
963 1
963.2 1
963.4 1
963.6 1
963.8 1
964 1
964.2 1
964.4 1
964.6 1
964.8 1
965 1
965.2 1
965.4 1
965.6 1
965.8 1
966 1
966.2 1
966.4 1
966.6 1
966.8 1
967 1
967.2 1
967.4 1
967.6 1
967.8 1
968 1
968.2 1
968.4 1
968.6 1
968.8 1
969 1
969.2 1
969.4 1
969.6 1
969.8 1
970 1
970.2 1
970.4 1
970.6 1
970.8 1
971 1
971.2 1
971.4 1
971.6 1
971.8 1
972 1
972.2 1
972.4 1
972.6 1
972.8 1
973 1
973.2 1
973.4 1
973.6 1
973.8 1
974 1
974.2 1
974.4 1
974.6 1
974.8 1
975 1
975.2 1
975.4 1
975.6 1
975.8 1
976 1
976.2 1
976.4 1
976.6 1
976.8 1
977 1
977.2 1
977.4 1
977.6 1
977.8 1
978 1
978.2 1
978.4 1
978.6 1
978.8 1
979 1
979.2 1
979.4 1
979.6 1
979.8 1
980 1
980.2 1
980.4 1
980.6 1
980.8 1
981 1
981.2 1
981.4 1
981.6 1
981.8 1
982 1
982.2 1
982.4 1
982.6 1
982.8 1
983 1
983.2 1
983.4 1
983.6 1
983.8 1
984 1
984.2 1
984.4 1
984.6 1
984.8 1
985 1
985.2 1
985.4 1
985.6 1
985.8 1
986 1
986.2 1
986.4 1
986.6 1
986.8 1
987 1
987.2 1
987.4 1
987.6 1
987.8 1
988 1
988.2 1
988.4 1
988.6 1
988.8 1
989 1
989.2 1
989.4 1
989.6 1
989.8 1
990 1
990.2 1
990.4 1
990.6 1
990.8 1
991 1
991.2 1
991.4 1
991.6 1
991.8 1
992 1
992.2 1
992.4 1
992.6 1
992.8 1
993 1
993.2 1
993.4 1
993.6 1
993.8 1
994 1
994.2 1
994.4 1
994.6 1
994.8 1
995 1
995.2 1
995.4 1
995.6 1
995.8 1
996 1
996.2 1
996.4 1
996.6 1
996.8 1
997 1
997.2 1
997.4 1
997.6 1
997.8 1
998 1
998.2 1
998.4 1
998.6 1
998.8 1
999 1
999.2 1
999.4 1
999.6 1
999.8 1
1000 1
1000.2 1
1000.4 1
1000.6 1
1000.8 1
1001 1
1001.2 1
1001.4 1
1001.6 1
1001.8 1
1002 1
1002.2 1
1002.4 1
1002.6 1
1002.8 1
1003 1
1003.2 1
1003.4 1
1003.6 1
1003.8 1
1004 1
1004.2 1
1004.4 1
1004.6 1
1004.8 1
1005 1
1005.2 1
1005.4 1
1005.6 1
1005.8 1
1006 1
1006.2 1
1006.4 1
1006.6 1
1006.8 1
1007 1
1007.2 1
1007.4 1
1007.6 1
1007.8 1
1008 1
1008.2 1
1008.4 1
1008.6 1
1008.8 1
1009 1
1009.2 1
1009.4 1
1009.6 1
1009.8 1
1010 1
1010.2 1
1010.4 1
1010.6 1
1010.8 1
1011 1
1011.2 1
1011.4 1
1011.6 1
1011.8 1
1012 1
1012.2 1
1012.4 1
1012.6 1
1012.8 1
1013 1
1013.2 1
1013.4 1
1013.6 1
1013.8 1
1014 1
1014.2 1
1014.4 1
1014.6 1
1014.8 1
1015 1
1015.2 1
1015.4 1
1015.6 1
1015.8 1
1016 1
1016.2 1
1016.4 1
1016.6 1
1016.8 1
1017 1
1017.2 1
1017.4 1
1017.6 1
1017.8 1
1018 1
1018.2 1
1018.4 1
1018.6 1
1018.8 1
1019 1
1019.2 1
1019.4 1
1019.6 1
1019.8 1
1020 1
1020.2 1
1020.4 1
1020.6 1
1020.8 1
1021 1
1021.2 1
1021.4 1
1021.6 1
1021.8 1
1022 1
1022.2 1
1022.4 1
1022.6 1
1022.8 1
1023 1
1023.2 1
1023.4 1
1023.6 1
1023.8 1
1024 1
1024.2 1
1024.4 1
1024.6 1
1024.8 1
1025 1
1025.2 1
1025.4 1
1025.6 1
1025.8 1
1026 1
1026.2 1
1026.4 1
1026.6 1
1026.8 1
1027 1
1027.2 1
1027.4 1
1027.6 1
1027.8 1
1028 1
1028.2 1
1028.4 1
1028.6 1
1028.8 1
1029 1
1029.2 1
1029.4 1
1029.6 1
1029.8 1
1030 1
1030.2 1
1030.4 1
1030.6 1
1030.8 1
1031 1
1031.2 1
1031.4 1
1031.6 1
1031.8 1
1032 1
1032.2 1
1032.4 1
1032.6 1
1032.8 1
1033 1
1033.2 1
1033.4 1
1033.6 1
1033.8 1
1034 1
1034.2 1
1034.4 1
1034.6 1
1034.8 1
1035 1
1035.2 1
1035.4 1
1035.6 1
1035.8 1
1036 1
1036.2 1
1036.4 1
1036.6 1
1036.8 1
1037 1
1037.2 1
1037.4 1
1037.6 1
1037.8 1
1038 1
1038.2 1
1038.4 1
1038.6 1
1038.8 1
1039 1
1039.2 1
1039.4 1
1039.6 1
1039.8 1
1040 1
1040.2 1
1040.4 1
1040.6 1
1040.8 1
1041 1
1041.2 1
1041.4 1
1041.6 1
1041.8 1
1042 1
1042.2 1
1042.4 1
1042.6 1
1042.8 1
1043 1
1043.2 1
1043.4 1
1043.6 1
1043.8 1
1044 1
1044.2 1
1044.4 1
1044.6 1
1044.8 1
1045 1
1045.2 1
1045.4 1
1045.6 1
1045.8 1
1046 1
1046.2 1
1046.4 1
1046.6 1
1046.8 1
1047 1
1047.2 1
1047.4 1
1047.6 1
1047.8 1
1048 1
1048.2 1
1048.4 1
1048.6 1
1048.8 1
1049 1
1049.2 1
1049.4 1
1049.6 1
1049.8 1
1050 1
1050.2 1
1050.4 1
1050.6 1
1050.8 1
1051 1
1051.2 1
1051.4 1
1051.6 1
1051.8 1
1052 1
1052.2 1
1052.4 1
1052.6 1
1052.8 1
1053 1
1053.2 1
1053.4 1
1053.6 1
1053.8 1
1054 1
1054.2 1
1054.4 1
1054.6 1
1054.8 1
1055 1
1055.2 1
1055.4 1
1055.6 1
1055.8 1
1056 1
1056.2 1
1056.4 1
1056.6 1
1056.8 1
1057 1
1057.2 1
1057.4 1
1057.6 1
1057.8 1
1058 1
1058.2 1
1058.4 1
1058.6 1
1058.8 1
1059 1
1059.2 1
1059.4 1
1059.6 1
1059.8 1
1060 1
1060.2 1
1060.4 1
1060.6 1
1060.8 1
1061 1
1061.2 1
1061.4 1
1061.6 1
1061.8 1
1062 1
1062.2 1
1062.4 1
1062.6 1
1062.8 1
1063 1
1063.2 1
1063.4 1
1063.6 1
1063.8 1
1064 1
1064.2 1
1064.4 1
1064.6 1
1064.8 1
1065 1
1065.2 1
1065.4 1
1065.6 1
1065.8 1
1066 1
1066.2 1
1066.4 1
1066.6 1
1066.8 1
1067 1
1067.2 1
1067.4 1
1067.6 1
1067.8 1
1068 1
1068.2 1
1068.4 1
1068.6 1
1068.8 1
1069 1
1069.2 1
1069.4 1
1069.6 1
1069.8 1
1070 1
1070.2 1
1070.4 1
1070.6 1
1070.8 1
1071 1
1071.2 1
1071.4 1
1071.6 1
1071.8 1
1072 1
1072.2 1
1072.4 1
1072.6 1
1072.8 1
1073 1
1073.2 1
1073.4 1
1073.6 1
1073.8 1
1074 1
1074.2 1
1074.4 1
1074.6 1
1074.8 1
1075 1
1075.2 1
1075.4 1
1075.6 1
1075.8 1
1076 1
1076.2 1
1076.4 1
1076.6 1
1076.8 1
1077 1
1077.2 1
1077.4 1
1077.6 1
1077.8 1
1078 1
1078.2 1
1078.4 1
1078.6 1
1078.8 1
1079 1
1079.2 1
1079.4 1
1079.6 1
1079.8 1
1080 1
1080.2 1
1080.4 1
1080.6 1
1080.8 1
1081 1
1081.2 1
1081.4 1
1081.6 1
1081.8 1
1082 1
1082.2 1
1082.4 1
1082.6 1
1082.8 1
1083 1
1083.2 1
1083.4 1
1083.6 1
1083.8 1
1084 1
1084.2 1
1084.4 1
1084.6 1
1084.8 1
1085 1
1085.2 1
1085.4 1
1085.6 1
1085.8 1
1086 1
1086.2 1
1086.4 1
1086.6 1
1086.8 1
1087 1
1087.2 1
1087.4 1
1087.6 1
1087.8 1
1088 1
1088.2 1
1088.4 1
1088.6 1
1088.8 1
1089 1
1089.2 1
1089.4 1
1089.6 1
1089.8 1
1090 1
1090.2 1
1090.4 1
1090.6 1
1090.8 1
1091 1
1091.2 1
1091.4 1
1091.6 1
1091.8 1
1092 1
1092.2 1
1092.4 1
1092.6 1
1092.8 1
1093 1
1093.2 1
1093.4 1
1093.6 1
1093.8 1
1094 1
1094.2 1
1094.4 1
1094.6 1
1094.8 1
1095 1
1095.2 1
1095.4 1
1095.6 1
1095.8 1
1096 1
1096.2 1
1096.4 1
1096.6 1
1096.8 1
1097 1
1097.2 1
1097.4 1
1097.6 1
1097.8 1
1098 1
1098.2 1
1098.4 1
1098.6 1
1098.8 1
1099 1
1099.2 1
1099.4 1
1099.6 1
1099.8 1
1100 1
1100.2 1
1100.4 1
1100.6 1
1100.8 1
1101 1
1101.2 1
1101.4 1
1101.6 1
1101.8 1
1102 1
1102.2 1
1102.4 1
1102.6 1
1102.8 1
1103 1
1103.2 1
1103.4 1
1103.6 1
1103.8 1
1104 1
1104.2 1
1104.4 1
1104.6 1
1104.8 1
1105 1
1105.2 1
1105.4 1
1105.6 1
1105.8 1
1106 1
1106.2 1
1106.4 1
1106.6 1
1106.8 1
1107 1
1107.2 1
1107.4 1
1107.6 1
1107.8 1
1108 1
1108.2 1
1108.4 1
1108.6 1
1108.8 1
1109 1
1109.2 1
1109.4 1
1109.6 1
1109.8 1
1110 1
1110.2 1
1110.4 1
1110.6 1
1110.8 1
1111 1
1111.2 1
1111.4 1
1111.6 1
1111.8 1
1112 1
1112.2 1
1112.4 1
1112.6 1
1112.8 1
1113 1
1113.2 1
1113.4 1
1113.6 1
1113.8 1
1114 1
1114.2 1
1114.4 1
1114.6 1
1114.8 1
1115 1
1115.2 1
1115.4 1
1115.6 1
1115.8 1
1116 1
1116.2 1
1116.4 1
1116.6 1
1116.8 1
1117 1
1117.2 1
1117.4 1
1117.6 1
1117.8 1
1118 1
1118.2 1
1118.4 1
1118.6 1
1118.8 1
1119 1
1119.2 1
1119.4 1
1119.6 1
1119.8 1
1120 1
1120.2 1
1120.4 1
1120.6 1
1120.8 1
1121 1
1121.2 1
1121.4 1
1121.6 1
1121.8 1
1122 1
1122.2 1
1122.4 1
1122.6 1
1122.8 1
1123 1
1123.2 1
1123.4 1
1123.6 1
1123.8 1
1124 1
1124.2 1
1124.4 1
1124.6 1
1124.8 1
1125 1
1125.2 1
1125.4 1
1125.6 1
1125.8 1
1126 1
1126.2 1
1126.4 1
1126.6 1
1126.8 1
1127 1
1127.2 1
1127.4 1
1127.6 1
1127.8 1
1128 1
1128.2 1
1128.4 1
1128.6 1
1128.8 1
1129 1
1129.2 1
1129.4 1
1129.6 1
1129.8 1
1130 1
1130.2 1
1130.4 1
1130.6 1
1130.8 1
1131 1
1131.2 1
1131.4 1
1131.6 1
1131.8 1
1132 1
1132.2 1
1132.4 1
1132.6 1
1132.8 1
1133 1
1133.2 1
1133.4 1
1133.6 1
1133.8 1
1134 1
1134.2 1
1134.4 1
1134.6 1
1134.8 1
1135 1
1135.2 1
1135.4 1
1135.6 1
1135.8 1
1136 1
1136.2 1
1136.4 1
1136.6 1
1136.8 1
1137 1
1137.2 1
1137.4 1
1137.6 1
1137.8 1
1138 1
1138.2 1
1138.4 1
1138.6 1
1138.8 1
1139 1
1139.2 1
1139.4 1
1139.6 1
1139.8 1
1140 1
1140.2 1
1140.4 1
1140.6 1
1140.8 1
1141 1
1141.2 1
1141.4 1
1141.6 1
1141.8 1
1142 1
1142.2 1
1142.4 1
1142.6 1
1142.8 1
1143 1
1143.2 1
1143.4 1
1143.6 1
1143.8 1
1144 1
1144.2 1
1144.4 1
1144.6 1
1144.8 1
1145 1
1145.2 1
1145.4 1
1145.6 1
1145.8 1
1146 1
1146.2 1
1146.4 1
1146.6 1
1146.8 1
1147 1
1147.2 1
1147.4 1
1147.6 1
1147.8 1
1148 1
1148.2 1
1148.4 1
1148.6 1
1148.8 1
1149 1
1149.2 1
1149.4 1
1149.6 1
1149.8 1
1150 1
1150.2 1
1150.4 1
1150.6 1
1150.8 1
1151 1
1151.2 1
1151.4 1
1151.6 1
1151.8 1
1152 1
1152.2 1
1152.4 1
1152.6 1
1152.8 1
1153 1
1153.2 1
1153.4 1
1153.6 1
1153.8 1
1154 1
1154.2 1
1154.4 1
1154.6 1
1154.8 1
1155 1
1155.2 1
1155.4 1
1155.6 1
1155.8 1
1156 1
1156.2 1
1156.4 1
1156.6 1
1156.8 1
1157 1
1157.2 1
1157.4 1
1157.6 1
1157.8 1
1158 1
1158.2 1
1158.4 1
1158.6 1
1158.8 1
1159 1
1159.2 1
1159.4 1
1159.6 1
1159.8 1
1160 1
1160.2 1
1160.4 1
1160.6 1
1160.8 1
1161 1
1161.2 1
1161.4 1
1161.6 1
1161.8 1
1162 1
1162.2 1
1162.4 1
1162.6 1
1162.8 1
1163 1
1163.2 1
1163.4 1
1163.6 1
1163.8 1
1164 1
1164.2 1
1164.4 1
1164.6 1
1164.8 1
1165 1
1165.2 1
1165.4 1
1165.6 1
1165.8 1
1166 1
1166.2 1
1166.4 1
1166.6 1
1166.8 1
1167 1
1167.2 1
1167.4 1
1167.6 1
1167.8 1
1168 1
1168.2 1
1168.4 1
1168.6 1
1168.8 1
1169 1
1169.2 1
1169.4 1
1169.6 1
1169.8 1
1170 1
1170.2 1
1170.4 1
1170.6 1
1170.8 1
1171 1
1171.2 1
1171.4 1
1171.6 1
1171.8 1
1172 1
1172.2 1
1172.4 1
1172.6 1
1172.8 1
1173 1
1173.2 1
1173.4 1
1173.6 1
1173.8 1
1174 1
1174.2 1
1174.4 1
1174.6 1
1174.8 1
1175 1
1175.2 1
1175.4 1
1175.6 1
1175.8 1
1176 1
1176.2 1
1176.4 1
1176.6 1
1176.8 1
1177 1
1177.2 1
1177.4 1
1177.6 1
1177.8 1
1178 1
1178.2 1
1178.4 1
1178.6 1
1178.8 1
1179 1
1179.2 1
1179.4 1
1179.6 1
1179.8 1
1180 1
1180.2 1
1180.4 1
1180.6 1
1180.8 1
1181 1
1181.2 1
1181.4 1
1181.6 1
1181.8 1
1182 1
1182.2 1
1182.4 1
1182.6 1
1182.8 1
1183 1
1183.2 1
1183.4 1
1183.6 1
1183.8 1
1184 1
1184.2 1
1184.4 1
1184.6 1
1184.8 1
1185 1
1185.2 1
1185.4 1
1185.6 1
1185.8 1
1186 1
1186.2 1
1186.4 1
1186.6 1
1186.8 1
1187 1
1187.2 1
1187.4 1
1187.6 1
1187.8 1
1188 1
1188.2 1
1188.4 1
1188.6 1
1188.8 1
1189 1
1189.2 1
1189.4 1
1189.6 1
1189.8 1
1190 1
1190.2 1
1190.4 1
1190.6 1
1190.8 1
1191 1
1191.2 1
1191.4 1
1191.6 1
1191.8 1
1192 1
1192.2 1
1192.4 1
1192.6 1
1192.8 1
1193 1
1193.2 1
1193.4 1
1193.6 1
1193.8 1
1194 1
1194.2 1
1194.4 1
1194.6 1
1194.8 1
1195 1
1195.2 1
1195.4 1
1195.6 1
1195.8 1
1196 1
1196.2 1
1196.4 1
1196.6 1
1196.8 1
1197 1
1197.2 1
1197.4 1
1197.6 1
1197.8 1
1198 1
1198.2 1
1198.4 1
1198.6 1
1198.8 1
1199 1
1199.2 1
1199.4 1
1199.6 1
1199.8 1
1200 1
1200.2 1
1200.4 1
1200.6 1
1200.8 1
1201 1
1201.2 1
1201.4 1
1201.6 1
1201.8 1
1202 1
1202.2 1
1202.4 1
1202.6 1
1202.8 1
1203 1
1203.2 1
1203.4 1
1203.6 1
1203.8 1
1204 1
1204.2 1
1204.4 1
1204.6 1
1204.8 1
1205 1
1205.2 1
1205.4 1
1205.6 1
1205.8 1
1206 1
1206.2 1
1206.4 1
1206.6 1
1206.8 1
1207 1
1207.2 1
1207.4 1
1207.6 1
1207.8 1
1208 1
1208.2 1
1208.4 1
1208.6 1
1208.8 1
1209 1
1209.2 1
1209.4 1
1209.6 1
1209.8 1
1210 1
1210.2 1
1210.4 1
1210.6 1
1210.8 1
1211 1
1211.2 1
1211.4 1
1211.6 1
1211.8 1
1212 1
1212.2 1
1212.4 1
1212.6 1
1212.8 1
1213 1
1213.2 1
1213.4 1
1213.6 1
1213.8 1
1214 1
1214.2 1
1214.4 1
1214.6 1
1214.8 1
1215 1
1215.2 1
1215.4 1
1215.6 1
1215.8 1
1216 1
1216.2 1
1216.4 1
1216.6 1
1216.8 1
1217 1
1217.2 1
1217.4 1
1217.6 1
1217.8 1
1218 1
1218.2 1
1218.4 1
1218.6 1
1218.8 1
1219 1
1219.2 1
1219.4 1
1219.6 1
1219.8 1
1220 1
1220.2 1
1220.4 1
1220.6 1
1220.8 1
1221 1
1221.2 1
1221.4 1
1221.6 1
1221.8 1
1222 1
1222.2 1
1222.4 1
1222.6 1
1222.8 1
1223 1
1223.2 1
1223.4 1
1223.6 1
1223.8 1
1224 1
1224.2 1
1224.4 1
1224.6 1
1224.8 1
1225 1
1225.2 1
1225.4 1
1225.6 1
1225.8 1
1226 1
1226.2 1
1226.4 1
1226.6 1
1226.8 1
1227 1
1227.2 1
1227.4 1
1227.6 1
1227.8 1
1228 1
1228.2 1
1228.4 1
1228.6 1
1228.8 1
1229 1
1229.2 1
1229.4 1
1229.6 1
1229.8 1
1230 1
1230.2 1
1230.4 1
1230.6 1
1230.8 1
1231 1
1231.2 1
1231.4 1
1231.6 1
1231.8 1
1232 1
1232.2 1
1232.4 1
1232.6 1
1232.8 1
1233 1
1233.2 1
1233.4 1
1233.6 1
1233.8 1
1234 1
1234.2 1
1234.4 1
1234.6 1
1234.8 1
1235 1
1235.2 1
1235.4 1
1235.6 1
1235.8 1
1236 1
1236.2 1
1236.4 1
1236.6 1
1236.8 1
1237 1
1237.2 1
1237.4 1
1237.6 1
1237.8 1
1238 1
1238.2 1
1238.4 1
1238.6 1
1238.8 1
1239 1
1239.2 1
1239.4 1
1239.6 1
1239.8 1
1240 1
1240.2 1
1240.4 1
1240.6 1
1240.8 1
1241 1
1241.2 1
1241.4 1
1241.6 1
1241.8 1
1242 1
1242.2 1
1242.4 1
1242.6 1
1242.8 1
1243 1
1243.2 1
1243.4 1
1243.6 1
1243.8 1
1244 1
1244.2 1
1244.4 1
1244.6 1
1244.8 1
1245 1
1245.2 1
1245.4 1
1245.6 1
1245.8 1
1246 1
1246.2 1
1246.4 1
1246.6 1
1246.8 1
1247 1
1247.2 1
1247.4 1
1247.6 1
1247.8 1
1248 1
1248.2 1
1248.4 1
1248.6 1
1248.8 1
1249 1
1249.2 1
1249.4 1
1249.6 1
1249.8 1
1250 1
1250.2 1
1250.4 1
1250.6 1
1250.8 1
1251 1
1251.2 1
1251.4 1
1251.6 1
1251.8 1
1252 1
1252.2 1
1252.4 1
1252.6 1
1252.8 1
1253 1
1253.2 1
1253.4 1
1253.6 1
1253.8 1
1254 1
1254.2 1
1254.4 1
1254.6 1
1254.8 1
1255 1
1255.2 1
1255.4 1
1255.6 1
1255.8 1
1256 1
1256.2 1
1256.4 1
1256.6 1
