-5 -0.0632287
-4.99 -0.0632929
-4.98 -0.0633569
-4.97 -0.0634207
-4.96 -0.0634844
-4.95 -0.0635479
-4.94 -0.0636112
-4.93 -0.0636744
-4.92 -0.0637374
-4.91 -0.0638003
-4.9 -0.0638631
-4.89 -0.0639256
-4.88 -0.0639881
-4.87 -0.0640504
-4.86 -0.0641126
-4.85 -0.0641746
-4.84 -0.0642365
-4.83 -0.0642983
-4.82 -0.06436
-4.81 -0.0644215
-4.8 -0.064483
-4.79 -0.0645443
-4.78 -0.0646055
-4.77 -0.0646667
-4.76 -0.0647277
-4.75 -0.0647887
-4.74 -0.0648495
-4.73 -0.0649103
-4.72 -0.064971
-4.71 -0.0650316
-4.7 -0.0650922
-4.69 -0.0651527
-4.68 -0.0652131
-4.67 -0.0652734
-4.66 -0.0653337
-4.65 -0.065394
-4.64 -0.0654542
-4.63 -0.0655143
-4.62 -0.0655744
-4.61 -0.0656344
-4.6 -0.0656944
-4.59 -0.0657543
-4.58 -0.0658141
-4.57 -0.065874
-4.56 -0.0659337
-4.55 -0.0659935
-4.54 -0.0660531
-4.53 -0.0661127
-4.52 -0.0661723
-4.51 -0.0662318
-4.5 -0.0662912
-4.49 -0.0663506
-4.48 -0.0664099
-4.47 -0.0664692
-4.46 -0.0665284
-4.45 -0.0665875
-4.44 -0.0666465
-4.43 -0.0667054
-4.42 -0.0667643
-4.41 -0.0668231
-4.4 -0.0668817
-4.39 -0.0669403
-4.38 -0.0669987
-4.37 -0.0670571
-4.36 -0.0671153
-4.35 -0.0671732
-4.34 -0.0672309
-4.33 -0.0672889
-4.32 -0.0673466
-4.31 -0.0674046
-4.3 -0.067462
-4.29 -0.0675193
-4.28 -0.0675764
-4.27 -0.0676334
-4.26 -0.0676902
-4.25 -0.0677468
-4.24 -0.0678032
-4.23 -0.0678595
-4.22 -0.0679156
-4.21 -0.0679715
-4.2 -0.0680272
-4.19 -0.0680827
-4.18 -0.068138
-4.17 -0.0681931
-4.16 -0.068248
-4.15 -0.0683027
-4.14 -0.0683573
-4.13 -0.0684116
-4.12 -0.0684656
-4.11 -0.0685195
-4.1 -0.0685732
-4.09 -0.0686267
-4.08 -0.06868
-4.07 -0.068733
-4.06 -0.0687859
-4.05 -0.0688385
-4.04 -0.068891
-4.03 -0.0689433
-4.02 -0.0689953
-4.01 -0.0690472
-4 -0.0690989
-3.99 -0.0691504
-3.98 -0.0692017
-3.97 -0.0692528
-3.96 -0.0693037
-3.95 -0.0693545
-3.94 -0.0694051
-3.93 -0.0694556
-3.92 -0.0695059
-3.91 -0.069556
-3.9 -0.069606
-3.89 -0.0696557
-3.88 -0.0697053
-3.87 -0.0697546
-3.86 -0.0698037
-3.85 -0.0698503
-3.84 -0.0698945
-3.83 -0.0699461
-3.82 -0.0699945
-3.81 -0.0700512
-3.8 -0.0700998
-3.79 -0.0701486
-3.78 -0.0701972
-3.77 -0.0702459
-3.76 -0.0702944
-3.75 -0.0703428
-3.74 -0.0703912
-3.73 -0.0704395
-3.72 -0.0704877
-3.71 -0.0705359
-3.7 -0.070584
-3.69 -0.070632
-3.68 -0.07068
-3.67 -0.0707279
-3.66 -0.0707757
-3.65 -0.0708235
-3.64 -0.0708712
-3.63 -0.0709189
-3.62 -0.0709665
-3.61 -0.071014
-3.6 -0.0710615
-3.59 -0.0711089
-3.58 -0.0711562
-3.57 -0.0712034
-3.56 -0.0712505
-3.55 -0.0712976
-3.54 -0.0713445
-3.53 -0.0713914
-3.52 -0.0714381
-3.51 -0.0714847
-3.5 -0.0715312
-3.49 -0.0715776
-3.48 -0.0716238
-3.47 -0.0716699
-3.46 -0.0717158
-3.45 -0.0717615
-3.44 -0.0718071
-3.43 -0.0718524
-3.42 -0.0718974
-3.41 -0.0719421
-3.4 -0.0719862
-3.39 -0.0720295
-3.38 -0.0720714
-3.37 -0.0721123
-3.36 -0.0721494
-3.35 -0.072153
-3.34 -0.0721197
-3.33 -0.0722005
-3.32 -0.07223
-3.31 -0.0723917
-3.3 -0.0724302
-3.29 -0.0724736
-3.28 -0.0725164
-3.27 -0.0725588
-3.26 -0.0726008
-3.25 -0.0726425
-3.24 -0.0726839
-3.23 -0.072725
-3.22 -0.0727658
-3.21 -0.0728063
-3.2 -0.0728465
-3.19 -0.0728865
-3.18 -0.0729262
-3.17 -0.0729656
-3.16 -0.0730047
-3.15 -0.0730435
-3.14 -0.073082
-3.13 -0.0731203
-3.12 -0.0731582
-3.11 -0.0731959
-3.1 -0.0732333
-3.09 -0.0732704
-3.08 -0.0733071
-3.07 -0.0733436
-3.06 -0.0733798
-3.05 -0.0734157
-3.04 -0.0734513
-3.03 -0.0734866
-3.02 -0.0735216
-3.01 -0.0735562
-3 -0.0735905
-2.99 -0.0736244
-2.98 -0.0736579
-2.97 -0.0736909
-2.96 -0.0737234
-2.95 -0.0737552
-2.94 -0.0737862
-2.93 -0.0738162
-2.92 -0.0738448
-2.91 -0.0738711
-2.9 -0.0738932
-2.89 -0.0739068
-2.88 -0.0739048
-2.87 -0.0738934
-2.86 -0.0738345
-2.85 -0.0733523
-2.84 -0.0723604
-2.83 -0.0728822
-2.82 -0.0726746
-2.81 -0.0742769
-2.8 -0.0742543
-2.79 -0.074298
-2.78 -0.0743356
-2.77 -0.0743701
-2.76 -0.0744029
-2.75 -0.0744348
-2.74 -0.0744661
-2.73 -0.0744969
-2.72 -0.0745274
-2.71 -0.0745576
-2.7 -0.0745875
-2.69 -0.0746172
-2.68 -0.0746466
-2.67 -0.0746757
-2.66 -0.0747046
-2.65 -0.0747331
-2.64 -0.0747614
-2.63 -0.0747893
-2.62 -0.0748168
-2.61 -0.0748439
-2.6 -0.0748706
-2.59 -0.0748968
-2.58 -0.0749224
-2.57 -0.0749474
-2.56 -0.0749718
-2.55 -0.0749953
-2.54 -0.075018
-2.53 -0.0750397
-2.52 -0.0750602
-2.51 -0.0750793
-2.5 -0.0750969
-2.49 -0.0751125
-2.48 -0.0751258
-2.47 -0.0751362
-2.46 -0.0751428
-2.45 -0.0751447
-2.44 -0.0751401
-2.43 -0.0751264
-2.42 -0.0750993
-2.41 -0.0750506
-2.4 -0.0749614
-2.39 -0.0747857
-2.38 -0.0744512
-2.37 -0.0740138
-2.36 -0.0730532
-2.35 -0.0675558
-2.34 -0.0560982
-2.33 -0.0615875
-2.32 -0.0583369
-2.31 -0.075903
-2.3 -0.0753541
-2.29 -0.0755282
-2.28 -0.0756265
-2.27 -0.075687
-2.26 -0.0757272
-2.25 -0.0757558
-2.24 -0.0757772
-2.23 -0.0757938
-2.22 -0.075807
-2.21 -0.0758175
-2.2 -0.0758258
-2.19 -0.0758323
-2.18 -0.075837
-2.17 -0.07584
-2.16 -0.0758413
-2.15 -0.075841
-2.14 -0.0758388
-2.13 -0.0758348
-2.12 -0.0758288
-2.11 -0.0758205
-2.1 -0.0758098
-2.09 -0.0757964
-2.08 -0.07578
-2.07 -0.0757602
-2.06 -0.0757365
-2.05 -0.0757084
-2.04 -0.0756752
-2.03 -0.0756359
-2.02 -0.0755895
-2.01 -0.0755345
-2 -0.0754691
-1.99 -0.0753908
-1.98 -0.0752964
-1.97 -0.0751814
-1.96 -0.0750396
-1.95 -0.074862
-1.94 -0.0746351
-1.93 -0.0743378
-1.92 -0.0739346
-1.91 -0.0733566
-1.9 -0.0724473
-1.89 -0.070824
-1.88 -0.0678725
-1.87 -0.063995
-1.86 -0.0554324
-1.85 -0.00712956
-1.84 0.0978156
-1.83 0.0477006
-1.82 0.0826164
-1.81 -0.0772072
-1.8 -0.0724141
-1.79 -0.0740382
-1.78 -0.0749116
-1.77 -0.0754088
-1.76 -0.0757037
-1.75 -0.0758827
-1.74 -0.0759909
-1.73 -0.0760534
-1.72 -0.0760849
-1.71 -0.0760941
-1.7 -0.0760865
-1.69 -0.0760656
-1.68 -0.0760336
-1.67 -0.0759917
-1.66 -0.0759407
-1.65 -0.0758809
-1.64 -0.0758122
-1.63 -0.0757343
-1.62 -0.0756465
-1.61 -0.0755481
-1.6 -0.0754378
-1.59 -0.0753144
-1.58 -0.0751759
-1.57 -0.0750203
-1.56 -0.0748448
-1.55 -0.0746461
-1.54 -0.07442
-1.53 -0.0741614
-1.52 -0.0738635
-1.51 -0.0735178
-1.5 -0.0731132
-1.49 -0.0726348
-1.48 -0.0720628
-1.47 -0.0713697
-1.46 -0.0705167
-1.45 -0.0694475
-1.44 -0.0680776
-1.43 -0.066273
-1.42 -0.0638057
-1.41 -0.0602354
-1.4 -0.0545557
-1.39 -0.0442983
-1.38 -0.025427
-1.37 -0.0001036
-1.36 0.0576387
-1.35 0.385143
-1.34 1.12733
-1.33 0.770011
-1.32 1.04979
-1.31 -0.0744419
-1.3 -0.0431376
-1.29 -0.0558833
-1.28 -0.0629344
-1.27 -0.0671063
-1.26 -0.0697138
-1.25 -0.071414
-1.24 -0.0725555
-1.23 -0.0733346
-1.22 -0.0738679
-1.21 -0.0742273
-1.2 -0.0744593
-1.19 -0.074594
-1.18 -0.0746517
-1.17 -0.0746462
-1.16 -0.0745864
-1.15 -0.0744782
-1.14 -0.0743251
-1.13 -0.0741284
-1.12 -0.0738881
-1.11 -0.0736026
-1.1 -0.073269
-1.09 -0.0728829
-1.08 -0.0724383
-1.07 -0.0719273
-1.06 -0.07134
-1.05 -0.0706633
-1.04 -0.069881
-1.03 -0.0689722
-1.02 -0.0679098
-1.01 -0.0666586
-1 -0.0651724
-0.99 -0.0633891
-0.98 -0.0612239
-0.97 -0.0585593
-0.96 -0.0552277
-0.95 -0.0509837
-0.94 -0.0454547
-0.93 -0.0380467
-0.92 -0.0277398
-0.91 -0.0125542
-0.9 0.0120425
-0.89 0.0572117
-0.88 0.141575
-0.87 0.257436
-0.86 0.530257
-0.85 2.08753
-0.84 5.75826
-0.83 3.96397
-0.82 5.49362
-0.81 -0.0281539
-0.8 0.115294
-0.79 0.0469011
-0.78 0.00826552
-0.77 -0.0152122
-0.76 -0.0303778
-0.75 -0.0406749
-0.74 -0.047946
-0.73 -0.0532405
-0.72 -0.0571884
-0.71 -0.0601857
-0.7 -0.0624901
-0.69 -0.064275
-0.68 -0.0656596
-0.67 -0.0667274
-0.66 -0.0675379
-0.65 -0.0681333
-0.64 -0.0685436
-0.63 -0.0687895
-0.62 -0.0688844
-0.61 -0.0688357
-0.6 -0.0686458
-0.59 -0.0683119
-0.58 -0.0678267
-0.57 -0.0671776
-0.56 -0.066346
-0.55 -0.0653066
-0.54 -0.0640253
-0.53 -0.062457
-0.52 -0.060542
-0.51 -0.0582011
-0.5 -0.0553283
-0.49 -0.0517797
-0.48 -0.0473571
-0.47 -0.0417818
-0.46 -0.0346534
-0.45 -0.0253798
-0.44 -0.0130542
-0.43 0.00378095
-0.42 0.0276464
-0.41 0.0634577
-0.4 0.122488
-0.39 0.232596
-0.38 0.441197
-0.37 0.734489
-0.36 1.44477
-0.35 5.51775
-0.34 15.4425
-0.33 10.4832
-0.32 14.942
-0.31 0.138293
-0.3 0.502615
-0.29 0.30747
-0.28 0.195846
-0.27 0.127023
-0.26 0.0818414
-0.25 0.0506193
-0.24 0.0281417
-0.23 0.0114176
-0.22 -0.00136387
-0.21 -0.0113502
-0.2 -0.0192969
-0.19 -0.0257175
-0.18 -0.0309711
-0.17 -0.0353147
-0.16 -0.0389358
-0.15 -0.0419737
-0.14 -0.0445333
-0.13 -0.0466945
-0.12 -0.0485186
-0.11 -0.0500526
-0.1 -0.0513326
-0.09 -0.052386
-0.08 -0.0532326
-0.07 -0.0538864
-0.06 -0.0543554
-0.05 -0.0546423
-0.04 -0.0547443
-0.03 -0.0546523
-0.02 -0.0543504
-0.01 -0.0538137
0 -0.0530062
0.01 -0.0518765
0.02 -0.0503521
0.03 -0.0483298
0.04 -0.0456605
0.05 -0.0421242
0.06 -0.0373854
0.07 -0.0309086
0.08 -0.0217752
0.09 -0.00820885
0.1 0.0138361
0.11 0.054292
0.12 0.129878
0.13 0.234946
0.14 0.481979
0.15 1.87969
0.16 5.16878
0.17 3.48425
0.18 4.77785
0.19 -0.0400336
0.2 0.089495
0.21 0.03104
0.22 -0.00197832
0.23 -0.0220432
0.24 -0.0350152
0.25 -0.0438434
0.26 -0.0501051
0.27 -0.0546976
0.28 -0.0581595
0.29 -0.0608293
0.3 -0.0629275
0.31 -0.0646031
0.32 -0.065959
0.33 -0.0670684
0.34 -0.0679843
0.35 -0.0687457
0.36 -0.0693817
0.37 -0.0699146
0.38 -0.070361
0.39 -0.0707339
0.4 -0.0710432
0.41 -0.0712963
0.42 -0.071499
0.43 -0.0716551
0.44 -0.0717671
0.45 -0.0718364
0.46 -0.0718629
0.47 -0.0718451
0.48 -0.0717799
0.49 -0.0716626
0.5 -0.0714858
0.51 -0.0712392
0.52 -0.070908
0.53 -0.0704713
0.54 -0.0698989
0.55 -0.0691465
0.56 -0.0681468
0.57 -0.066793
0.58 -0.064903
0.59 -0.0621253
0.6 -0.0576603
0.61 -0.049553
0.62 -0.0345726
0.63 -0.014107
0.64 0.0330059
0.65 0.298414
0.66 0.904273
0.67 0.587187
0.68 0.79644
0.69 -0.0748662
0.7 -0.0505204
0.71 -0.0604849
0.72 -0.0660336
0.73 -0.0693505
0.74 -0.0714563
0.75 -0.0728619
0.76 -0.0738387
0.77 -0.0745397
0.78 -0.0750559
0.79 -0.0754442
0.8 -0.0757412
0.81 -0.0759714
0.82 -0.0761517
0.83 -0.0762938
0.84 -0.0764063
0.85 -0.0764953
0.86 -0.0765654
0.87 -0.07662
0.88 -0.0766618
0.89 -0.0766927
0.9 -0.0767143
0.91 -0.0767276
0.92 -0.0767335
0.93 -0.0767326
0.94 -0.0767252
0.95 -0.0767116
0.96 -0.0766917
0.97 -0.0766653
0.98 -0.076632
0.99 -0.0765911
1 -0.0765416
1.01 -0.076482
1.02 -0.0764101
1.03 -0.0763232
1.04 -0.0762168
1.05 -0.0760849
1.06 -0.075918
1.07 -0.0757012
1.08 -0.0754093
1.09 -0.0749931
1.1 -0.0743408
1.11 -0.0731792
1.12 -0.0710683
1.13 -0.0682546
1.14 -0.0618885
1.15 -0.0259909
1.16 0.0538974
1.17 0.0114289
1.18 0.0360302
1.19 -0.0769013
1.2 -0.0737428
1.21 -0.074979
1.22 -0.0756489
1.23 -0.0760348
1.24 -0.076268
1.25 -0.0764136
1.26 -0.0765062
1.27 -0.0765649
1.28 -0.0766013
1.29 -0.0766223
1.3 -0.0766326
1.31 -0.076635
1.32 -0.0766317
1.33 -0.0766241
1.34 -0.0766132
1.35 -0.0765996
1.36 -0.0765841
1.37 -0.0765668
1.38 -0.0765482
1.39 -0.0765285
1.4 -0.0765078
1.41 -0.0764862
1.42 -0.0764639
1.43 -0.0764408
1.44 -0.076417
1.45 -0.0763926
1.46 -0.0763674
1.47 -0.0763415
1.48 -0.0763148
1.49 -0.0762873
1.5 -0.0762587
1.51 -0.076229
1.52 -0.0761978
1.53 -0.0761648
1.54 -0.0761297
1.55 -0.0760916
1.56 -0.0760495
1.57 -0.0760018
1.58 -0.0759458
1.59 -0.0758761
1.6 -0.0757802
1.61 -0.0756283
1.62 -0.0753731
1.63 -0.0750489
1.64 -0.0743516
1.65 -0.0704985
1.66 -0.0621383
1.67 -0.0665917
1.68 -0.0642476
1.69 -0.0758379
1.7 -0.0754982
1.71 -0.0755983
1.72 -0.0756391
1.73 -0.0756504
1.74 -0.0756457
1.75 -0.0756318
1.76 -0.0756123
1.77 -0.0755891
1.78 -0.0755634
1.79 -0.0755359
1.8 -0.0755071
1.81 -0.0754772
1.82 -0.0754465
1.83 -0.0754151
1.84 -0.0753831
1.85 -0.0753507
1.86 -0.0753177
1.87 -0.0752844
1.88 -0.0752507
1.89 -0.0752167
1.9 -0.0751823
1.91 -0.0751477
1.92 -0.0751128
1.93 -0.0750776
1.94 -0.0750421
1.95 -0.0750064
1.96 -0.0749704
1.97 -0.0749342
1.98 -0.0748978
1.99 -0.0748611
2 -0.0748242
2.01 -0.0747871
2.02 -0.0747497
2.03 -0.074712
2.04 -0.0746741
2.05 -0.0746357
2.06 -0.0745969
2.07 -0.0745575
2.08 -0.0745173
2.09 -0.0744758
2.1 -0.0744318
2.11 -0.0743827
2.12 -0.0743242
2.13 -0.0742603
2.14 -0.0741638
2.15 -0.0737869
2.16 -0.0730259
2.17 -0.0733792
2.18 -0.0731585
2.19 -0.074117
2.2 -0.0740535
2.21 -0.0740265
2.22 -0.0739942
2.23 -0.0739593
2.24 -0.0739231
2.25 -0.073886
2.26 -0.0738485
2.27 -0.0738106
2.28 -0.0737724
2.29 -0.0737341
2.3 -0.0736957
2.31 -0.0736571
2.32 -0.0736184
2.33 -0.0735797
2.34 -0.0735408
2.35 -0.0735018
2.36 -0.0734628
2.37 -0.0734236
2.38 -0.0733844
2.39 -0.073345
2.4 -0.0733056
2.41 -0.073266
2.42 -0.0732263
2.43 -0.0731865
2.44 -0.0731465
2.45 -0.0731064
2.46 -0.0730662
2.47 -0.0730258
2.48 -0.0729852
2.49 -0.0729445
2.5 -0.0729036
2.51 -0.0728625
2.52 -0.0728212
2.53 -0.0727798
2.54 -0.0727381
2.55 -0.0726962
2.56 -0.0726541
2.57 -0.0726117
2.58 -0.0725691
2.59 -0.0725261
2.6 -0.0724828
2.61 -0.0724388
2.62 -0.0723939
2.63 -0.0723485
2.64 -0.0723003
2.65 -0.0722306
2.66 -0.0721327
2.67 -0.0721175
2.68 -0.0720605
2.69 -0.0720889
2.7 -0.072042
2.71 -0.0719974
2.72 -0.0719523
2.73 -0.0719067
2.74 -0.0718608
2.75 -0.0718146
2.76 -0.0717681
2.77 -0.0717214
2.78 -0.0716745
2.79 -0.0716274
2.8 -0.0715801
2.81 -0.0715325
2.82 -0.0714848
2.83 -0.0714368
2.84 -0.0713887
2.85 -0.0713404
2.86 -0.0712919
2.87 -0.0712432
2.88 -0.0711944
2.89 -0.0711455
2.9 -0.0710963
2.91 -0.0710471
2.92 -0.0709977
2.93 -0.0709482
2.94 -0.0708985
2.95 -0.0708487
2.96 -0.0707988
2.97 -0.0707488
2.98 -0.0706987
2.99 -0.0706485
3 -0.0705982
3.01 -0.0705479
3.02 -0.0704974
3.03 -0.0704469
3.04 -0.0703963
3.05 -0.0703456
3.06 -0.0702949
3.07 -0.070244
3.08 -0.0701932
3.09 -0.0701422
3.1 -0.0700912
3.11 -0.0700402
3.12 -0.069989
3.13 -0.0699377
3.14 -0.0698863
3.15 -0.0698333
3.16 -0.0697786
3.17 -0.0697292
3.18 -0.0696771
3.19 -0.0696304
3.2 -0.0695788
3.21 -0.0695273
3.22 -0.0694757
3.23 -0.0694241
3.24 -0.0693724
3.25 -0.0693206
3.26 -0.0692687
3.27 -0.0692168
3.28 -0.0691648
3.29 -0.0691127
3.3 -0.0690606
3.31 -0.0690083
3.32 -0.0689559
3.33 -0.0689035
3.34 -0.0688509
3.35 -0.0687982
3.36 -0.0687454
3.37 -0.0686925
3.38 -0.0686395
3.39 -0.0685863
3.4 -0.068533
3.41 -0.0684796
3.42 -0.068426
3.43 -0.0683722
3.44 -0.0683183
3.45 -0.0682643
3.46 -0.0682101
3.47 -0.0681557
3.48 -0.0681011
3.49 -0.0680464
3.5 -0.0679915
3.51 -0.0679364
3.52 -0.0678811
3.53 -0.0678257
3.54 -0.06777
3.55 -0.0677142
3.56 -0.0676582
3.57 -0.067602
3.58 -0.0675456
3.59 -0.0674889
3.6 -0.0674322
3.61 -0.0673752
3.62 -0.067318
3.63 -0.0672606
3.64 -0.067203
3.65 -0.0671452
3.66 -0.067087
3.67 -0.067029
3.68 -0.0669707
3.69 -0.0669124
3.7 -0.0668538
3.71 -0.0667949
3.72 -0.0667359
3.73 -0.0666768
3.74 -0.0666174
3.75 -0.0665579
3.76 -0.0664983
3.77 -0.0664385
3.78 -0.0663786
3.79 -0.0663185
3.8 -0.0662583
3.81 -0.0661979
3.82 -0.0661374
3.83 -0.0660769
3.84 -0.0660162
3.85 -0.0659553
3.86 -0.0658944
3.87 -0.0658334
3.88 -0.0657723
3.89 -0.0657111
3.9 -0.0656498
3.91 -0.0655884
3.92 -0.0655269
3.93 -0.0654654
3.94 -0.0654038
3.95 -0.0653421
3.96 -0.0652804
3.97 -0.0652186
3.98 -0.0651567
3.99 -0.0650948
4 -0.0650328
4.01 -0.0649708
4.02 -0.0649088
4.03 -0.0648467
4.04 -0.0647845
4.05 -0.0647223
4.06 -0.06466
4.07 -0.0645977
4.08 -0.0645354
4.09 -0.064473
4.1 -0.0644106
4.11 -0.0643481
4.12 -0.0642855
4.13 -0.0642229
4.14 -0.0641603
4.15 -0.0640976
4.16 -0.0640348
4.17 -0.063972
4.18 -0.0639091
4.19 -0.0638462
4.2 -0.0637832
4.21 -0.0637201
4.22 -0.063657
4.23 -0.0635937
4.24 -0.0635304
4.25 -0.063467
4.26 -0.0634035
4.27 -0.0633399
4.28 -0.0632762
4.29 -0.0632124
4.3 -0.0631485
4.31 -0.0630845
4.32 -0.0630203
4.33 -0.0629561
4.34 -0.0628917
4.35 -0.0628272
4.36 -0.0627626
4.37 -0.0626978
4.38 -0.0626329
4.39 -0.0625678
4.4 -0.0625027
4.41 -0.0624373
4.42 -0.0623718
4.43 -0.0623062
4.44 -0.0622404
4.45 -0.0621745
4.46 -0.0621084
4.47 -0.0620421
4.48 -0.0619757
4.49 -0.0619091
4.5 -0.0618424
4.51 -0.0617755
4.52 -0.0617085
4.53 -0.0616413
4.54 -0.0615739
4.55 -0.0615064
4.56 -0.0614387
4.57 -0.0613709
4.58 -0.0613029
4.59 -0.0612347
4.6 -0.0611664
4.61 -0.061098
4.62 -0.0610294
4.63 -0.0609607
4.64 -0.0608918
4.65 -0.0608228
4.66 -0.0607537
4.67 -0.0606844
4.68 -0.060615
4.69 -0.0605455
4.7 -0.0604759
4.71 -0.0604062
4.72 -0.0603363
4.73 -0.0602664
4.74 -0.0601963
4.75 -0.0601262
4.76 -0.0600559
4.77 -0.0599856
4.78 -0.0599152
4.79 -0.0598447
4.8 -0.0597741
4.81 -0.0597035
4.82 -0.0596328
4.83 -0.059562
4.84 -0.0594912
4.85 -0.0594203
4.86 -0.0593493
4.87 -0.0592783
4.88 -0.0592073
4.89 -0.0591362
4.9 -0.059065
4.91 -0.0589939
4.92 -0.0589226
4.93 -0.0588514
4.94 -0.0587801
4.95 -0.0587087
4.96 -0.0586373
4.97 -0.0585659
4.98 -0.0584945
4.99 -0.058423
5 -0.0583515
