0.6 4.5046
0.8 4.49714
1 4.48786
1.2 4.47607
1.4 4.46112
1.6 4.44241
1.8 4.41939
2 4.39161
2.2 4.35868
2.4 4.32032
2.6 4.27632
2.8 4.22659
3 4.17111
3.2 4.10999
3.4 4.04342
3.6 3.97166
3.8 3.89509
4 3.81412
4.2 3.72925
4.4 3.64102
4.6 3.55001
4.8 3.45684
5 3.36211
5.2 3.26646
5.4 3.1705
5.6 3.07482
5.8 2.98
6 2.88658
6.2 2.79504
6.4 2.70585
6.6 2.61942
6.8 2.5361
7 2.45621
7.2 2.38001
7.4 2.30774
7.6 2.23956
7.8 2.17563
8 2.11604
8.2 2.06088
8.4 2.01018
8.6 1.96397
8.8 1.92225
9 1.885
9.2 1.85219
9.4 1.82377
9.6 1.79968
9.8 1.77986
10 1.76422
10.2 1.75269
10.4 1.74517
10.6 1.74156
10.8 1.74173
11 1.74557
11.2 1.75292
11.4 1.76365
11.6 1.77757
11.8 1.79449
12 1.8142
12.2 1.83646
12.4 1.86102
12.6 1.88759
12.8 1.91587
13 1.94553
13.2 1.97621
13.4 2.00756
13.6 2.03918
13.8 2.07068
14 2.10166
14.2 2.13172
14.4 2.16047
14.6 2.18752
14.8 2.21253
15 2.23515
15.2 2.25508
15.4 2.27207
15.6 2.2859
15.8 2.29641
16 2.30349
16.2 2.30707
16.4 2.30716
16.6 2.30381
16.8 2.29712
17 2.28725
17.2 2.27441
17.4 2.25884
17.6 2.24083
17.8 2.22067
18 2.19872
18.2 2.17532
18.4 2.15085
18.6 2.12567
18.8 2.10017
19 2.07472
19.2 2.04967
19.4 2.0254
19.6 2.00223
19.8 1.98051
20 1.96055
20.2 1.94264
20.4 1.92707
20.6 1.9141
20.8 1.90399
21 1.89697
21.2 1.89328
21.4 1.89312
21.6 1.89671
21.8 1.90423
22 1.91587
22.2 1.9318
22.4 1.95219
22.6 1.97719
22.8 2.00695
23 2.04158
23.2 2.0812
23.4 2.1259
23.6 2.17573
23.8 2.23073
24 2.29089
24.2 2.35618
24.4 2.42651
24.6 2.50173
24.8 2.58166
25 2.66604
25.2 2.75455
25.4 2.84681
25.6 2.94238
25.8 3.04074
26 3.14132
26.2 3.24349
26.4 3.34654
26.6 3.44977
26.8 3.55241
27 3.65367
27.2 3.75277
27.4 3.84893
27.6 3.94138
27.8 4.02941
28 4.11236
28.2 4.18963
28.4 4.26069
28.6 4.32513
28.8 4.38262
29 4.43295
29.2 4.476
29.4 4.5118
29.6 4.54046
29.8 4.56221
30 4.57738
30.2 4.5864
30.4 4.58978
30.6 4.58811
30.8 4.58202
31 4.57222
31.2 4.55944
31.4 4.54445
31.6 4.52802
31.8 4.51094
32 4.49398
32.2 4.47792
32.4 4.46351
32.6 4.45148
32.8 4.44255
33 4.43737
33.2 4.4366
33.4 4.44085
33.6 4.45069
33.8 4.46666
34 4.48929
34.2 4.51903
34.4 4.55632
34.6 4.60155
34.8 4.65509
35 4.71724
35.2 4.78827
35.4 4.86838
35.6 4.95774
35.8 5.05642
36 5.16443
36.2 5.28172
36.4 5.40811
36.6 5.54335
36.8 5.68709
37 5.83882
37.2 5.99797
37.4 6.16379
37.6 6.33542
37.8 6.5119
38 6.6921
38.2 6.87478
38.4 7.05862
38.6 7.24217
38.8 7.42392
39 7.6023
39.2 7.77569
39.4 7.9425
39.6 8.10113
39.8 8.25004
40 8.38781
40.2 8.51308
40.4 8.62466
40.6 8.72155
40.8 8.8029
41 8.8681
41.2 8.91674
41.4 8.94866
41.6 8.96391
41.8 8.96278
42 8.94578
42.2 8.91362
42.4 8.86721
42.6 8.80759
42.8 8.73599
43 8.65372
43.2 8.56218
43.4 8.46286
43.6 8.35725
43.8 8.24687
44 8.13322
44.2 8.01777
44.4 7.90194
44.6 7.78708
44.8 7.67446
45 7.56527
45.2 7.46061
45.4 7.36147
45.6 7.26877
45.8 7.18329
46 7.10574
46.2 7.03674
46.4 6.9768
46.6 6.92634
46.8 6.88573
47 6.8552
47.2 6.83494
47.4 6.82505
47.6 6.82554
47.8 6.83636
48 6.85734
48.2 6.88828
48.4 6.92885
48.6 6.97865
48.8 7.03718
49 7.10385
49.2 7.17797
49.4 7.25874
49.6 7.34528
49.8 7.43658
50 7.53156
50.2 7.62904
50.4 7.72775
50.6 7.82636
50.8 7.92348
51 8.01766
51.2 8.10745
51.4 8.1914
51.6 8.26808
51.8 8.3361
52 8.39416
52.2 8.44105
52.4 8.4757
52.6 8.49718
52.8 8.50473
53 8.49777
53.2 8.47595
53.4 8.43908
53.6 8.38722
53.8 8.32062
54 8.23973
54.2 8.1452
54.4 8.03787
54.6 7.91869
54.8 7.78879
55 7.64939
55.2 7.50178
55.4 7.34734
55.6 7.18746
55.8 7.02353
56 6.85695
56.2 6.68904
56.4 6.52112
56.6 6.35438
56.8 6.18998
57 6.02896
57.2 5.87227
57.4 5.72075
57.6 5.57515
57.8 5.43611
58 5.30418
58.2 5.17981
58.4 5.06336
58.6 4.95512
58.8 4.85529
59 4.76401
59.2 4.68135
59.4 4.60733
59.6 4.5419
59.8 4.48498
60 4.43645
60.2 4.39612
60.4 4.36379
60.6 4.33919
60.8 4.32205
61 4.31201
61.2 4.30872
61.4 4.31176
61.6 4.32067
61.8 4.33495
62 4.35406
62.2 4.3774
62.4 4.40434
62.6 4.43421
62.8 4.46629
63 4.49984
63.2 4.53406
63.4 4.56817
63.6 4.60134
63.8 4.63277
64 4.66164
64.2 4.68717
64.4 4.7086
64.6 4.72523
64.8 4.73642
65 4.7416
65.2 4.74027
65.4 4.73205
65.6 4.71665
65.8 4.69388
66 4.66368
66.2 4.62608
66.4 4.58124
66.6 4.52943
66.8 4.47099
67 4.40638
67.2 4.33613
67.4 4.26084
67.6 4.18115
67.8 4.09777
68 4.0114
68.2 3.9228
68.4 3.83268
68.6 3.74178
68.8 3.6508
69 3.5604
69.2 3.47124
69.4 3.38389
69.6 3.29891
69.8 3.21679
70 3.13797
70.2 3.06284
70.4 2.99176
70.6 2.92502
70.8 2.86286
71 2.8055
71.2 2.7531
71.4 2.7058
71.6 2.6637
71.8 2.62688
72 2.59538
72.2 2.56922
72.4 2.54842
72.6 2.53295
72.8 2.52277
73 2.51783
73.2 2.51806
73.4 2.52335
73.6 2.5336
73.8 2.54864
74 2.56832
74.2 2.59243
74.4 2.62074
74.6 2.65299
74.8 2.68888
75 2.72806
75.2 2.77016
75.4 2.81477
75.6 2.86142
75.8 2.90962
76 2.95885
76.2 3.00855
76.4 3.05816
76.6 3.10707
76.8 3.15468
77 3.2004
77.2 3.24365
77.4 3.28385
77.6 3.32048
77.8 3.35305
78 3.38113
78.2 3.40434
78.4 3.42239
78.6 3.43504
78.8 3.44216
79 3.44369
79.2 3.43964
79.4 3.43013
79.6 3.41535
79.8 3.39554
80 3.37105
80.2 3.34227
80.4 3.30964
80.6 3.27364
80.8 3.23479
81 3.19364
81.2 3.15073
81.4 3.10664
81.6 3.06192
81.8 3.01712
82 2.97278
82.2 2.9294
82.4 2.88747
82.6 2.84746
82.8 2.80979
83 2.77488
83.2 2.74308
83.4 2.71475
83.6 2.69019
83.8 2.6697
84 2.65353
84.2 2.64192
84.4 2.63509
84.6 2.63323
84.8 2.6365
85 2.64508
85.2 2.65908
85.4 2.67861
85.6 2.70377
85.8 2.73461
86 2.77118
86.2 2.81348
86.4 2.86146
86.6 2.91508
86.8 2.9742
87 3.03867
87.2 3.10828
87.4 3.18274
87.6 3.26172
87.8 3.34482
88 3.43158
88.2 3.52146
88.4 3.61387
88.6 3.70815
88.8 3.80358
89 3.8994
89.2 3.9948
89.4 4.08894
89.6 4.18099
89.8 4.27008
90 4.35538
90.2 4.43608
90.4 4.51141
90.6 4.58068
90.8 4.64325
91 4.6986
91.2 4.74629
91.4 4.78599
91.6 4.8175
91.8 4.84074
92 4.85573
92.2 4.86264
92.4 4.86174
92.6 4.85341
92.8 4.83812
93 4.81645
93.2 4.78903
93.4 4.75656
93.6 4.7198
93.8 4.67953
94 4.63656
94.2 4.59171
94.4 4.54579
94.6 4.4996
94.8 4.45392
95 4.40951
95.2 4.36709
95.4 4.32734
95.6 4.2909
95.8 4.25837
96 4.23031
96.2 4.20724
96.4 4.18962
96.6 4.17789
96.8 4.17243
97 4.1736
97.2 4.1817
97.4 4.197
97.6 4.21974
97.8 4.2501
98 4.28824
98.2 4.33425
98.4 4.38818
98.6 4.45004
98.8 4.51975
99 4.5972
99.2 4.68218
99.4 4.77443
99.6 4.87358
99.8 4.9792
100 5.09074
100.2 5.20758
100.4 5.32898
100.6 5.45413
100.8 5.5821
101 5.7119
101.2 5.84244
101.4 5.97256
101.6 6.10108
101.8 6.22673
102 6.34827
102.2 6.46444
102.4 6.57402
102.6 6.67581
102.8 6.76873
103 6.85176
103.2 6.92401
103.4 6.98472
103.6 7.03331
103.8 7.06932
104 7.09251
104.2 7.10279
104.4 7.10027
104.6 7.08522
104.8 7.0581
105 7.0195
105.2 6.97018
105.4 6.911
105.6 6.84294
105.8 6.76707
106 6.6845
106.2 6.59639
106.4 6.50395
106.6 6.40836
106.8 6.31079
107 6.21239
107.2 6.11426
107.4 6.01745
107.6 5.92294
107.8 5.83165
108 5.74442
108.2 5.66202
108.4 5.58514
108.6 5.5144
108.8 5.45033
109 5.39342
109.2 5.34406
109.4 5.30259
109.6 5.26929
109.8 5.24438
110 5.228
110.2 5.22026
110.4 5.2212
110.6 5.23081
110.8 5.24901
111 5.27568
111.2 5.3106
111.4 5.35353
111.6 5.40413
111.8 5.46198
112 5.52662
112.2 5.59747
112.4 5.67389
112.6 5.75515
112.8 5.84044
113 5.92887
113.2 6.01947
113.4 6.11121
113.6 6.20298
113.8 6.29365
114 6.38204
114.2 6.46695
114.4 6.5472
114.6 6.62159
114.8 6.68901
115 6.74838
115.2 6.79873
115.4 6.83917
115.6 6.86895
115.8 6.88745
116 6.89422
116.2 6.88895
116.4 6.87153
116.6 6.84198
116.8 6.80052
117 6.74754
117.2 6.68355
117.4 6.60925
117.6 6.52541
117.8 6.43295
118 6.33286
118.2 6.22619
118.4 6.11405
118.6 5.99758
118.8 5.87789
119 5.75612
119.2 5.63335
119.4 5.51065
119.6 5.38899
119.8 5.26933
120 5.15251
120.2 5.03933
120.4 4.9305
120.6 4.82664
120.8 4.72832
121 4.63601
121.2 4.55011
121.4 4.47097
121.6 4.39887
121.8 4.33401
122 4.27657
122.2 4.22664
122.4 4.18431
122.6 4.14958
122.8 4.12243
123 4.1028
123.2 4.09059
123.4 4.08565
123.6 4.08781
123.8 4.09683
124 4.11244
124.2 4.13434
124.4 4.16216
124.6 4.19548
124.8 4.23383
125 4.27671
125.2 4.32353
125.4 4.37367
125.6 4.42644
125.8 4.48112
126 4.53693
126.2 4.59307
126.4 4.64868
126.6 4.70292
126.8 4.75492
127 4.80382
127.2 4.84878
127.4 4.88898
127.6 4.92369
127.8 4.9522
128 4.9739
128.2 4.98827
128.4 4.99489
128.6 4.99345
128.8 4.98375
129 4.96573
129.2 4.93943
129.4 4.90503
129.6 4.86281
129.8 4.81316
130 4.75657
130.2 4.69363
130.4 4.62497
130.6 4.55132
130.8 4.47343
131 4.39207
131.2 4.30806
131.4 4.22218
131.6 4.13524
131.8 4.048
132 3.9612
132.2 3.87555
132.4 3.7917
132.6 3.71025
132.8 3.63176
133 3.55674
133.2 3.48564
133.4 3.41885
133.6 3.35671
133.8 3.29954
134 3.24759
134.2 3.20107
134.4 3.16015
134.6 3.12498
134.8 3.09566
135 3.07227
135.2 3.05486
135.4 3.04345
135.6 3.03804
135.8 3.0386
136 3.04507
136.2 3.05735
136.4 3.07534
136.6 3.09888
136.8 3.12778
137 3.16182
137.2 3.20073
137.4 3.24419
137.6 3.29186
137.8 3.34332
138 3.39811
138.2 3.45572
138.4 3.51559
138.6 3.57713
138.8 3.63968
139 3.70257
139.2 3.76509
139.4 3.82649
139.6 3.88605
139.8 3.94303
140 3.99671
140.2 4.04638
140.4 4.09141
140.6 4.13118
140.8 4.16518
141 4.19293
141.2 4.21408
141.4 4.22836
141.6 4.23559
141.8 4.23571
142 4.22876
142.2 4.21487
142.4 4.19428
142.6 4.16733
142.8 4.13444
143 4.09609
143.2 4.05283
143.4 4.00528
143.6 3.95409
143.8 3.89991
144 3.84345
144.2 3.78539
144.4 3.72643
144.6 3.66724
144.8 3.60847
145 3.55074
145.2 3.49465
145.4 3.44075
145.6 3.38956
145.8 3.34154
146 3.29714
146.2 3.25675
146.4 3.22072
146.6 3.18937
146.8 3.163
147 3.14185
147.2 3.12614
147.4 3.11606
147.6 3.11178
147.8 3.11344
148 3.12113
148.2 3.13495
148.4 3.15495
148.6 3.18114
148.8 3.21352
149 3.25204
149.2 3.2966
149.4 3.34708
149.6 3.4033
149.8 3.46502
150 3.53195
150.2 3.60374
150.4 3.67997
150.6 3.76017
150.8 3.84378
151 3.93019
151.2 4.01873
151.4 4.10866
151.6 4.1992
151.8 4.2895
152 4.37872
152.2 4.46596
152.4 4.55034
152.6 4.63096
152.8 4.70697
153 4.77755
153.2 4.84195
153.4 4.89947
153.6 4.94952
153.8 4.9916
154 5.02533
154.2 5.05043
154.4 5.06677
154.6 5.07433
154.8 5.07323
155 5.0637
155.2 5.04609
155.4 5.02086
155.6 4.98856
155.8 4.94984
156 4.9054
156.2 4.85601
156.4 4.80248
156.6 4.74562
156.8 4.6863
157 4.62534
157.2 4.5636
157.4 4.50186
157.6 4.44093
157.8 4.38153
158 4.32439
158.2 4.27014
158.4 4.21941
158.6 4.17276
158.8 4.1307
159 4.0937
159.2 4.06217
159.4 4.03649
159.6 4.017
159.8 4.00399
160 3.9977
160.2 3.99834
160.4 4.0061
160.6 4.0211
160.8 4.04343
161 4.07315
161.2 4.11027
161.4 4.15474
161.6 4.20647
161.8 4.26531
162 4.33106
162.2 4.40342
162.4 4.48207
162.6 4.56658
162.8 4.65644
163 4.75108
163.2 4.84983
163.4 4.95195
163.6 5.05661
163.8 5.16293
164 5.26993
164.2 5.37661
164.4 5.48189
164.6 5.58469
164.8 5.6839
165 5.77842
165.2 5.86718
165.4 5.94916
165.6 6.0234
165.8 6.08902
166 6.14525
166.2 6.19145
166.4 6.22711
166.6 6.25184
166.8 6.26546
167 6.26789
167.2 6.25925
167.4 6.23978
167.6 6.2099
167.8 6.17014
168 6.12117
168.2 6.06377
168.4 5.99878
168.6 5.92715
168.8 5.84987
169 5.76796
169.2 5.68246
169.4 5.59442
169.6 5.50486
169.8 5.41478
170 5.32516
170.2 5.23689
170.4 5.15084
170.6 5.06781
170.8 4.98852
171 4.91366
171.2 4.84382
171.4 4.77953
171.6 4.72128
171.8 4.66947
172 4.62446
172.2 4.58656
172.4 4.556
172.6 4.53299
172.8 4.51767
173 4.51015
173.2 4.51048
173.4 4.51867
173.6 4.53467
173.8 4.5584
174 4.58971
174.2 4.62841
174.4 4.67423
174.6 4.72686
174.8 4.78591
175 4.85092
175.2 4.92136
175.4 4.99663
175.6 5.07604
175.8 5.15885
176 5.24423
176.2 5.33129
176.4 5.41908
176.6 5.50659
176.8 5.59278
177 5.67659
177.2 5.75695
177.4 5.83278
177.6 5.90304
177.8 5.96674
178 6.02295
178.2 6.07081
178.4 6.10959
178.6 6.13866
178.8 6.15751
179 6.1658
179.2 6.16331
179.4 6.15
179.6 6.12596
179.8 6.09145
180 6.04685
180.2 5.9927
180.4 5.92964
180.6 5.85843
180.8 5.7799
181 5.69497
181.2 5.60461
181.4 5.5098
181.6 5.41157
181.8 5.31092
182 5.20886
182.2 5.10635
182.4 5.00431
182.6 4.90363
182.8 4.80512
183 4.70954
183.2 4.61759
183.4 4.52987
183.6 4.44697
183.8 4.36935
184 4.29746
184.2 4.23165
184.4 4.17224
184.6 4.11948
184.8 4.07358
185 4.0347
185.2 4.00295
185.4 3.9784
185.6 3.96108
185.8 3.95099
186 3.94809
186.2 3.95228
186.4 3.96345
186.6 3.98142
186.8 4.00599
187 4.03689
187.2 4.07382
187.4 4.11641
187.6 4.16425
187.8 4.21685
188 4.27369
188.2 4.33416
188.4 4.39762
188.6 4.46334
188.8 4.53058
189 4.59851
189.2 4.66629
189.4 4.73304
189.6 4.79788
189.8 4.85989
190 4.9182
190.2 4.97194
190.4 5.02029
190.6 5.06249
190.8 5.09784
191 5.12575
191.2 5.1457
191.4 5.15731
191.6 5.1603
191.8 5.15451
192 5.13993
192.2 5.11667
192.4 5.08494
192.6 5.04509
192.8 4.99758
193 4.94295
193.2 4.88185
193.4 4.81498
193.6 4.7431
193.8 4.66701
194 4.58755
194.2 4.50555
194.4 4.42186
194.6 4.33728
194.8 4.25263
195 4.16866
195.2 4.0861
195.4 4.00561
195.6 3.92783
195.8 3.85331
196 3.78259
196.2 3.71611
196.4 3.65429
196.6 3.59748
196.8 3.546
197 3.50011
197.2 3.46004
197.4 3.42596
197.6 3.39803
197.8 3.37635
198 3.36101
198.2 3.35206
198.4 3.34951
198.6 3.35336
198.8 3.36356
199 3.38002
199.2 3.40264
199.4 3.43127
199.6 3.46571
199.8 3.50572
200 3.55102
200.2 3.60127
200.4 3.65608
200.6 3.715
200.8 3.77754
201 3.84312
201.2 3.91114
201.4 3.98093
201.6 4.05176
201.8 4.12289
202 4.19352
202.2 4.26284
202.4 4.33002
202.6 4.39424
202.8 4.45469
203 4.5106
203.2 4.56122
203.4 4.6059
203.6 4.64403
203.8 4.6751
204 4.6987
204.2 4.71451
204.4 4.72234
204.6 4.72211
204.8 4.71386
205 4.69774
205.2 4.67401
205.4 4.64305
205.6 4.60531
205.8 4.56134
206 4.51177
206.2 4.45727
206.4 4.39855
206.6 4.33638
206.8 4.27152
207 4.20476
207.2 4.13685
207.4 4.06856
207.6 4.0006
207.8 3.93369
208 3.86846
208.2 3.80554
208.4 3.7455
208.6 3.68886
208.8 3.6361
209 3.58764
209.2 3.54388
209.4 3.50515
209.6 3.47175
209.8 3.44396
210 3.42199
210.2 3.40605
210.4 3.39628
210.6 3.39282
210.8 3.39576
211 3.40518
211.2 3.4211
211.4 3.44352
211.6 3.47241
211.8 3.50768
212 3.54923
212.2 3.59688
212.4 3.65043
212.6 3.70959
212.8 3.77404
213 3.84339
213.2 3.91718
213.4 3.9949
213.6 4.07595
213.8 4.15968
214 4.24537
214.2 4.33226
214.4 4.41952
214.6 4.50628
214.8 4.59166
215 4.67474
215.2 4.75461
215.4 4.83037
215.6 4.90114
215.8 4.96611
216 5.02451
216.2 5.07567
216.4 5.11898
216.6 5.15398
216.8 5.18029
217 5.19767
217.2 5.20601
217.4 5.20533
217.6 5.19577
217.8 5.17759
218 5.1512
218.2 5.11709
218.4 5.07583
218.6 5.02812
218.8 4.9747
219 4.91634
219.2 4.8539
219.4 4.78821
219.6 4.72016
219.8 4.65059
220 4.58034
220.2 4.51025
220.4 4.44108
220.6 4.37358
220.8 4.30846
221 4.24636
221.2 4.18787
221.4 4.13355
221.6 4.08388
221.8 4.03931
222 4.00025
222.2 3.96702
222.4 3.93996
222.6 3.9193
222.8 3.90529
223 3.89809
223.2 3.89786
223.4 3.90471
223.6 3.9187
223.8 3.93986
224 3.96818
224.2 4.0036
224.4 4.04602
224.6 4.09528
224.8 4.15117
225 4.21341
225.2 4.28167
225.4 4.35554
225.6 4.43454
225.8 4.51813
226 4.60567
226.2 4.69646
226.4 4.78974
226.6 4.88467
226.8 4.98033
227 5.07579
227.2 5.17005
227.4 5.2621
227.6 5.3509
227.8 5.43543
228 5.51469
228.2 5.58773
228.4 5.65365
228.6 5.71163
228.8 5.76096
229 5.80102
229.2 5.83135
229.4 5.85159
229.6 5.86154
229.8 5.86115
230 5.85051
230.2 5.82985
230.4 5.79955
230.6 5.76011
230.8 5.71214
231 5.65635
231.2 5.59356
231.4 5.52462
231.6 5.45046
231.8 5.37203
232 5.29031
232.2 5.20625
232.4 5.12082
232.6 5.03495
232.8 4.94955
233 4.86545
233.2 4.78346
233.4 4.70434
233.6 4.62875
233.8 4.55732
234 4.49063
234.2 4.42916
234.4 4.37338
234.6 4.32365
234.8 4.28033
235 4.24369
235.2 4.21398
235.4 4.19137
235.6 4.17603
235.8 4.16804
236 4.16749
236.2 4.17437
236.4 4.18869
236.6 4.21035
236.8 4.23926
237 4.27524
237.2 4.31808
237.4 4.3675
237.6 4.42316
237.8 4.48466
238 4.55153
238.2 4.62324
238.4 4.69917
238.6 4.77864
238.8 4.86091
239 4.94515
239.2 5.03049
239.4 5.11601
239.6 5.20073
239.8 5.28366
240 5.36379
240.2 5.44009
240.4 5.51159
240.6 5.57731
240.8 5.63635
241 5.68788
241.2 5.73115
241.4 5.76553
241.6 5.7905
241.8 5.80566
242 5.81078
242.2 5.80573
242.4 5.79056
242.6 5.76544
242.8 5.7307
243 5.68679
243.2 5.63427
243.4 5.5738
243.6 5.50617
243.8 5.43218
244 5.35275
244.2 5.26879
244.4 5.18126
244.6 5.09111
244.8 4.9993
245 4.90674
245.2 4.81434
245.4 4.72294
245.6 4.63333
245.8 4.54628
246 4.46245
246.2 4.38247
246.4 4.3069
246.6 4.23625
246.8 4.17095
247 4.11139
247.2 4.05789
247.4 4.01073
247.6 3.97015
247.8 3.93632
248 3.90939
248.2 3.88946
248.4 3.87659
248.6 3.87081
248.8 3.87211
249 3.88043
249.2 3.89568
249.4 3.91774
