-5 -0.117117
-4.9 -0.203633
-4.8 0.114569
-4.7 -0.272308
-4.6 -0.037156
-4.5 -0.139667
-4.4 -0.245936
-4.3 0.198965
-4.2 -0.345647
-4.1 -0.0240402
-4 -0.181974
-3.9 -0.294485
-3.8 0.264542
-3.7 -0.420377
-3.6 -0.0256751
-3.5 -0.239879
-3.4 -0.339649
-3.3 0.289431
-3.2 -0.475909
-3.1 -0.0427081
-3 -0.297073
-2.9 -0.367703
-2.8 0.264911
-2.7 -0.492447
-2.6 -0.0681427
-2.5 -0.331749
-2.4 -0.36716
-2.3 0.201529
-2.2 -0.462139
-2.1 -0.0910584
-2 -0.329372
-1.9 -0.33534
-1.8 0.123414
-1.7 -0.393806
-1.6 -0.102808
-1.5 -0.291436
-1.4 -0.280175
-1.3 0.0545325
-1.2 -0.307329
-1.1 -0.100997
-1 -0.232817
-0.9 -0.215773
-0.8 0.00759086
-0.7 -0.222859
-0.6 -0.0890357
-0.5 -0.171429
-0.4 -0.155524
-0.3 -0.0174802
-0.2 -0.153287
-0.1 -0.0729363
0 -0.119775
0.1 -0.107681
0.2 -0.0278924
0.3 -0.103177
0.4 -0.0581796
0.5 -0.0829179
0.6 -0.0749094
0.7 -0.0316727
0.8 -0.0715324
0.9 -0.0481126
1 -0.0606422
1.1 -0.0560687
1.2 -0.0343305
1.3 -0.0548262
1.4 -0.0437718
1.5 -0.0501937
1.6 -0.0481643
1.7 -0.0383483
1.8 -0.0488321
1.9 -0.0444268
2 -0.0480074
2.1 -0.0476234
2.2 -0.0439577
2.3 -0.0494533
2.4 -0.0482983
2.5 -0.050533
2.6 -0.0509806
2.7 -0.05012
2.8 -0.0530889
2.9 -0.0532192
3 -0.0546413
3.1 -0.0552551
3.2 -0.0553348
3.3 -0.0568489
3.4 -0.0571659
3.5 -0.0578752
3.6 -0.0581818
3.7 -0.0582224
3.8 -0.0586955
3.9 -0.0586322
4 -0.0586059
4.1 -0.0583382
4.2 -0.0578923
4.3 -0.0574995
4.4 -0.0568298
4.5 -0.0560805
4.6 -0.0551647
4.7 -0.0541126
4.8 -0.0529993
4.9 -0.0517247
5 -0.0503575
