0.6 0.994039
0.8 0.992072
1 0.990116
1.2 0.988172
1.4 0.98624
1.6 0.984321
1.8 0.982416
2 0.980526
2.2 0.978652
2.4 0.976793
2.6 0.974952
2.8 0.973127
3 0.971321
3.2 0.969534
3.4 0.967766
3.6 0.966018
3.8 0.964291
4 0.962585
4.2 0.960901
4.4 0.95924
4.6 0.957601
4.8 0.955986
5 0.954396
5.2 0.95283
5.4 0.951289
5.6 0.949774
5.8 0.948286
6 0.946824
6.2 0.945389
6.4 0.943983
6.6 0.942604
6.8 0.941254
7 0.939934
7.2 0.938642
7.4 0.937381
7.6 0.93615
7.8 0.934949
8 0.93378
8.2 0.932642
8.4 0.931535
8.6 0.930461
8.8 0.929419
9 0.928409
9.2 0.927433
9.4 0.926489
9.6 0.925579
9.8 0.924703
10 0.923861
10.2 0.923052
10.4 0.922278
10.6 0.921538
10.8 0.920833
11 0.920163
11.2 0.919527
11.4 0.918926
11.6 0.918361
11.8 0.917831
12 0.917336
12.2 0.916876
12.4 0.916451
12.6 0.916062
12.8 0.915709
13 0.91539
13.2 0.915108
13.4 0.91486
13.6 0.914648
13.8 0.914471
14 0.914329
14.2 0.914222
14.4 0.914151
14.6 0.914114
14.8 0.914112
15 0.914145
15.2 0.914212
15.4 0.914313
15.6 0.914449
15.8 0.914619
16 0.914822
16.2 0.915059
16.4 0.915329
16.6 0.915632
16.8 0.915968
17 0.916337
17.2 0.916738
17.4 0.91717
17.6 0.917635
17.8 0.918131
18 0.918657
18.2 0.919215
18.4 0.919803
18.6 0.920421
18.8 0.921068
19 0.921745
19.2 0.92245
19.4 0.923184
19.6 0.923946
19.8 0.924736
20 0.925553
20.2 0.926397
20.4 0.927267
20.6 0.928162
20.8 0.929084
21 0.93003
21.2 0.931
21.4 0.931995
21.6 0.933012
21.8 0.934053
22 0.935117
22.2 0.936202
22.4 0.937308
22.6 0.938436
22.8 0.939584
23 0.940751
23.2 0.941938
23.4 0.943143
23.6 0.944367
23.8 0.945608
24 0.946866
24.2 0.948141
24.4 0.949431
24.6 0.950737
24.8 0.952057
25 0.953391
25.2 0.954739
25.4 0.956099
25.6 0.957472
25.8 0.958857
26 0.960252
26.2 0.961658
26.4 0.963074
26.6 0.964499
26.8 0.965933
27 0.967375
27.2 0.968824
27.4 0.97028
27.6 0.971742
27.8 0.97321
28 0.974682
28.2 0.976159
28.4 0.97764
28.6 0.979123
28.8 0.98061
29 0.982098
29.2 0.983587
29.4 0.985077
29.6 0.986567
29.8 0.988057
30 0.989546
30.2 0.991032
30.4 0.992517
30.6 0.993998
30.8 0.995476
31 0.99695
31.2 0.99842
31.4 0.999884
31.6 1.00134
31.8 1.00279
32 1.00424
32.2 1.00568
32.4 1.00711
32.6 1.00853
32.8 1.00994
33 1.01134
33.2 1.01273
33.4 1.01411
33.6 1.01548
33.8 1.01684
34 1.01819
34.2 1.01952
34.4 1.02084
34.6 1.02215
34.8 1.02344
35 1.02472
35.2 1.02598
35.4 1.02723
35.6 1.02846
35.8 1.02968
36 1.03087
36.2 1.03205
36.4 1.03322
36.6 1.03436
36.8 1.03549
37 1.0366
37.2 1.03769
37.4 1.03876
37.6 1.0398
37.8 1.04083
38 1.04184
38.2 1.04283
38.4 1.0438
38.6 1.04474
38.8 1.04566
39 1.04657
39.2 1.04744
39.4 1.0483
39.6 1.04913
39.8 1.04994
40 1.05073
40.2 1.05149
40.4 1.05223
40.6 1.05295
40.8 1.05364
41 1.0543
41.2 1.05495
41.4 1.05556
41.6 1.05616
41.8 1.05672
42 1.05727
42.2 1.05778
42.4 1.05828
42.6 1.05874
42.8 1.05918
43 1.0596
43.2 1.05999
43.4 1.06035
43.6 1.06069
43.8 1.061
44 1.06129
44.2 1.06155
44.4 1.06178
44.6 1.06199
44.8 1.06217
45 1.06233
45.2 1.06246
45.4 1.06257
45.6 1.06265
45.8 1.0627
46 1.06273
46.2 1.06273
46.4 1.06271
46.6 1.06266
46.8 1.06259
47 1.0625
47.2 1.06237
47.4 1.06223
47.6 1.06206
47.8 1.06186
48 1.06164
48.2 1.0614
48.4 1.06113
48.6 1.06084
48.8 1.06053
49 1.06019
49.2 1.05983
49.4 1.05944
49.6 1.05904
49.8 1.05861
50 1.05816
50.2 1.05769
50.4 1.0572
50.6 1.05668
50.8 1.05615
51 1.05559
51.2 1.05502
51.4 1.05442
51.6 1.05381
51.8 1.05318
52 1.05252
52.2 1.05185
52.4 1.05116
52.6 1.05045
52.8 1.04973
53 1.04899
53.2 1.04823
53.4 1.04745
53.6 1.04666
53.8 1.04586
54 1.04503
54.2 1.0442
54.4 1.04334
54.6 1.04248
54.8 1.0416
55 1.04071
55.2 1.0398
55.4 1.03888
55.6 1.03795
55.8 1.03701
56 1.03606
56.2 1.0351
56.4 1.03412
56.6 1.03314
56.8 1.03214
57 1.03114
57.2 1.03013
57.4 1.02911
57.6 1.02809
57.8 1.02705
58 1.02601
58.2 1.02497
58.4 1.02391
58.6 1.02286
58.8 1.02179
59 1.02073
59.2 1.01965
59.4 1.01858
59.6 1.0175
59.8 1.01642
60 1.01533
60.2 1.01425
60.4 1.01316
60.6 1.01207
60.8 1.01099
61 1.0099
61.2 1.00881
61.4 1.00772
61.6 1.00664
61.8 1.00555
62 1.00447
62.2 1.00339
62.4 1.00231
62.6 1.00124
62.8 1.00017
63 0.999105
63.2 0.998044
63.4 0.996988
63.6 0.995937
63.8 0.994893
64 0.993854
64.2 0.992823
64.4 0.991798
64.6 0.990781
64.8 0.989771
65 0.98877
65.2 0.987777
65.4 0.986793
65.6 0.985818
65.8 0.984853
66 0.983898
66.2 0.982953
66.4 0.982019
66.6 0.981096
66.8 0.980184
67 0.979283
67.2 0.978395
67.4 0.977519
67.6 0.976656
67.8 0.975805
68 0.974967
68.2 0.974143
68.4 0.973333
68.6 0.972537
68.8 0.971754
69 0.970987
69.2 0.970234
69.4 0.969496
69.6 0.968774
69.8 0.968066
70 0.967375
70.2 0.966699
70.4 0.96604
70.6 0.965397
70.8 0.964771
71 0.964161
71.2 0.963568
71.4 0.962992
71.6 0.962433
71.8 0.961892
72 0.961368
72.2 0.960862
72.4 0.960374
72.6 0.959903
72.8 0.959451
73 0.959017
73.2 0.958601
73.4 0.958203
73.6 0.957824
73.8 0.957463
74 0.957121
74.2 0.956798
74.4 0.956493
74.6 0.956207
74.8 0.95594
75 0.955692
75.2 0.955463
75.4 0.955252
75.6 0.95506
75.8 0.954888
76 0.954734
76.2 0.954599
76.4 0.954482
76.6 0.954385
76.8 0.954306
77 0.954247
77.2 0.954205
77.4 0.954183
77.6 0.954179
77.8 0.954193
78 0.954226
78.2 0.954277
78.4 0.954347
78.6 0.954434
78.8 0.95454
79 0.954664
79.2 0.954805
79.4 0.954964
79.6 0.95514
79.8 0.955334
80 0.955545
80.2 0.955773
80.4 0.956019
80.6 0.95628
80.8 0.956559
81 0.956854
81.2 0.957165
81.4 0.957492
81.6 0.957835
81.8 0.958193
82 0.958567
82.2 0.958956
82.4 0.959361
82.6 0.95978
82.8 0.960213
83 0.960661
83.2 0.961123
83.4 0.961598
83.6 0.962088
83.8 0.96259
84 0.963106
84.2 0.963635
84.4 0.964176
84.6 0.964729
84.8 0.965294
85 0.965871
85.2 0.96646
85.4 0.96706
85.6 0.96767
85.8 0.968292
86 0.968923
86.2 0.969565
86.4 0.970216
86.6 0.970877
86.8 0.971546
87 0.972225
87.2 0.972912
87.4 0.973607
87.6 0.97431
87.8 0.975021
88 0.975739
88.2 0.976463
88.4 0.977195
88.6 0.977932
88.8 0.978676
89 0.979425
89.2 0.98018
89.4 0.980939
89.6 0.981704
89.8 0.982472
90 0.983245
90.2 0.984021
90.4 0.9848
90.6 0.985583
90.8 0.986368
91 0.987156
91.2 0.987945
91.4 0.988736
91.6 0.989529
91.8 0.990323
92 0.991117
92.2 0.991912
92.4 0.992707
92.6 0.993502
92.8 0.994296
93 0.99509
93.2 0.995882
93.4 0.996672
93.6 0.997461
93.8 0.998248
94 0.999032
94.2 0.999814
94.4 1.00059
94.6 1.00137
94.8 1.00214
95 1.00291
95.2 1.00367
95.4 1.00443
95.6 1.00518
95.8 1.00593
96 1.00667
96.2 1.00741
96.4 1.00814
96.6 1.00887
96.8 1.00959
97 1.0103
97.2 1.01101
97.4 1.01171
97.6 1.0124
97.8 1.01308
98 1.01375
98.2 1.01442
98.4 1.01508
98.6 1.01573
98.8 1.01637
99 1.017
99.2 1.01762
99.4 1.01824
99.6 1.01884
99.8 1.01943
100 1.02001
100.2 1.02059
100.4 1.02115
100.6 1.0217
100.8 1.02224
101 1.02277
101.2 1.02328
101.4 1.02379
101.6 1.02428
101.8 1.02477
102 1.02524
102.2 1.0257
102.4 1.02614
102.6 1.02658
102.8 1.027
103 1.02741
103.2 1.0278
103.4 1.02819
103.6 1.02856
103.8 1.02892
104 1.02926
104.2 1.02959
104.4 1.02991
104.6 1.03021
104.8 1.03051
105 1.03078
105.2 1.03105
105.4 1.0313
105.6 1.03154
105.8 1.03176
106 1.03197
106.2 1.03217
106.4 1.03235
106.6 1.03252
106.8 1.03267
107 1.03281
107.2 1.03294
107.4 1.03305
107.6 1.03315
107.8 1.03324
108 1.03331
108.2 1.03337
108.4 1.03342
108.6 1.03345
108.8 1.03346
109 1.03347
109.2 1.03346
109.4 1.03344
109.6 1.0334
109.8 1.03335
110 1.03329
110.2 1.03321
110.4 1.03312
110.6 1.03302
110.8 1.0329
111 1.03278
111.2 1.03264
111.4 1.03248
111.6 1.03232
111.8 1.03214
112 1.03195
112.2 1.03175
112.4 1.03153
112.6 1.03131
112.8 1.03107
113 1.03082
113.2 1.03056
113.4 1.03028
113.6 1.03
113.8 1.02971
114 1.0294
114.2 1.02909
114.4 1.02876
114.6 1.02842
114.8 1.02808
115 1.02772
115.2 1.02735
115.4 1.02698
115.6 1.02659
115.8 1.0262
116 1.02579
116.2 1.02538
116.4 1.02496
116.6 1.02453
116.8 1.02409
117 1.02365
117.2 1.0232
117.4 1.02274
117.6 1.02227
117.8 1.02179
118 1.02131
118.2 1.02082
118.4 1.02033
118.6 1.01983
118.8 1.01932
119 1.01881
119.2 1.01829
119.4 1.01776
119.6 1.01723
119.8 1.0167
120 1.01616
120.2 1.01562
120.4 1.01507
120.6 1.01452
120.8 1.01397
121 1.01341
121.2 1.01285
121.4 1.01228
121.6 1.01172
121.8 1.01115
122 1.01058
122.2 1.01
122.4 1.00943
122.6 1.00885
122.8 1.00827
123 1.00769
123.2 1.00711
123.4 1.00653
123.6 1.00595
123.8 1.00537
124 1.00479
124.2 1.00421
124.4 1.00363
124.6 1.00305
124.8 1.00248
125 1.0019
125.2 1.00133
125.4 1.00075
125.6 1.00018
125.8 0.999613
126 0.999046
126.2 0.998483
126.4 0.997922
126.6 0.997364
126.8 0.996809
127 0.996258
127.2 0.995711
127.4 0.995168
127.6 0.994629
127.8 0.994094
128 0.993563
128.2 0.993037
128.4 0.992517
128.6 0.992001
128.8 0.991491
129 0.990986
129.2 0.990486
129.4 0.989993
129.6 0.989505
129.8 0.989024
130 0.988549
130.2 0.988081
130.4 0.987619
130.6 0.987164
130.8 0.986716
131 0.986275
131.2 0.985842
131.4 0.985416
131.6 0.984997
131.8 0.984587
132 0.984184
132.2 0.983789
132.4 0.983402
132.6 0.983023
132.8 0.982653
133 0.982291
133.2 0.981938
133.4 0.981594
133.6 0.981258
133.8 0.980931
134 0.980614
134.2 0.980305
134.4 0.980005
134.6 0.979715
134.8 0.979434
135 0.979163
135.2 0.978901
135.4 0.978648
135.6 0.978405
135.8 0.978172
136 0.977949
136.2 0.977735
136.4 0.977531
136.6 0.977337
136.8 0.977153
137 0.976979
137.2 0.976815
137.4 0.976661
137.6 0.976517
137.8 0.976383
138 0.976259
138.2 0.976145
138.4 0.976041
138.6 0.975947
138.8 0.975863
139 0.97579
139.2 0.975726
139.4 0.975673
139.6 0.975629
139.8 0.975595
140 0.975572
140.2 0.975558
140.4 0.975555
140.6 0.975561
140.8 0.975577
141 0.975603
141.2 0.975638
141.4 0.975683
141.6 0.975738
141.8 0.975802
142 0.975876
142.2 0.97596
142.4 0.976052
142.6 0.976154
142.8 0.976265
143 0.976386
143.2 0.976515
143.4 0.976653
143.6 0.9768
143.8 0.976956
144 0.977121
144.2 0.977294
144.4 0.977476
144.6 0.977666
144.8 0.977864
145 0.97807
145.2 0.978284
145.4 0.978507
145.6 0.978737
145.8 0.978974
146 0.97922
146.2 0.979472
146.4 0.979732
146.6 0.979999
146.8 0.980273
147 0.980554
147.2 0.980842
147.4 0.981136
147.6 0.981436
147.8 0.981743
148 0.982056
148.2 0.982375
148.4 0.9827
148.6 0.983031
148.8 0.983367
149 0.983708
149.2 0.984055
149.4 0.984407
149.6 0.984763
149.8 0.985124
150 0.98549
150.2 0.98586
150.4 0.986235
150.6 0.986613
150.8 0.986996
151 0.987382
151.2 0.987771
151.4 0.988164
151.6 0.988561
151.8 0.98896
152 0.989362
152.2 0.989767
152.4 0.990174
152.6 0.990584
152.8 0.990995
153 0.991409
153.2 0.991825
153.4 0.992242
153.6 0.992661
153.8 0.993081
154 0.993502
154.2 0.993924
154.4 0.994347
154.6 0.99477
154.8 0.995194
155 0.995618
155.2 0.996042
155.4 0.996466
155.6 0.99689
155.8 0.997313
156 0.997736
156.2 0.998158
156.4 0.998579
156.6 0.998999
156.8 0.999417
157 0.999834
157.2 1.00025
157.4 1.00066
157.6 1.00108
157.8 1.00149
158 1.00189
158.2 1.0023
158.4 1.0027
158.6 1.0031
158.8 1.0035
159 1.00389
159.2 1.00428
159.4 1.00467
159.6 1.00506
159.8 1.00544
160 1.00581
160.2 1.00619
160.4 1.00655
160.6 1.00692
160.8 1.00728
161 1.00764
161.2 1.00799
161.4 1.00834
161.6 1.00868
161.8 1.00902
162 1.00935
162.2 1.00968
162.4 1.01
162.6 1.01032
162.8 1.01063
163 1.01093
163.2 1.01123
163.4 1.01153
163.6 1.01182
163.8 1.0121
164 1.01238
164.2 1.01265
164.4 1.01291
164.6 1.01317
164.8 1.01342
165 1.01367
165.2 1.01391
165.4 1.01414
165.6 1.01437
165.8 1.01459
166 1.0148
166.2 1.01501
166.4 1.0152
166.6 1.0154
166.8 1.01558
167 1.01576
167.2 1.01593
167.4 1.01609
167.6 1.01625
167.8 1.0164
168 1.01654
168.2 1.01668
168.4 1.0168
168.6 1.01693
168.8 1.01704
169 1.01714
169.2 1.01724
169.4 1.01733
169.6 1.01742
169.8 1.01749
170 1.01756
170.2 1.01762
170.4 1.01768
170.6 1.01773
170.8 1.01777
171 1.0178
171.2 1.01782
171.4 1.01784
171.6 1.01785
171.8 1.01786
172 1.01785
172.2 1.01784
172.4 1.01782
172.6 1.0178
172.8 1.01776
173 1.01772
173.2 1.01768
173.4 1.01762
173.6 1.01756
173.8 1.0175
174 1.01742
174.2 1.01734
174.4 1.01726
174.6 1.01716
174.8 1.01706
175 1.01695
175.2 1.01684
175.4 1.01672
175.6 1.01659
175.8 1.01646
176 1.01632
176.2 1.01618
176.4 1.01603
176.6 1.01587
176.8 1.01571
177 1.01554
177.2 1.01537
177.4 1.01519
177.6 1.01501
177.8 1.01482
178 1.01462
178.2 1.01442
178.4 1.01422
178.6 1.01401
178.8 1.0138
179 1.01358
179.2 1.01335
179.4 1.01312
179.6 1.01289
179.8 1.01265
180 1.01241
180.2 1.01217
180.4 1.01192
180.6 1.01167
180.8 1.01141
181 1.01115
181.2 1.01089
181.4 1.01062
181.6 1.01035
181.8 1.01008
182 1.0098
182.2 1.00952
182.4 1.00924
182.6 1.00895
182.8 1.00867
183 1.00838
183.2 1.00809
183.4 1.00779
183.6 1.0075
183.8 1.0072
184 1.0069
184.2 1.0066
184.4 1.0063
184.6 1.006
184.8 1.00569
185 1.00539
185.2 1.00508
185.4 1.00477
185.6 1.00446
185.8 1.00415
186 1.00384
186.2 1.00354
186.4 1.00323
186.6 1.00292
186.8 1.00261
187 1.0023
187.2 1.00199
187.4 1.00168
187.6 1.00137
187.8 1.00106
188 1.00076
188.2 1.00045
188.4 1.00015
188.6 0.999842
188.8 0.999539
189 0.999238
189.2 0.998939
189.4 0.998641
189.6 0.998345
189.8 0.998051
190 0.997758
190.2 0.997468
190.4 0.99718
190.6 0.996894
190.8 0.996611
191 0.99633
191.2 0.996052
191.4 0.995776
191.6 0.995503
191.8 0.995234
192 0.994967
192.2 0.994703
192.4 0.994442
192.6 0.994185
192.8 0.993931
193 0.993681
193.2 0.993434
193.4 0.993191
193.6 0.992951
193.8 0.992715
194 0.992483
194.2 0.992255
194.4 0.992032
194.6 0.991812
194.8 0.991596
195 0.991385
195.2 0.991178
195.4 0.990975
195.6 0.990777
195.8 0.990583
196 0.990394
196.2 0.990209
196.4 0.99003
196.6 0.989855
196.8 0.989684
197 0.989519
197.2 0.989358
197.4 0.989203
197.6 0.989052
197.8 0.988906
198 0.988766
198.2 0.98863
198.4 0.9885
198.6 0.988375
198.8 0.988255
199 0.98814
199.2 0.98803
199.4 0.987926
199.6 0.987827
199.8 0.987733
200 0.987645
200.2 0.987562
200.4 0.987484
200.6 0.987411
200.8 0.987344
201 0.987283
201.2 0.987227
201.4 0.987176
201.6 0.98713
201.8 0.98709
202 0.987055
202.2 0.987026
202.4 0.987002
202.6 0.986983
202.8 0.98697
203 0.986961
203.2 0.986959
203.4 0.986961
203.6 0.986969
203.8 0.986982
204 0.987
204.2 0.987023
204.4 0.987052
204.6 0.987085
204.8 0.987124
205 0.987167
205.2 0.987216
205.4 0.98727
205.6 0.987328
205.8 0.987391
206 0.98746
206.2 0.987533
206.4 0.98761
206.6 0.987693
206.8 0.98778
207 0.987872
207.2 0.987968
207.4 0.988068
207.6 0.988173
207.8 0.988283
208 0.988397
208.2 0.988514
208.4 0.988637
208.6 0.988763
208.8 0.988893
209 0.989027
209.2 0.989165
209.4 0.989307
209.6 0.989452
209.8 0.989602
210 0.989755
210.2 0.989911
210.4 0.990071
210.6 0.990234
210.8 0.9904
211 0.99057
211.2 0.990743
211.4 0.990919
211.6 0.991098
211.8 0.991279
212 0.991464
212.2 0.991651
212.4 0.991841
212.6 0.992033
212.8 0.992228
213 0.992425
213.2 0.992624
213.4 0.992826
213.6 0.99303
213.8 0.993235
214 0.993443
214.2 0.993652
214.4 0.993863
214.6 0.994076
214.8 0.99429
215 0.994506
215.2 0.994723
215.4 0.994942
215.6 0.995161
215.8 0.995382
216 0.995603
216.2 0.995826
216.4 0.996049
216.6 0.996273
216.8 0.996497
217 0.996723
217.2 0.996948
217.4 0.997174
217.6 0.9974
217.8 0.997626
218 0.997852
218.2 0.998079
218.4 0.998305
218.6 0.998531
218.8 0.998756
219 0.998981
219.2 0.999206
219.4 0.99943
219.6 0.999654
219.8 0.999876
220 1.0001
220.2 1.00032
220.4 1.00054
220.6 1.00076
220.8 1.00098
221 1.00119
221.2 1.00141
221.4 1.00162
221.6 1.00183
221.8 1.00204
222 1.00225
222.2 1.00246
222.4 1.00266
222.6 1.00287
222.8 1.00307
223 1.00327
223.2 1.00347
223.4 1.00366
223.6 1.00385
223.8 1.00404
224 1.00423
224.2 1.00442
224.4 1.0046
224.6 1.00478
224.8 1.00496
225 1.00513
225.2 1.00531
225.4 1.00548
225.6 1.00564
225.8 1.00581
226 1.00597
226.2 1.00613
226.4 1.00628
226.6 1.00643
226.8 1.00658
227 1.00673
227.2 1.00687
227.4 1.00701
227.6 1.00714
227.8 1.00727
228 1.0074
228.2 1.00752
228.4 1.00765
228.6 1.00776
228.8 1.00788
229 1.00799
229.2 1.00809
229.4 1.0082
229.6 1.0083
229.8 1.00839
230 1.00848
230.2 1.00857
230.4 1.00866
230.6 1.00874
230.8 1.00881
231 1.00889
231.2 1.00895
231.4 1.00902
231.6 1.00908
231.8 1.00914
232 1.00919
232.2 1.00924
232.4 1.00929
232.6 1.00933
232.8 1.00936
233 1.0094
233.2 1.00943
233.4 1.00945
233.6 1.00947
233.8 1.00949
234 1.00951
234.2 1.00952
234.4 1.00952
234.6 1.00953
234.8 1.00952
235 1.00952
235.2 1.00951
235.4 1.0095
235.6 1.00948
235.8 1.00946
236 1.00944
236.2 1.00941
236.4 1.00938
236.6 1.00934
236.8 1.0093
237 1.00926
237.2 1.00921
237.4 1.00916
237.6 1.00911
237.8 1.00905
238 1.00899
238.2 1.00893
238.4 1.00886
238.6 1.00879
238.8 1.00872
239 1.00864
239.2 1.00856
239.4 1.00848
239.6 1.0084
239.8 1.00831
240 1.00822
240.2 1.00812
240.4 1.00802
240.6 1.00792
240.8 1.00782
241 1.00771
241.2 1.0076
241.4 1.00749
241.6 1.00738
241.8 1.00726
242 1.00714
242.2 1.00702
242.4 1.0069
242.6 1.00677
242.8 1.00664
243 1.00651
243.2 1.00638
243.4 1.00625
243.6 1.00611
243.8 1.00597
244 1.00583
244.2 1.00569
244.4 1.00554
244.6 1.0054
244.8 1.00525
245 1.0051
245.2 1.00495
245.4 1.0048
245.6 1.00465
245.8 1.00449
246 1.00434
246.2 1.00418
246.4 1.00403
246.6 1.00387
246.8 1.00371
247 1.00355
247.2 1.00339
247.4 1.00322
247.6 1.00306
247.8 1.0029
248 1.00274
248.2 1.00257
248.4 1.00241
248.6 1.00224
248.8 1.00208
249 1.00191
249.2 1.00175
249.4 1.00158
