-5 0.046529
-4.99 0.0338474
-4.98 0.0109729
-4.97 -0.00960951
-4.96 -0.0181864
-4.95 -0.0124402
-4.94 0.00209592
-4.93 0.0156631
-4.92 0.0198447
-4.91 0.0120739
-4.9 -0.00322487
-4.89 -0.0173153
-4.88 -0.0220889
-4.87 -0.0145623
-4.86 0.00147022
-4.85 0.0174783
-4.84 0.0248036
-4.83 0.0193497
-4.82 0.00383587
-4.81 -0.0135998
-4.8 -0.0237216
-4.79 -0.0211517
-4.78 -0.00731841
-4.77 0.0101973
-4.76 0.0216137
-4.75 0.0201399
-4.74 0.00566778
-4.73 -0.0150124
-4.72 -0.031638
-4.71 -0.035781
-4.7 -0.0252651
-4.69 -0.00535687
-4.68 0.0139284
-4.67 0.0230278
-4.66 0.0178224
-4.65 0.00178822
-4.64 -0.0158507
-4.63 -0.0250251
-4.62 -0.0202103
-4.61 -0.00344926
-4.6 0.0166233
-4.59 0.0292881
-4.58 0.0274329
-4.57 0.0114232
-4.56 -0.0109305
-4.55 -0.0283507
-4.54 -0.031968
-4.53 -0.0200135
-4.52 0.00116947
-4.51 0.0203755
-4.5 0.0273852
-4.49 0.0183479
-4.48 -0.00215133
-4.47 -0.0234716
-4.46 -0.0345258
-4.45 -0.0296765
-4.44 -0.0117831
-4.43 0.00925829
-4.42 0.0217602
-4.41 0.0185263
-4.4 0.000823131
-4.39 -0.0221271
-4.38 -0.0379453
-4.37 -0.0377012
-4.36 -0.0208281
-4.35 0.00432222
-4.34 0.0246821
-4.33 0.0292984
-4.32 0.0152148
-4.31 -0.0107434
-4.3 -0.0353256
-4.29 -0.0456893
-4.28 -0.0361734
-4.27 -0.0114284
-4.26 0.0158223
-4.25 0.0313142
-4.24 0.0267071
-4.23 0.00407019
-4.22 -0.0250196
-4.21 -0.0453767
-4.2 -0.0460732
-4.19 -0.0261658
-4.18 0.00475285
-4.17 0.0315218
-4.16 0.0413321
-4.15 0.0304398
-4.14 0.00610033
-4.13 -0.0173617
-4.12 -0.0263267
-4.11 -0.0154031
-4.1 0.00933255
-4.09 0.0332029
-4.08 0.0405141
-4.07 0.0229322
-4.06 -0.0157658
-4.05 -0.0611396
-4.04 -0.0950683
-4.03 -0.104658
-4.02 -0.088399
-4.01 -0.0562983
-4 -0.0238868
-3.99 -0.00329699
-3.98 0.00375047
-3.97 0.00712075
-3.96 0.0227173
-3.95 0.0629411
-3.94 0.128148
-3.93 0.203773
-3.92 0.264972
-3.91 0.286774
-3.9 0.254801
-3.89 0.171244
-3.88 0.053152
-3.87 -0.0759337
-3.86 -0.196492
-3.85 -0.300068
-3.84 -0.389105
-3.83 -0.469771
-3.82 -0.541922
-3.81 -0.592204
-3.8 -0.594891
-3.79 -0.521135
-3.78 -0.352748
-3.77 -0.0938957
-3.76 0.225353
-3.75 0.555923
-3.74 0.844365
-3.73 1.04868
-3.72 1.14826
-3.71 1.14394
-3.7 1.04925
-3.69 0.878475
-3.68 0.638766
-3.67 0.330998
-3.66 -0.040891
-3.65 -0.457585
-3.64 -0.87702
-3.63 -1.23803
-3.62 -1.47571
-3.61 -1.54298
-3.6 -1.42875
-3.59 -1.16399
-3.58 -0.811858
-3.57 -0.445815
-3.56 -0.125018
-3.55 0.12192
-3.54 0.29804
-3.53 0.42466
-3.52 0.521541
-3.51 0.591917
-3.5 0.621098
-3.49 0.589951
-3.48 0.495947
-3.47 0.369248
-3.46 0.272459
-3.45 0.280188
-3.44 0.445143
-3.43 0.765887
-3.42 1.17312
-3.41 1.54478
-3.4 1.74789
-3.39 1.692
-3.38 1.37201
-3.37 0.880235
-3.36 0.379598
-3.35 0.0455574
-3.34 -0.00109005
-3.33 0.256532
-3.32 0.72114
-3.31 1.21573
-3.3 1.55005
-3.29 1.59314
-3.28 1.32292
-3.27 0.833248
-3.26 0.29602
-3.25 -0.106054
-3.24 -0.248722
-3.23 -0.110246
-3.22 0.226049
-3.21 0.609805
-3.2 0.885141
-3.19 0.950107
-3.18 0.790904
-3.17 0.47928
-3.16 0.137057
-3.15 -0.115435
-3.14 -0.205197
-3.13 -0.12911
-3.12 0.0533556
-3.11 0.251104
-3.1 0.380988
-3.09 0.399089
-3.08 0.31213
-3.07 0.167013
-3.06 0.0257211
-3.05 -0.0620471
-3.04 -0.0768413
-3.03 -0.0319687
-3.02 0.0381035
-3.01 0.0962375
-3 0.118898
-2.99 0.103465
-2.98 0.0648859
-2.97 0.0250304
-2.96 0.00093212
-2.95 -0.00235366
-2.94 0.00836387
-2.93 0.0205093
-2.92 0.0237786
-2.91 0.0156536
-2.9 0.00179797
-2.89 -0.00827594
-2.88 -0.0074079
-2.87 0.00476024
-2.86 0.0214907
-2.85 0.0328081
-2.84 0.0312347
-2.83 0.0161719
-2.82 -0.00549345
-2.81 -0.022903
-2.8 -0.0269832
-2.79 -0.0153725
-2.78 0.00611689
-2.77 0.0263195
-2.76 0.0343952
-2.75 0.0254424
-2.74 0.00313633
-2.73 -0.0219976
-2.72 -0.037832
-2.71 -0.0367472
-2.7 -0.0194921
-2.69 0.0051846
-2.68 0.0249613
-2.67 0.0301865
-2.66 0.0187629
-2.65 -0.0028253
-2.64 -0.0228747
-2.63 -0.0305107
-2.62 -0.0213284
-2.61 0.000273825
-2.6 0.0232917
-2.59 0.0357507
-2.58 0.0309051
-2.57 0.0108107
-2.56 -0.0146043
-2.55 -0.0325447
-2.54 -0.0338991
-2.53 -0.0179748
-2.52 0.00705031
-2.51 0.0282462
-2.5 0.0345501
-2.49 0.0224928
-2.48 -0.00194451
-2.47 -0.0263552
-2.46 -0.0383052
-2.45 -0.0318175
-2.44 -0.0105604
-2.43 0.013977
-2.42 0.0284491
-2.41 0.0246966
-2.4 0.00418338
-2.39 -0.0225654
-2.38 -0.0413401
-2.37 -0.0417155
-2.36 -0.0227189
-2.35 0.00634524
-2.34 0.0304843
-2.33 0.0367546
-2.32 0.021157
-2.31 -0.00896663
-2.3 -0.0384326
-2.29 -0.0519431
-2.28 -0.0421061
-2.27 -0.0135426
-2.26 0.0191881
-2.25 0.0389335
-2.24 0.0348616
-2.23 0.00831846
-2.22 -0.0275186
-2.21 -0.0541688
-2.2 -0.0572957
-2.19 -0.0342043
-2.18 0.00457597
-2.17 0.0405703
-2.16 0.0568616
-2.15 0.0468982
-2.14 0.0179398
-2.13 -0.0127949
-2.12 -0.0273978
-2.11 -0.0171505
-2.1 0.012247
-2.09 0.0430436
-2.08 0.0543944
-2.07 0.0333839
-2.06 -0.017637
-2.05 -0.0813652
-2.04 -0.133541
-2.03 -0.154597
-2.02 -0.138923
-2.01 -0.0968217
-2 -0.0480706
-1.99 -0.0104402
-1.98 0.0106143
-1.97 0.0253213
-1.96 0.0537969
-1.95 0.113753
-1.94 0.208048
-1.93 0.318857
-1.92 0.412086
-1.91 0.45045
-1.9 0.409085
-1.89 0.286022
-1.88 0.102375
-1.87 -0.107716
-1.86 -0.311987
-1.85 -0.491865
-1.84 -0.644888
-1.83 -0.776586
-1.82 -0.886606
-1.81 -0.957454
-1.8 -0.953382
-1.79 -0.831884
-1.78 -0.563482
-1.77 -0.150542
-1.76 0.364569
-1.75 0.907011
-1.74 1.39029
-1.73 1.7414
-1.72 1.91915
-1.71 1.91797
-1.7 1.75709
-1.69 1.46229
-1.68 1.0514
-1.67 0.532248
-1.66 -0.0854236
-1.65 -0.771263
-1.64 -1.46092
-1.63 -2.05876
-1.62 -2.45973
-1.61 -2.58334
-1.6 -2.40488
-1.59 -1.9689
-1.58 -1.37665
-1.57 -0.751744
-1.56 -0.198464
-1.55 0.22857
-1.54 0.530075
-1.53 0.742001
-1.52 0.901709
-1.51 1.01979
-1.5 1.0741
-1.49 1.03057
-1.48 0.879967
-1.47 0.66891
-1.46 0.503706
-1.45 0.517496
-1.44 0.810341
-1.43 1.38845
-1.42 2.13413
-1.41 2.82791
-1.4 3.2222
-1.39 3.14074
-1.38 2.56256
-1.37 1.65097
-1.36 0.708568
-1.35 0.0701117
-1.34 -0.0267315
-1.33 0.459901
-1.32 1.35075
-1.31 2.30754
-1.3 2.96042
-1.29 3.05058
-1.28 2.5305
-1.27 1.58116
-1.26 0.539161
-1.25 -0.235858
-1.24 -0.499495
-1.23 -0.211041
-1.22 0.461423
-1.21 1.21781
-1.2 1.74997
-1.19 1.86057
-1.18 1.52998
-1.17 0.90793
-1.16 0.239493
-1.15 -0.239518
-1.14 -0.39277
-1.13 -0.224441
-1.12 0.140254
-1.11 0.520269
-1.1 0.757636
-1.09 0.776109
-1.08 0.598251
-1.07 0.319797
-1.06 0.0583543
-1.05 -0.0980898
-1.04 -0.121103
-1.03 -0.0411472
-1.02 0.0778929
-1.01 0.173214
-1 0.209593
-0.99 0.18754
-0.98 0.133209
-0.97 0.0787509
-0.96 0.0447839
-0.95 0.0333388
-0.94 0.0326878
-0.93 0.0289185
-0.92 0.0163033
-0.91 0.000435271
-0.9 -0.00687544
-0.89 0.00307703
-0.88 0.0286122
-0.87 0.0571003
-0.86 0.0715649
-0.85 0.0605685
-0.84 0.0255336
-0.83 -0.0189081
-0.82 -0.0520002
-0.81 -0.0576474
-0.8 -0.033057
-0.79 0.0094929
-0.78 0.0487988
-0.77 0.0655798
-0.76 0.0523171
-0.75 0.01693
-0.74 -0.0215787
-0.73 -0.0431436
-0.72 -0.0370288
-0.71 -0.00718879
-0.7 0.0300873
-0.69 0.0548641
-0.68 0.053941
-0.67 0.0275101
-0.66 -0.0112598
-0.65 -0.0433157
-0.64 -0.0536375
-0.63 -0.0387765
-0.62 -0.00818405
-0.61 0.0211642
-0.6 0.0338538
-0.59 0.0239925
-0.58 -0.00205842
-0.57 -0.0294471
-0.56 -0.042931
-0.55 -0.0349579
-0.54 -0.00950271
-0.53 0.02024
-0.52 0.0389485
-0.51 0.0372342
-0.5 0.0164404
-0.49 -0.0122434
-0.48 -0.0337591
-0.47 -0.0370258
-0.46 -0.0205402
-0.45 0.007108
-0.44 0.0319332
-0.43 0.0418885
-0.42 0.0329661
-0.41 0.0109456
-0.4 -0.0119783
-0.39 -0.0237756
-0.38 -0.0188411
-0.37 -0.000679101
-0.36 0.0202842
-0.35 0.032471
-0.34 0.0293716
-0.33 0.0129186
-0.32 -0.00770823
-0.31 -0.0211291
-0.3 -0.0199287
-0.29 -0.00465532
-0.28 0.0164441
-0.27 0.0317863
-0.26 0.0325938
-0.25 0.0175829
-0.24 -0.00625388
-0.23 -0.0271765
-0.22 -0.0347
-0.21 -0.0249644
-0.2 -0.00271006
-0.19 0.0211435
-0.18 0.0350532
-0.17 0.0326881
-0.16 0.0160718
-0.15 -0.00554745
-0.14 -0.0204927
-0.13 -0.0206615
-0.12 -0.00569398
-0.11 0.0167809
-0.1 0.0349094
-0.09 0.038466
-0.08 0.0238554
-0.07 -0.00419939
-0.06 -0.035052
-0.05 -0.0573248
-0.04 -0.0642459
-0.03 -0.056466
-0.02 -0.0410113
-0.01 -0.0270107
0 -0.0204567
0.01 -0.0207313
0.02 -0.0207169
0.03 -0.01049
0.04 0.0172135
0.05 0.0624775
0.06 0.116897
0.07 0.166185
0.08 0.195504
0.09 0.195019
0.1 0.163134
0.11 0.106019
0.12 0.033934
0.13 -0.0436301
0.14 -0.121403
0.15 -0.198601
0.16 -0.27592
0.17 -0.350954
0.18 -0.414691
0.19 -0.45135
0.2 -0.442285
0.21 -0.372655
0.22 -0.238107
0.23 -0.0484745
0.24 0.1733
0.25 0.39673
0.26 0.59159
0.27 0.734773
0.28 0.813585
0.29 0.824679
0.3 0.769983
0.31 0.652458
0.32 0.474429
0.33 0.239776
0.34 -0.041126
0.35 -0.346671
0.36 -0.64294
0.37 -0.888351
0.38 -1.04346
0.39 -1.08259
0.4 -1.00257
0.41 -0.824589
0.42 -0.587822
0.43 -0.337141
0.44 -0.109785
0.45 0.0735155
0.46 0.209583
0.47 0.306333
0.48 0.372837
0.49 0.411634
0.5 0.417834
0.51 0.385825
0.52 0.31992
0.53 0.242381
0.54 0.192585
0.55 0.215024
0.56 0.339579
0.57 0.562508
0.58 0.838059
0.59 1.08731
0.6 1.22373
0.61 1.18706
0.62 0.971666
0.63 0.636501
0.64 0.289686
0.65 0.0515076
0.66 0.00899617
0.67 0.18017
0.68 0.503327
0.69 0.857302
0.7 1.10605
0.71 1.15054
0.72 0.967212
0.73 0.617381
0.74 0.223366
0.75 -0.0791322
0.76 -0.193232
0.77 -0.0967077
0.78 0.152544
0.79 0.442692
0.8 0.654174
0.81 0.706462
0.82 0.586562
0.83 0.348807
0.84 0.087892
0.85 -0.10199
0.86 -0.164179
0.87 -0.0979314
0.88 0.047688
0.89 0.199496
0.9 0.292753
0.91 0.29623
0.92 0.220108
0.93 0.105464
0.94 0.00221048
0.95 -0.0534224
0.96 -0.0519676
0.97 -0.00994018
0.98 0.0423719
0.99 0.0772278
1 0.081662
1.01 0.0605041
1.02 0.0302182
1.03 0.00806238
1.04 0.00277533
1.05 0.0113769
1.06 0.0229138
1.07 0.026208
1.08 0.0168382
1.09 -0.000530392
1.1 -0.0154409
1.11 -0.018316
1.12 -0.00648099
1.13 0.0139465
1.14 0.031331
1.15 0.0350542
1.16 0.0216053
1.17 -0.00319594
1.18 -0.0271033
1.19 -0.0379142
1.2 -0.0300024
1.21 -0.0073821
1.22 0.0183449
1.23 0.0340623
1.24 0.0319948
1.25 0.0137139
1.26 -0.0107991
1.27 -0.0284949
1.28 -0.0301446
1.29 -0.0151371
1.3 0.00831095
1.31 0.0275812
1.32 0.0323297
1.33 0.0198795
1.34 -0.00347822
1.35 -0.0258937
1.36 -0.0362157
1.37 -0.0297737
1.38 -0.010664
1.39 0.0105929
1.4 0.0227089
1.41 0.0195688
1.42 0.00332761
1.43 -0.0169105
1.44 -0.0300562
1.45 -0.0289602
1.46 -0.0141581
1.47 0.00651009
1.48 0.0221405
1.49 0.0245744
1.5 0.0126863
1.51 -0.00709067
1.52 -0.0242286
1.53 -0.0296816
1.54 -0.020612
1.55 -0.00179221
1.56 0.0170055
1.57 0.0261986
1.58 0.0213971
1.59 0.00559237
1.6 -0.0125695
1.61 -0.0234533
1.62 -0.0215291
1.63 -0.00820102
1.64 0.00908708
1.65 0.0209315
1.66 0.0210217
1.67 0.0094676
1.68 -0.00734487
1.69 -0.0202514
1.7 -0.0222609
1.71 -0.0123064
1.72 0.00419476
1.73 0.0182527
1.74 0.0221201
1.75 0.0134419
1.76 -0.00346507
1.77 -0.0198726
1.78 -0.0272372
1.79 -0.0216979
1.8 -0.00610129
1.81 0.0115028
1.82 0.0220904
1.83 0.0203837
1.84 0.00758237
1.85 -0.00931609
1.86 -0.0212299
1.87 -0.0217789
1.88 -0.0106329
1.89 0.00631743
1.9 0.0200322
1.91 0.0230112
1.92 0.0131472
1.93 -0.00524519
1.94 -0.0237208
1.95 -0.0340748
1.96 -0.0324859
1.97 -0.0212789
1.98 -0.00742645
1.99 0.00136839
2 0.000909277
2.01 -0.00718246
2.02 -0.0162986
2.03 -0.0183754
2.04 -0.00827381
2.05 0.0132753
2.06 0.0396852
2.07 0.0614687
2.08 0.0706035
2.09 0.0640776
2.1 0.0448513
2.11 0.0198453
2.12 -0.00388481
2.13 -0.0227103
2.14 -0.0378323
2.15 -0.0538079
2.16 -0.0750266
2.17 -0.102063
2.18 -0.129925
2.19 -0.149245
2.2 -0.149957
2.21 -0.125719
2.22 -0.0769404
2.23 -0.0109865
2.24 0.0605027
2.25 0.125812
2.26 0.176845
2.27 0.210639
2.28 0.228223
2.29 0.23173
2.3 0.221557
2.31 0.195267
2.32 0.14896
2.33 0.0804423
2.34 -0.00748313
2.35 -0.105491
2.36 -0.19904
2.37 -0.272242
2.38 -0.312757
2.39 -0.315656
2.4 -0.284606
2.41 -0.229963
2.42 -0.164715
2.43 -0.100107
2.44 -0.0428077
2.45 0.00538664
2.46 0.0455767
2.47 0.0788628
2.48 0.104235
2.49 0.118471
2.5 0.11815
2.51 0.102741
2.52 0.0770251
2.53 0.0513103
2.54 0.0388074
2.55 0.0508764
2.56 0.0919481
2.57 0.15632
2.58 0.228497
2.59 0.287446
2.6 0.313576
2.61 0.296042
2.62 0.237583
2.63 0.154839
2.64 0.0735979
2.65 0.0203359
2.66 0.0129077
2.67 0.0537678
2.68 0.128401
2.69 0.209852
2.7 0.267996
2.71 0.280333
2.72 0.240317
2.73 0.160016
2.74 0.0658906
2.75 -0.0108614
2.76 -0.0458405
2.77 -0.0304348
2.78 0.0252259
2.79 0.0965227
2.8 0.154117
2.81 0.175336
2.82 0.152626
2.83 0.0957698
2.84 0.0271405
2.85 -0.0278548
2.86 -0.051048
2.87 -0.038253
2.88 0.000136743
2.89 0.0445996
2.9 0.0753204
2.91 0.0804346
2.92 0.0601939
2.93 0.0255645
2.94 -0.00768083
2.95 -0.0263878
2.96 -0.0255171
2.97 -0.00940474
2.98 0.0113896
2.99 0.0257676
3 0.0273947
3.01 0.0171341
3.02 0.00171329
3.03 -0.0103684
3.04 -0.0134028
3.05 -0.00716341
3.06 0.0034972
3.07 0.0116977
3.08 0.0124423
3.09 0.00527178
3.1 -0.00569415
3.11 -0.0142245
3.12 -0.0155207
3.13 -0.00887961
3.14 0.00194668
3.15 0.0108445
3.16 0.0127085
3.17 0.00624544
3.18 -0.00529981
3.19 -0.015876
3.2 -0.0198702
3.21 -0.0151189
3.22 -0.00407393
3.23 0.00749385
3.24 0.0135536
3.25 0.0110042
3.26 0.00129915
3.27 -0.010348
3.28 -0.0177449
3.29 -0.0170049
3.3 -0.00859337
3.31 0.00294205
3.32 0.0114005
3.33 0.0122194
3.34 0.00488299
3.35 -0.00682214
3.36 -0.0168249
3.37 -0.0199815
3.38 -0.0147763
3.39 -0.00408799
3.4 0.00636898
3.41 0.0110863
3.42 0.00766759
3.43 -0.00193767
3.44 -0.0125121
3.45 -0.0183704
3.46 -0.0163851
3.47 -0.00763099
3.48 0.00321346
3.49 0.0103759
3.5 0.010067
3.51 0.00248669
3.52 -0.00829736
3.53 -0.0165255
3.54 -0.0178085
3.55 -0.0114491
3.56 -0.000794684
3.57 0.00855477
3.58 0.0117208
3.59 0.00711971
3.6 -0.00272547
3.61 -0.0125538
3.62 -0.0171738
3.63 -0.0142118
3.64 -0.00534202
3.65 0.00464104
3.66 0.0104011
3.67 0.00890538
3.68 0.00102149
3.69 -0.00897581
3.7 -0.0157124
3.71 -0.0155964
3.72 -0.0087326
3.73 0.0011463
3.74 0.00868896
3.75 0.00979506
3.76 0.00381149
3.77 -0.00611578
3.78 -0.0147186
3.79 -0.0174147
3.8 -0.012749
3.81 -0.00316772
3.82 0.00628434
3.83 0.0106467
3.84 0.00767681
3.85 -0.000965815
3.86 -0.0106135
3.87 -0.0160826
3.88 -0.0144377
3.89 -0.00655831
3.9 0.00332101
3.91 0.00985163
3.92 0.00940033
3.93 0.00196834
3.94 -0.0088126
3.95 -0.0175967
3.96 -0.0201296
3.97 -0.015453
3.98 -0.00634466
3.99 0.00222745
4 0.00580293
4.01 0.0028348
4.02 -0.00447989
4.03 -0.0113868
4.04 -0.0131471
4.05 -0.0076288
4.06 0.0034592
4.07 0.0153469
4.08 0.0225863
4.09 0.0217842
4.1 0.0132529
4.11 0.000728784
4.12 -0.0106657
4.13 -0.0171123
4.14 -0.0179997
4.15 -0.0160313
4.16 -0.0154943
4.17 -0.0196348
4.18 -0.0285647
4.19 -0.0388484
4.2 -0.0450305
4.21 -0.0423343
4.22 -0.0291392
4.23 -0.00795126
4.24 0.0156349
4.25 0.0354421
4.26 0.047392
4.27 0.0510002
4.28 0.0489677
4.29 0.0451677
4.3 0.0421676
4.31 0.0396592
4.32 0.0346625
4.33 0.0234046
4.34 0.00385866
4.35 -0.0224472
4.36 -0.0503832
4.37 -0.0730532
4.38 -0.0846492
4.39 -0.082921
4.4 -0.0700406
4.41 -0.0514501
4.42 -0.0332978
4.43 -0.0197612
4.44 -0.0115742
4.45 -0.00642014
4.46 -0.00086932
4.47 0.00725086
4.48 0.0173633
4.49 0.0263377
4.5 0.0302705
4.51 0.0268835
4.52 0.0172282
4.53 0.0057207
4.54 -0.00161437
4.55 0.000106554
4.56 0.0122115
4.57 0.0315839
4.58 0.0517671
4.59 0.0655862
4.6 0.0681049
4.61 0.0586079
4.62 0.0407814
4.63 0.0211033
4.64 0.00623229
4.65 0.000548686
4.66 0.00481863
4.67 0.0163655
4.68 0.0304577
4.69 0.0421788
4.7 0.0479985
4.71 0.0465628
4.72 0.0386514
4.73 0.0265808
4.74 0.0134201
4.75 0.0022676
4.76 -0.00435184
4.77 -0.00500655
4.78 0.000215412
4.79 0.00951895
4.8 0.0196747
4.81 0.0268759
4.82 0.0280337
4.83 0.0220615
4.84 0.0105513
4.85 -0.00259686
4.86 -0.012602
4.87 -0.015769
4.88 -0.0111386
4.89 -0.00102008
4.9 0.00993052
4.91 0.0167402
4.92 0.0163526
4.93 0.00901269
4.94 -0.00187604
4.95 -0.0113807
4.96 -0.0153821
4.97 -0.0125007
4.98 -0.00467102
4.99 0.00390534
5 0.00888985
