-5 -0.136591
-4.99 -0.144964
-4.98 -0.152266
-4.97 -0.158483
-4.96 -0.16361
-4.95 -0.167643
-4.94 -0.170584
-4.93 -0.172441
-4.92 -0.173223
-4.91 -0.172947
-4.9 -0.171632
-4.89 -0.169302
-4.88 -0.165985
-4.87 -0.161715
-4.86 -0.156527
-4.85 -0.150461
-4.84 -0.143561
-4.83 -0.135875
-4.82 -0.127452
-4.81 -0.118346
-4.8 -0.108614
-4.79 -0.0983128
-4.78 -0.0875047
-4.77 -0.0762523
-4.76 -0.0646202
-4.75 -0.0526742
-4.74 -0.0404818
-4.73 -0.0281108
-4.72 -0.0156298
-4.71 -0.00310752
-4.7 0.00938727
-4.69 0.0217863
-4.68 0.034022
-4.67 0.0460278
-4.66 0.0577384
-4.65 0.06909
-4.64 0.080021
-4.63 0.0904718
-4.62 0.100385
-4.61 0.109707
-4.6 0.118385
-4.59 0.126372
-4.58 0.133623
-4.57 0.140097
-4.56 0.145756
-4.55 0.150568
-4.54 0.154503
-4.53 0.157538
-4.52 0.159652
-4.51 0.160829
-4.5 0.161059
-4.49 0.160337
-4.48 0.15866
-4.47 0.156034
-4.46 0.152466
-4.45 0.14797
-4.44 0.142565
-4.43 0.136273
-4.42 0.129122
-4.41 0.121146
-4.4 0.11238
-4.39 0.102866
-4.38 0.0926501
-4.37 0.0817808
-4.36 0.0703118
-4.35 0.0582998
-4.34 0.045805
-4.33 0.032891
-4.32 0.0196238
-4.31 0.00607225
-4.3 -0.00769248
-4.29 -0.0215973
-4.28 -0.0355674
-4.27 -0.0495266
-4.26 -0.0633977
-4.25 -0.0771028
-4.24 -0.0905634
-4.23 -0.103701
-4.22 -0.116438
-4.21 -0.128697
-4.2 -0.140401
-4.19 -0.151475
-4.18 -0.161846
-4.17 -0.171442
-4.16 -0.180194
-4.15 -0.188036
-4.14 -0.194904
-4.13 -0.200738
-4.12 -0.205481
-4.11 -0.20908
-4.1 -0.211486
-4.09 -0.212654
-4.08 -0.212545
-4.07 -0.211123
-4.06 -0.208358
-4.05 -0.204224
-4.04 -0.1987
-4.03 -0.191773
-4.02 -0.183433
-4.01 -0.173675
-4 -0.162503
-3.99 -0.149923
-3.98 -0.135948
-3.97 -0.120598
-3.96 -0.103896
-3.95 -0.0858724
-3.94 -0.0665631
-3.93 -0.0460087
-3.92 -0.0242551
-3.91 -0.00135361
-3.9 0.0226396
-3.89 0.0476636
-3.88 0.073653
-3.87 0.100538
-3.86 0.128245
-3.85 0.156695
-3.84 0.185809
-3.83 0.215501
-3.82 0.245684
-3.81 0.276267
-3.8 0.30716
-3.79 0.338267
-3.78 0.369492
-3.77 0.40074
-3.76 0.431911
-3.75 0.462907
-3.74 0.493631
-3.73 0.523984
-3.72 0.553868
-3.71 0.583187
-3.7 0.611846
-3.69 0.639751
-3.68 0.666811
-3.67 0.692938
-3.66 0.718045
-3.65 0.742049
-3.64 0.764872
-3.63 0.786437
-3.62 0.806674
-3.61 0.825514
-3.6 0.842895
-3.59 0.858759
-3.58 0.873054
-3.57 0.885732
-3.56 0.896751
-3.55 0.906075
-3.54 0.913672
-3.53 0.919519
-3.52 0.923595
-3.51 0.92589
-3.5 0.926394
-3.49 0.925109
-3.48 0.922038
-3.47 0.917195
-3.46 0.910596
-3.45 0.902264
-3.44 0.892229
-3.43 0.880526
-3.42 0.867195
-3.41 0.852283
-3.4 0.835841
-3.39 0.817925
-3.38 0.798595
-3.37 0.777919
-3.36 0.755965
-3.35 0.732807
-3.34 0.708525
-3.33 0.683198
-3.32 0.65691
-3.31 0.62975
-3.3 0.601806
-3.29 0.573171
-3.28 0.543937
-3.27 0.514199
-3.26 0.484054
-3.25 0.453598
-3.24 0.422926
-3.23 0.392137
-3.22 0.361326
-3.21 0.330589
-3.2 0.30002
-3.19 0.269712
-3.18 0.239755
-3.17 0.210238
-3.16 0.181248
-3.15 0.152868
-3.14 0.125177
-3.13 0.0982534
-3.12 0.0721693
-3.11 0.046994
-3.1 0.0227925
-3.09 -0.000374592
-3.08 -0.0224515
-3.07 -0.0433869
-3.06 -0.0631348
-3.05 -0.0816539
-3.04 -0.0989084
-3.03 -0.114867
-3.02 -0.129506
-3.01 -0.142804
-3 -0.154747
-2.99 -0.165327
-2.98 -0.174539
-2.97 -0.182385
-2.96 -0.188873
-2.95 -0.194016
-2.94 -0.19783
-2.93 -0.200339
-2.92 -0.201569
-2.91 -0.201554
-2.9 -0.200329
-2.89 -0.197937
-2.88 -0.194422
-2.87 -0.189833
-2.86 -0.184223
-2.85 -0.177649
-2.84 -0.170169
-2.83 -0.161846
-2.82 -0.152745
-2.81 -0.142931
-2.8 -0.132475
-2.79 -0.121446
-2.78 -0.109917
-2.77 -0.0979598
-2.76 -0.0856479
-2.75 -0.0730551
-2.74 -0.0602553
-2.73 -0.0473218
-2.72 -0.0343275
-2.71 -0.0213442
-2.7 -0.00844254
-2.69 0.00430838
-2.68 0.0168413
-2.67 0.029091
-2.66 0.0409947
-2.65 0.0524923
-2.64 0.0635264
-2.63 0.0740428
-2.62 0.0839907
-2.61 0.0933226
-2.6 0.101995
-2.59 0.109967
-2.58 0.117205
-2.57 0.123674
-2.56 0.12935
-2.55 0.134207
-2.54 0.138227
-2.53 0.141396
-2.52 0.143703
-2.51 0.145144
-2.5 0.145717
-2.49 0.145425
-2.48 0.144277
-2.47 0.142283
-2.46 0.139462
-2.45 0.135832
-2.44 0.131418
-2.43 0.126249
-2.42 0.120357
-2.41 0.113776
-2.4 0.106546
-2.39 0.098709
-2.38 0.0903095
-2.37 0.0813953
-2.36 0.0720165
-2.35 0.0622255
-2.34 0.0520766
-2.33 0.0416259
-2.32 0.0309309
-2.31 0.0200504
-2.3 0.00904415
-2.29 -0.00202763
-2.28 -0.0131042
-2.27 -0.0241247
-2.26 -0.0350286
-2.25 -0.0457557
-2.24 -0.0562464
-2.23 -0.0664425
-2.22 -0.0762865
-2.21 -0.0857228
-2.2 -0.0946975
-2.19 -0.103158
-2.18 -0.111056
-2.17 -0.118343
-2.16 -0.124974
-2.15 -0.130907
-2.14 -0.136104
-2.13 -0.140529
-2.12 -0.144149
-2.11 -0.146936
-2.1 -0.148863
-2.09 -0.14991
-2.08 -0.150057
-2.07 -0.149291
-2.06 -0.147602
-2.05 -0.144982
-2.04 -0.141431
-2.03 -0.136948
-2.02 -0.131539
-2.01 -0.125215
-2 -0.117987
-1.99 -0.109872
-1.98 -0.100892
-1.97 -0.0910702
-1.96 -0.0804345
-1.95 -0.069016
-1.94 -0.0568489
-1.93 -0.0439707
-1.92 -0.0304216
-1.91 -0.0162448
-1.9 -0.00148576
-1.89 0.0138074
-1.88 0.0295847
-1.87 0.0457938
-1.86 0.0623809
-1.85 0.0792908
-1.84 0.0964666
-1.83 0.113851
-1.82 0.131385
-1.81 0.14901
-1.8 0.166666
-1.79 0.184293
-1.78 0.201833
-1.77 0.219227
-1.76 0.236415
-1.75 0.253341
-1.74 0.269948
-1.73 0.28618
-1.72 0.301985
-1.71 0.317309
-1.7 0.332103
-1.69 0.346319
-1.68 0.35991
-1.67 0.372835
-1.66 0.385051
-1.65 0.39652
-1.64 0.407208
-1.63 0.417082
-1.62 0.426114
-1.61 0.434276
-1.6 0.441546
-1.59 0.447905
-1.58 0.453336
-1.57 0.457828
-1.56 0.46137
-1.55 0.463956
-1.54 0.465585
-1.53 0.466258
-1.52 0.465978
-1.51 0.464753
-1.5 0.462595
-1.49 0.459516
-1.48 0.455536
-1.47 0.450673
-1.46 0.444952
-1.45 0.438397
-1.44 0.431039
-1.43 0.422907
-1.42 0.414035
-1.41 0.404459
-1.4 0.394217
-1.39 0.383349
-1.38 0.371896
-1.37 0.359901
-1.36 0.347408
-1.35 0.334464
-1.34 0.321113
-1.33 0.307404
-1.32 0.293385
-1.31 0.279104
-1.3 0.264609
-1.29 0.249948
-1.28 0.235171
-1.27 0.220326
-1.26 0.205459
-1.25 0.190618
-1.24 0.175849
-1.23 0.161196
-1.22 0.146703
-1.21 0.132413
-1.2 0.118366
-1.19 0.104601
-1.18 0.0911567
-1.17 0.0780678
-1.16 0.065368
-1.15 0.0530889
-1.14 0.0412596
-1.13 0.0299073
-1.12 0.0190567
-1.11 0.0087299
-1.1 -0.00105306
-1.09 -0.0102748
-1.08 -0.0189206
-1.07 -0.0269779
-1.06 -0.0344369
-1.05 -0.0412905
-1.04 -0.0475337
-1.03 -0.0531642
-1.02 -0.0581822
-1.01 -0.0625902
-1 -0.0663931
-0.99 -0.069598
-0.98 -0.0722144
-0.97 -0.0742537
-0.96 -0.0757295
-0.95 -0.0766573
-0.94 -0.0770545
-0.93 -0.0769401
-0.92 -0.0763348
-0.91 -0.075261
-0.9 -0.0737422
-0.89 -0.0718033
-0.88 -0.0694704
-0.87 -0.0667704
-0.86 -0.0637312
-0.85 -0.0603815
-0.84 -0.0567504
-0.83 -0.0528677
-0.82 -0.0487632
-0.81 -0.0444672
-0.8 -0.0400099
-0.79 -0.0354214
-0.78 -0.0307317
-0.77 -0.0259703
-0.76 -0.0211663
-0.75 -0.0163484
-0.74 -0.0115444
-0.73 -0.00678131
-0.72 -0.00208534
-0.71 0.00251836
-0.7 0.00700575
-0.69 0.0113539
-0.68 0.0155413
-0.67 0.0195475
-0.66 0.0233537
-0.65 0.0269425
-0.64 0.0302979
-0.63 0.0334055
-0.62 0.0362525
-0.61 0.0388277
-0.6 0.0411215
-0.59 0.0431261
-0.58 0.0448352
-0.57 0.0462441
-0.56 0.0473498
-0.55 0.0481511
-0.54 0.048648
-0.53 0.0488426
-0.52 0.048738
-0.51 0.0483391
-0.5 0.0476522
-0.49 0.046685
-0.48 0.0454464
-0.47 0.0439468
-0.46 0.0421976
-0.45 0.0402114
-0.44 0.0380018
-0.43 0.0355835
-0.42 0.0329719
-0.41 0.0301833
-0.4 0.0272348
-0.39 0.024144
-0.38 0.0209291
-0.37 0.0176086
-0.36 0.0142017
-0.35 0.0107274
-0.34 0.00720524
-0.33 0.00365466
-0.32 9.51213e-05
-0.31 -0.003454
-0.3 -0.00697354
-0.29 -0.0104446
-0.28 -0.0138486
-0.27 -0.0171674
-0.26 -0.0203834
-0.25 -0.0234796
-0.24 -0.0264396
-0.23 -0.0292477
-0.22 -0.0318891
-0.21 -0.0343496
-0.2 -0.0366162
-0.19 -0.0386764
-0.18 -0.0405191
-0.17 -0.0421341
-0.16 -0.043512
-0.15 -0.0446448
-0.14 -0.0455254
-0.13 -0.0461478
-0.12 -0.0465074
-0.11 -0.0466003
-0.1 -0.0464241
-0.09 -0.0459774
-0.08 -0.0452599
-0.07 -0.0442724
-0.06 -0.043017
-0.05 -0.0414967
-0.04 -0.0397156
-0.03 -0.0376787
-0.02 -0.0353923
-0.01 -0.0328634
0 -0.0301001
0.01 -0.0271112
0.02 -0.0239065
0.03 -0.0204965
0.04 -0.0168925
0.05 -0.0131063
0.06 -0.00915062
0.07 -0.00503852
0.08 -0.000783682
0.09 0.0035998
0.1 0.00809742
0.11 0.0126943
0.12 0.0173754
0.13 0.0221254
0.14 0.0269288
0.15 0.03177
0.16 0.0366335
0.17 0.0415037
0.18 0.0463651
0.19 0.0512024
0.2 0.0560005
0.21 0.0607445
0.22 0.0654198
0.23 0.0700123
0.24 0.0745081
0.25 0.0788939
0.26 0.0831568
0.27 0.0872845
0.28 0.0912653
0.29 0.0950879
0.3 0.0987418
0.31 0.102217
0.32 0.105505
0.33 0.108597
0.34 0.111485
0.35 0.114162
0.36 0.116622
0.37 0.118859
0.38 0.12087
0.39 0.122649
0.4 0.124195
0.41 0.125504
0.42 0.126576
0.43 0.127409
0.44 0.128003
0.45 0.12836
0.46 0.12848
0.47 0.128366
0.48 0.128022
0.49 0.127449
0.5 0.126654
0.51 0.125641
0.52 0.124414
0.53 0.122981
0.54 0.121348
0.55 0.119522
0.56 0.117511
0.57 0.115322
0.58 0.112964
0.59 0.110447
0.6 0.107778
0.61 0.104969
0.62 0.102027
0.63 0.0989641
0.64 0.0957896
0.65 0.0925139
0.66 0.0891474
0.67 0.0857008
0.68 0.0821844
0.69 0.0786089
0.7 0.0749849
0.71 0.0713228
0.72 0.067633
0.73 0.0639259
0.74 0.0602114
0.75 0.0564996
0.76 0.0528002
0.77 0.0491227
0.78 0.0454762
0.79 0.0418699
0.8 0.0383122
0.81 0.0348114
0.82 0.0313756
0.83 0.0280124
0.84 0.0247288
0.85 0.0215316
0.86 0.0184274
0.87 0.0154219
0.88 0.0125208
0.89 0.00972907
0.9 0.00705133
0.91 0.00449175
0.92 0.00205403
0.93 -0.000258608
0.94 -0.00244339
0.95 -0.00449801
0.96 -0.00642063
0.97 -0.00820986
0.98 -0.00986477
0.99 -0.0113849
1 -0.0127701
1.01 -0.0140209
1.02 -0.015138
1.03 -0.0161226
1.04 -0.0169764
1.05 -0.0177013
1.06 -0.0182997
1.07 -0.0187743
1.08 -0.0191282
1.09 -0.0193648
1.1 -0.0194876
1.11 -0.0195007
1.12 -0.0194084
1.13 -0.0192151
1.14 -0.0189254
1.15 -0.0185444
1.16 -0.0180772
1.17 -0.017529
1.18 -0.0169053
1.19 -0.0162115
1.2 -0.0154535
1.21 -0.0146369
1.22 -0.0137675
1.23 -0.0128512
1.24 -0.011894
1.25 -0.0109015
1.26 -0.00987988
1.27 -0.00883479
1.28 -0.00777206
1.29 -0.00669738
1.3 -0.00561636
1.31 -0.00453452
1.32 -0.0034572
1.33 -0.00238965
1.34 -0.00133692
1.35 -0.000303902
1.36 0.000704708
1.37 0.00168442
1.38 0.00263096
1.39 0.00354029
1.4 0.00440861
1.41 0.00523236
1.42 0.00600827
1.43 0.00673332
1.44 0.00740476
1.45 0.00802016
1.46 0.00857734
1.47 0.00907444
1.48 0.00950988
1.49 0.00988241
1.5 0.0101911
1.51 0.0104352
1.52 0.0106144
1.53 0.0107286
1.54 0.0107781
1.55 0.0107634
1.56 0.0106854
1.57 0.0105451
1.58 0.0103439
1.59 0.0100836
1.6 0.0097659
1.61 0.00939312
1.62 0.00896764
1.63 0.00849209
1.64 0.00796933
1.65 0.00740245
1.66 0.00679469
1.67 0.0061495
1.68 0.00547048
1.69 0.00476139
1.7 0.0040261
1.71 0.00326863
1.72 0.00249307
1.73 0.0017036
1.74 0.000904486
1.75 0.000100014
1.76 -0.000705487
1.77 -0.00150768
1.78 -0.00230222
1.79 -0.00308481
1.8 -0.00385117
1.81 -0.0045971
1.82 -0.00531846
1.83 -0.00601121
1.84 -0.00667143
1.85 -0.00729532
1.86 -0.00787921
1.87 -0.00841961
1.88 -0.00891319
1.89 -0.00935681
1.9 -0.00974753
1.91 -0.0100826
1.92 -0.0103596
1.93 -0.0105762
1.94 -0.0107304
1.95 -0.0108204
1.96 -0.0108447
1.97 -0.0108021
1.98 -0.0106917
1.99 -0.0105128
2 -0.0102649
2.01 -0.00994805
2.02 -0.00956235
2.03 -0.00910831
2.04 -0.00858667
2.05 -0.00799851
2.06 -0.00734514
2.07 -0.00662817
2.08 -0.0058495
2.09 -0.00501127
2.1 -0.00411588
2.11 -0.00316599
2.12 -0.0021645
2.13 -0.00111452
2.14 -1.93917e-05
2.15 0.00111734
2.16 0.00229195
2.17 0.00350053
2.18 0.00473903
2.19 0.00600323
2.2 0.0072888
2.21 0.00859131
2.22 0.00990621
2.23 0.0112289
2.24 0.0125547
2.25 0.013879
2.26 0.015197
2.27 0.016504
2.28 0.0177954
2.29 0.0190664
2.3 0.0203125
2.31 0.0215292
2.32 0.0227121
2.33 0.0238568
2.34 0.0249593
2.35 0.0260155
2.36 0.0270215
2.37 0.0279737
2.38 0.0288686
2.39 0.029703
2.4 0.0304739
2.41 0.0311784
2.42 0.0318139
2.43 0.0323783
2.44 0.0328695
2.45 0.0332857
2.46 0.0336256
2.47 0.0338879
2.48 0.0340718
2.49 0.0341766
2.5 0.0342022
2.51 0.0341486
2.52 0.0340161
2.53 0.0338052
2.54 0.033517
2.55 0.0331527
2.56 0.0327137
2.57 0.0322019
2.58 0.0316193
2.59 0.0309681
2.6 0.0302511
2.61 0.0294709
2.62 0.0286306
2.63 0.0277334
2.64 0.0267829
2.65 0.0257826
2.66 0.0247364
2.67 0.0236482
2.68 0.0225221
2.69 0.0213622
2.7 0.0201731
2.71 0.0189589
2.72 0.0177243
2.73 0.0164737
2.74 0.0152116
2.75 0.0139425
2.76 0.0126711
2.77 0.0114017
2.78 0.0101389
2.79 0.00888695
2.8 0.00765021
2.81 0.00643284
2.82 0.00523889
2.83 0.00407229
2.84 0.00293679
2.85 0.00183601
2.86 0.000773343
2.87 -0.00024799
2.88 -0.00122498
2.89 -0.00215485
2.9 -0.00303504
2.91 -0.00386324
2.92 -0.00463738
2.93 -0.00535564
2.94 -0.00601649
2.95 -0.00661864
2.96 -0.00716106
2.97 -0.00764302
2.98 -0.00806404
2.99 -0.00842391
3 -0.00872271
3.01 -0.00896076
3.02 -0.00913866
3.03 -0.00925726
3.04 -0.00931766
3.05 -0.00932121
3.06 -0.00926947
3.07 -0.00916426
3.08 -0.00900758
3.09 -0.00880166
3.1 -0.0085489
3.11 -0.00825189
3.12 -0.00791336
3.13 -0.00753622
3.14 -0.00712349
3.15 -0.00667831
3.16 -0.00620393
3.17 -0.00570367
3.18 -0.00518093
3.19 -0.00463915
3.2 -0.00408182
3.21 -0.00351243
3.22 -0.00293448
3.23 -0.00235144
3.24 -0.00176676
3.25 -0.00118384
3.26 -0.000605992
3.27 -3.64737e-05
3.28 0.000521569
3.29 0.0010651
3.3 0.00159119
3.31 0.00209709
3.32 0.00258015
3.33 0.00303791
3.34 0.00346808
3.35 0.00386855
3.36 0.00423739
3.37 0.00457288
3.38 0.00487349
3.39 0.0051379
3.4 0.00536503
3.41 0.00555398
3.42 0.00570409
3.43 0.00581492
3.44 0.00588622
3.45 0.00591801
3.46 0.00591048
3.47 0.00586406
3.48 0.00577937
3.49 0.00565724
3.5 0.0054987
3.51 0.00530498
3.52 0.00507745
3.53 0.0048177
3.54 0.00452746
3.55 0.0042086
3.56 0.00386315
3.57 0.00349325
3.58 0.00310118
3.59 0.0026893
3.6 0.00226007
3.61 0.00181602
3.62 0.00135975
3.63 0.0008939
3.64 0.000421146
3.65 -5.5817e-05
3.66 -0.000534289
3.67 -0.00101158
3.68 -0.00148503
3.69 -0.00195199
3.7 -0.00240991
3.71 -0.00285625
3.72 -0.00328859
3.73 -0.00370457
3.74 -0.00410195
3.75 -0.00447859
3.76 -0.00483247
3.77 -0.00516172
3.78 -0.00546457
3.79 -0.00573945
3.8 -0.0059849
3.81 -0.00619966
3.82 -0.0063826
3.83 -0.0065328
3.84 -0.00664947
3.85 -0.00673205
3.86 -0.00678011
3.87 -0.00679343
3.88 -0.00677197
3.89 -0.00671585
3.9 -0.00662539
3.91 -0.00650107
3.92 -0.00634354
3.93 -0.00615362
3.94 -0.00593228
3.95 -0.00568066
3.96 -0.00540004
3.97 -0.00509182
3.98 -0.00475757
3.99 -0.00439894
4 -0.00401771
4.01 -0.00361577
4.02 -0.00319508
4.03 -0.00275769
4.04 -0.00230573
4.05 -0.00184137
4.06 -0.00136683
4.07 -0.000884371
4.08 -0.000396262
4.09 9.52094e-05
4.1 0.000587759
4.11 0.00107912
4.12 0.00156704
4.13 0.00204933
4.14 0.00252382
4.15 0.00298841
4.16 0.00344107
4.17 0.00387986
4.18 0.00430291
4.19 0.00470845
4.2 0.00509484
4.21 0.0054605
4.22 0.00580404
4.23 0.00612413
4.24 0.00641961
4.25 0.00668945
4.26 0.00693275
4.27 0.00714876
4.28 0.00733688
4.29 0.00749665
4.3 0.00762775
4.31 0.00773002
4.32 0.00780345
4.33 0.00784816
4.34 0.00786443
4.35 0.00785267
4.36 0.00781342
4.37 0.00774736
4.38 0.0076553
4.39 0.00753815
4.4 0.00739696
4.41 0.00723287
4.42 0.00704713
4.43 0.00684106
4.44 0.00661609
4.45 0.00637371
4.46 0.00611548
4.47 0.00584301
4.48 0.00555796
4.49 0.00526203
4.5 0.00495694
4.51 0.00464443
4.52 0.00432625
4.53 0.00400415
4.54 0.00367986
4.55 0.0033551
4.56 0.00303155
4.57 0.00271085
4.58 0.0023946
4.59 0.00208434
4.6 0.00178155
4.61 0.00148764
4.62 0.00120392
4.63 0.000931637
4.64 0.000671951
4.65 0.000425914
4.66 0.000194481
4.67 -2.14948e-05
4.68 -0.000221271
4.69 -0.000404214
4.7 -0.000569803
4.71 -0.000717631
4.72 -0.000847407
4.73 -0.000958953
4.74 -0.00105221
4.75 -0.00112722
4.76 -0.00118415
4.77 -0.00122327
4.78 -0.00124495
4.79 -0.00124968
4.8 -0.00123802
4.81 -0.00121065
4.82 -0.00116831
4.83 -0.00111186
4.84 -0.00104219
4.85 -0.000960299
4.86 -0.000867223
4.87 -0.000764065
4.88 -0.000651972
4.89 -0.000532132
4.9 -0.000405767
4.91 -0.00027412
4.92 -0.000138454
4.93 -3.89612e-08
4.94 0.000139855
4.95 0.000279964
4.96 0.00041904
4.97 0.000555856
4.98 0.000689219
4.99 0.000817968
5 0.000940992
