-5 0.509097
-4.99 0.235487
-4.98 0.12796
-4.97 0.0812354
-4.96 0.057373
-4.95 0.0435938
-4.94 0.0349243
-4.93 0.0291163
-4.92 0.0250369
-4.91 0.0220613
-4.9 0.0198246
-4.89 0.0181005
-4.88 0.0167434
-4.87 0.0156561
-4.86 0.0147711
-4.85 0.0140418
-4.84 0.0134326
-4.83 0.0129198
-4.82 0.0124831
-4.81 0.0121083
-4.8 0.0117852
-4.79 0.0115029
-4.78 0.0112572
-4.77 0.0110401
-4.76 0.010848
-4.75 0.0106785
-4.74 0.0105255
-4.73 0.0103904
-4.72 0.0102677
-4.71 0.0101572
-4.7 0.0100586
-4.69 0.009967
-4.68 0.00988612
-4.67 0.00981092
-4.66 0.00974242
-4.65 0.00968128
-4.64 0.00962275
-4.63 0.00957182
-4.62 0.00952325
-4.61 0.00947881
-4.6 0.00943957
-4.59 0.00940059
-4.58 0.00936779
-4.57 0.0093355
-4.56 0.00930604
-4.55 0.00928068
-4.54 0.0092542
-4.53 0.00923326
-4.52 0.00921173
-4.51 0.00919233
-4.5 0.00917649
-4.49 0.00915867
-4.48 0.0091462
-4.47 0.00913247
-4.46 0.00912061
-4.45 0.00911216
-4.44 0.00910134
-4.43 0.00909629
-4.42 0.00908982
-4.41 0.00908658
-4.4 0.00908701
-4.39 0.00909104
-4.38 0.00910697
-4.37 0.00913549
-4.36 0.00922966
-4.35 0.00958171
-4.34 0.00976635
-4.33 0.00930277
-4.32 0.00915102
-4.31 0.00910461
-4.3 0.00908666
-4.29 0.00907471
-4.28 0.00907311
-4.27 0.00907155
-4.26 0.00907215
-4.25 0.00907767
-4.24 0.00907877
-4.23 0.00908701
-4.22 0.00909207
-4.21 0.00909891
-4.2 0.00910895
-4.19 0.00911722
-4.18 0.00912517
-4.17 0.00914113
-4.16 0.00915376
-4.15 0.00915987
-4.14 0.0091693
-4.13 0.0091964
-4.12 0.00922423
-4.11 0.00925462
-4.1 0.00928769
-4.09 0.00930658
-4.08 0.0092963
-4.07 0.00927159
-4.06 0.00950601
-4.05 0.0097916
-4.04 0.00940402
-4.03 0.0114339
-4.02 0.0128339
-4.01 0.0112021
-4 0.0101394
-3.99 0.00978402
-3.98 0.00966715
-3.97 0.00962093
-3.96 0.00960902
-3.95 0.00961686
-3.94 0.00962887
-3.93 0.00965452
-3.92 0.00967966
-3.91 0.00971037
-3.9 0.00974708
-3.89 0.00978068
-3.88 0.00982441
-3.87 0.00986528
-3.86 0.00991086
-3.85 0.00996199
-3.84 0.0100099
-3.83 0.0100684
-3.82 0.0101243
-3.81 0.0101859
-3.8 0.0102538
-3.79 0.0103195
-3.78 0.0103972
-3.77 0.0104734
-3.76 0.0105571
-3.75 0.0106488
-3.74 0.0107401
-3.73 0.010846
-3.72 0.0109525
-3.71 0.0110698
-3.7 0.0111978
-3.69 0.0113294
-3.68 0.0114798
-3.67 0.011635
-3.66 0.0118072
-3.65 0.0119955
-3.64 0.0121951
-3.63 0.0124216
-3.62 0.0126623
-3.61 0.0129322
-3.6 0.0132301
-3.59 0.0135567
-3.58 0.013928
-3.57 0.0143358
-3.56 0.014802
-3.55 0.0153263
-3.54 0.0159241
-3.53 0.0166147
-3.52 0.0174059
-3.51 0.0183408
-3.5 0.0194299
-3.49 0.0207399
-3.48 0.0223143
-3.47 0.0242345
-3.46 0.0266491
-3.45 0.0296576
-3.44 0.0336269
-3.43 0.0388332
-3.42 0.0459914
-3.41 0.0563691
-3.4 0.0713807
-3.39 0.0955532
-3.38 0.141751
-3.37 0.229543
-3.36 0.439725
-3.35 0.980477
-3.34 2.302
-3.33 1.3917
-3.32 0.582681
-3.31 0.28446
-3.3 0.168153
-3.29 0.113233
-3.28 0.0836351
-3.27 0.0659541
-3.26 0.0547417
-3.25 0.0475438
-3.24 0.0423005
-3.23 0.0394212
-3.22 0.0366225
-3.21 0.0362528
-3.2 0.0343921
-3.19 0.0362262
-3.18 0.0353237
-3.17 0.0363242
-3.16 0.0414927
-3.15 0.0430836
-3.14 0.0423848
-3.13 0.0450087
-3.12 0.0523392
-3.11 0.0623951
-3.1 0.0723295
-3.09 0.0782229
-3.08 0.0836824
-3.07 0.143901
-3.06 0.338066
-3.05 0.320911
-3.04 0.527871
-3.03 1.46478
-3.02 4.47129
-3.01 3.58566
-3 1.71996
-2.99 0.784927
-2.98 0.417346
-2.97 0.25765
-2.96 0.176108
-2.95 0.12902
-2.94 0.099402
-2.93 0.0795505
-2.92 0.0656116
-2.91 0.0554427
-2.9 0.047792
-2.89 0.0419027
-2.88 0.0372562
-2.87 0.0335384
-2.86 0.0305107
-2.85 0.0280089
-2.84 0.0259278
-2.83 0.0241645
-2.82 0.0226687
-2.81 0.0213833
-2.8 0.0202685
-2.79 0.0193036
-2.78 0.018452
-2.77 0.017706
-2.76 0.0170443
-2.75 0.0164533
-2.74 0.0159297
-2.73 0.0154551
-2.72 0.0150312
-2.71 0.0146474
-2.7 0.0142978
-2.69 0.0139836
-2.68 0.0136935
-2.67 0.0134311
-2.66 0.0131901
-2.65 0.0129677
-2.64 0.0127658
-2.63 0.0125771
-2.62 0.012405
-2.61 0.0122454
-2.6 0.0120969
-2.59 0.011961
-2.58 0.0118332
-2.57 0.0117158
-2.56 0.0116064
-2.55 0.0115041
-2.54 0.01141
-2.53 0.0113213
-2.52 0.0112396
-2.51 0.0111631
-2.5 0.0110919
-2.49 0.0110259
-2.48 0.0109642
-2.47 0.0109071
-2.46 0.0108541
-2.45 0.0108051
-2.44 0.0107599
-2.43 0.0107189
-2.42 0.0106812
-2.41 0.0106488
-2.4 0.0106195
-2.39 0.0106022
-2.38 0.0105944
-2.37 0.0106042
-2.36 0.0107031
-2.35 0.0112024
-2.34 0.0111169
-2.33 0.0104795
-2.32 0.0104317
-2.31 0.0104236
-2.3 0.0104086
-2.29 0.0103929
-2.28 0.010382
-2.27 0.0103732
-2.26 0.0103659
-2.25 0.0103637
-2.24 0.0103597
-2.23 0.0103615
-2.22 0.0103631
-2.21 0.0103662
-2.2 0.0103734
-2.19 0.0103824
-2.18 0.0103847
-2.17 0.0104086
-2.16 0.0104219
-2.15 0.0104202
-2.14 0.0104349
-2.13 0.0104765
-2.12 0.0105228
-2.11 0.0105719
-2.1 0.0106231
-2.09 0.0106552
-2.08 0.0106166
-2.07 0.0105161
-2.06 0.0108826
-2.05 0.0115026
-2.04 0.0105231
-2.03 0.0143045
-2.02 0.0153469
-2.01 0.0123742
-2 0.0112823
-1.99 0.0111222
-1.98 0.0110965
-1.97 0.0110932
-1.96 0.0111113
-1.95 0.0111453
-1.94 0.011185
-1.93 0.0112385
-1.92 0.0112935
-1.91 0.0113564
-1.9 0.0114263
-1.89 0.0114965
-1.88 0.0115783
-1.87 0.0116598
-1.86 0.0117492
-1.85 0.0118458
-1.84 0.0119432
-1.83 0.0120538
-1.82 0.012165
-1.81 0.0122863
-1.8 0.0124166
-1.79 0.0125497
-1.78 0.0126993
-1.77 0.0128515
-1.76 0.0130178
-1.75 0.0131963
-1.74 0.0133819
-1.73 0.0135887
-1.72 0.0138027
-1.71 0.0140374
-1.7 0.0142902
-1.69 0.0145578
-1.68 0.0148552
-1.67 0.0151688
-1.66 0.0155154
-1.65 0.0158911
-1.64 0.0162976
-1.63 0.0167503
-1.62 0.0172383
-1.61 0.0177841
-1.6 0.0183835
-1.59 0.019049
-1.58 0.019797
-1.57 0.0206261
-1.56 0.0215722
-1.55 0.0226338
-1.54 0.0238524
-1.53 0.0252519
-1.52 0.0268634
-1.51 0.0287654
-1.5 0.0309801
-1.49 0.033651
-1.48 0.0368545
-1.47 0.0407699
-1.46 0.0456897
-1.45 0.051824
-1.44 0.0599175
-1.43 0.0705364
-1.42 0.0851407
-1.41 0.106302
-1.4 0.136952
-1.39 0.186345
-1.38 0.280312
-1.37 0.459178
-1.36 0.887611
-1.35 1.9954
-1.34 4.68335
-1.33 2.83183
-1.32 1.18099
-1.31 0.571922
-1.3 0.334413
-1.29 0.222307
-1.28 0.161871
-1.27 0.125786
-1.26 0.102903
-1.25 0.0881833
-1.24 0.0775185
-1.23 0.0715744
-1.22 0.0659393
-1.21 0.0650662
-1.2 0.0614138
-1.19 0.0649601
-1.18 0.0632688
-1.17 0.0653452
-1.16 0.0755889
-1.15 0.0789189
-1.14 0.0778461
-1.13 0.0833704
-1.12 0.0982797
-1.11 0.118735
-1.1 0.139151
-1.09 0.151727
-1.08 0.163517
-1.07 0.285135
-1.06 0.67777
-1.05 0.648157
-1.04 1.0682
-1.03 2.98485
-1.02 9.10645
-1.01 7.30664
-1 3.50231
-0.99 1.59348
-0.98 0.842861
-0.97 0.516811
-0.96 0.350352
-0.95 0.254232
-0.94 0.193779
-0.93 0.153253
-0.92 0.124799
-0.91 0.104038
-0.9 0.0884126
-0.89 0.0763884
-0.88 0.0668923
-0.87 0.0592969
-0.86 0.0531081
-0.85 0.0479888
-0.84 0.0437351
-0.83 0.0401214
-0.82 0.0370594
-0.81 0.0344252
-0.8 0.0321351
-0.79 0.0301583
-0.78 0.0284036
-0.77 0.0268708
-0.76 0.0255082
-0.75 0.0242855
-0.74 0.0232084
-0.73 0.0222217
-0.72 0.0213451
-0.71 0.0205482
-0.7 0.0198168
-0.69 0.0191657
-0.68 0.0185539
-0.67 0.0180055
-0.66 0.0174986
-0.65 0.0170251
-0.64 0.016602
-0.63 0.0161953
-0.62 0.0158295
-0.61 0.015487
-0.6 0.0151623
-0.59 0.0148722
-0.58 0.0145875
-0.57 0.0143316
-0.56 0.0140894
-0.55 0.0138567
-0.54 0.0136498
-0.53 0.0134424
-0.52 0.0132566
-0.51 0.0130791
-0.5 0.0129065
-0.49 0.012754
-0.48 0.0125979
-0.47 0.0124588
-0.46 0.0123245
-0.45 0.0121923
-0.44 0.0120761
-0.43 0.0119544
-0.42 0.0118456
-0.41 0.0117389
-0.4 0.0116294
-0.39 0.011534
-0.38 0.0114198
-0.37 0.0112963
-0.36 0.0111423
-0.35 0.0110231
-0.34 0.00985125
-0.33 0.0100335
-0.32 0.0105944
-0.31 0.0107758
-0.3 0.0108032
-0.29 0.0107913
-0.28 0.0107534
-0.27 0.0107167
-0.26 0.0106747
-0.25 0.0106302
-0.24 0.0105927
-0.23 0.0105476
-0.22 0.0105118
-0.21 0.0104718
-0.2 0.0104351
-0.19 0.0104026
-0.18 0.0103603
-0.17 0.0103408
-0.16 0.0103025
-0.15 0.010255
-0.14 0.0102346
-0.13 0.0102205
-0.12 0.010209
-0.11 0.0101921
-0.1 0.0101734
-0.09 0.0101547
-0.08 0.0100673
-0.07 0.00982677
-0.06 0.00970896
-0.05 0.0102183
-0.04 0.0089429
-0.03 0.0101909
-0.02 0.00497424
-0.01 0.00420618
0 0.0070061
0.01 0.00872419
0.02 0.00939818
0.03 0.00967771
0.04 0.00981382
0.05 0.00988907
0.06 0.00994109
0.07 0.00997394
0.08 0.0100026
0.09 0.0100263
0.1 0.0100458
0.11 0.0100686
0.12 0.010087
0.13 0.0101091
0.14 0.0101317
0.15 0.0101537
0.16 0.0101812
0.17 0.0102066
0.18 0.010237
0.19 0.0102694
0.2 0.0103026
0.21 0.0103422
0.22 0.0103812
0.23 0.0104262
0.24 0.0104747
0.25 0.0105252
0.26 0.0105836
0.27 0.0106435
0.28 0.0107107
0.29 0.010784
0.3 0.0108613
0.31 0.0109492
0.32 0.0110417
0.33 0.0111446
0.34 0.0112578
0.35 0.0113791
0.36 0.0115164
0.37 0.0116643
0.38 0.011829
0.39 0.0120129
0.4 0.0122134
0.41 0.0124422
0.42 0.0126944
0.43 0.0129794
0.44 0.0133045
0.45 0.0136678
0.46 0.0140913
0.47 0.0145727
0.48 0.0151327
0.49 0.0157938
0.5 0.0165621
0.51 0.0174958
0.52 0.0186105
0.53 0.0199792
0.54 0.0217
0.55 0.0238428
0.56 0.0266806
0.57 0.0303956
0.58 0.0355144
0.59 0.0429358
0.6 0.0536715
0.61 0.0709715
0.62 0.10403
0.63 0.16687
0.64 0.317317
0.65 0.704373
0.66 1.65042
0.67 0.998804
0.68 0.419643
0.69 0.206147
0.7 0.122877
0.71 0.0835585
0.72 0.0623596
0.73 0.0496978
0.74 0.041665
0.75 0.0365028
0.76 0.0327469
0.77 0.0306752
0.78 0.0286673
0.79 0.0283966
0.8 0.0270552
0.81 0.0283658
0.82 0.0277097
0.83 0.0284211
0.84 0.0321151
0.85 0.0332455
0.86 0.0327429
0.87 0.0346103
0.88 0.0398529
0.89 0.0470447
0.9 0.0541465
0.91 0.0583629
0.92 0.0622636
0.93 0.105374
0.94 0.244354
0.95 0.232043
0.96 0.380237
0.97 1.0508
0.98 3.20307
0.99 2.56917
1 1.23358
1.01 0.564213
1.02 0.301061
1.03 0.186735
1.04 0.128356
1.05 0.0946381
1.06 0.0734336
1.07 0.0592126
1.08 0.0492301
1.09 0.0419445
1.1 0.0364586
1.11 0.0322403
1.12 0.0289038
1.13 0.0262381
1.14 0.0240644
1.15 0.0222643
1.16 0.0207719
1.17 0.0194991
1.18 0.0184238
1.19 0.0174973
1.2 0.0166898
1.21 0.0159962
1.22 0.0153758
1.23 0.0148371
1.24 0.0143567
1.25 0.0139238
1.26 0.0135459
1.27 0.0131951
1.28 0.0128866
1.29 0.0126048
1.3 0.0123444
1.31 0.012116
1.32 0.0118969
1.33 0.0117036
1.34 0.0115236
1.35 0.0113538
1.36 0.0112054
1.37 0.0110583
1.38 0.0109291
1.39 0.0108069
1.4 0.0106894
1.41 0.0105877
1.42 0.0104836
1.43 0.010393
1.44 0.0103059
1.45 0.0102208
1.46 0.0101483
1.47 0.0100714
1.48 0.0100054
1.49 0.00994112
1.5 0.00987721
1.51 0.0098238
1.52 0.00976498
1.53 0.00971545
1.54 0.00966642
1.55 0.00961682
1.56 0.00957625
1.57 0.00952967
1.58 0.009491
1.59 0.00945193
1.6 0.00941091
1.61 0.00937792
1.62 0.00933543
1.63 0.00929475
1.64 0.00924323
1.65 0.00918821
1.66 0.00889634
1.67 0.00894678
1.68 0.00907666
1.69 0.00911182
1.7 0.00910847
1.71 0.00909993
1.72 0.0090804
1.73 0.00906528
1.74 0.00904765
1.75 0.00902806
1.76 0.00901433
1.77 0.00899411
1.78 0.00898029
1.79 0.00896391
1.8 0.00894744
1.81 0.00893548
1.82 0.00891676
1.83 0.008908
1.84 0.00889229
1.85 0.00887297
1.86 0.00886523
1.87 0.00885485
1.88 0.00884824
1.89 0.00883867
1.9 0.00882729
1.91 0.00881978
1.92 0.00878877
1.93 0.00871332
1.94 0.00866
1.95 0.00879974
1.96 0.00842365
1.97 0.00868581
1.98 0.00697204
1.99 0.00683418
2 0.00776866
2.01 0.00832438
2.02 0.00853739
2.03 0.0086264
2.04 0.0086677
2.05 0.00868791
2.06 0.00870341
2.07 0.00870877
2.08 0.00871566
2.09 0.00871962
2.1 0.00872097
2.11 0.00872624
2.12 0.00872624
2.13 0.00873033
2.14 0.00873325
2.15 0.00873472
2.16 0.00874077
2.17 0.00874229
2.18 0.00874823
2.19 0.00875344
2.2 0.00875759
2.21 0.00876649
2.22 0.00877135
2.23 0.00878078
2.24 0.00878988
2.25 0.00879827
2.26 0.00881168
2.27 0.00882159
2.28 0.00883636
2.29 0.00885139
2.3 0.00886622
2.31 0.00888664
2.32 0.00890435
2.33 0.00892759
2.34 0.0089521
2.35 0.00897737
2.36 0.00900945
2.37 0.00904026
2.38 0.00907807
2.39 0.00911924
2.4 0.00916316
2.41 0.00921672
2.42 0.00927207
2.43 0.00933809
2.44 0.00941237
2.45 0.00949443
2.46 0.0095936
2.47 0.00970262
2.48 0.00983298
2.49 0.00998592
2.5 0.0101626
2.51 0.0103812
2.52 0.0106382
2.53 0.0109575
2.54 0.0113582
2.55 0.0118558
2.56 0.0125196
2.57 0.0133837
2.58 0.0145791
2.59 0.0163122
2.6 0.0188151
2.61 0.0228499
2.62 0.0305971
2.63 0.045302
2.64 0.0804851
2.65 0.17049
2.66 0.392291
2.67 0.23953
2.68 0.104232
2.69 0.0544044
2.7 0.0349649
2.71 0.0257836
2.72 0.0208313
2.73 0.0178735
2.74 0.0159956
2.75 0.0147897
2.76 0.0139093
2.77 0.0134282
2.78 0.0129513
2.79 0.0128979
2.8 0.0125674
2.81 0.0128929
2.82 0.0127215
2.83 0.0128837
2.84 0.013774
2.85 0.0140272
2.86 0.0138767
2.87 0.0142928
2.88 0.0155216
2.89 0.0172058
2.9 0.0188482
2.91 0.0197825
2.92 0.0206309
2.93 0.0308203
2.94 0.0636117
2.95 0.0602303
2.96 0.0950698
2.97 0.251242
2.98 0.75524
2.99 0.606509
3 0.294261
3.01 0.137968
3.02 0.0765397
3.03 0.0498487
3.04 0.0362152
3.05 0.0283389
3.06 0.0233872
3.07 0.0200631
3.08 0.0177316
3.09 0.016029
3.1 0.0147458
3.11 0.0137613
3.12 0.0129795
3.13 0.012357
3.14 0.0118485
3.15 0.0114263
3.16 0.0110785
3.17 0.0107788
3.18 0.010528
3.19 0.0103107
3.2 0.0101204
3.21 0.0099593
3.22 0.00981207
3.23 0.00968654
3.24 0.00957358
3.25 0.00947085
3.26 0.00938344
3.27 0.00929925
3.28 0.00922752
3.29 0.00916097
3.3 0.00909858
3.31 0.00904609
3.32 0.0089927
3.33 0.00894789
3.34 0.00890515
3.35 0.00886397
3.36 0.00883017
3.37 0.00879366
3.38 0.00876385
3.39 0.00873461
3.4 0.00870569
3.41 0.0086828
3.42 0.00865636
3.43 0.00863558
3.44 0.00861459
3.45 0.00859327
3.46 0.0085772
3.47 0.00855716
3.48 0.00854215
3.49 0.00852649
3.5 0.00851016
3.51 0.00849856
3.52 0.0084828
3.53 0.00847165
3.54 0.0084596
3.55 0.00844667
3.56 0.00843811
3.57 0.00842529
3.58 0.00841676
3.59 0.00840714
3.6 0.00839643
3.61 0.00838983
3.62 0.00837854
3.63 0.00837066
3.64 0.00836029
3.65 0.00834824
3.66 0.00831081
3.67 0.00831242
3.68 0.00832612
3.69 0.0083271
3.7 0.00832253
3.71 0.00832026
3.72 0.00831318
3.73 0.00830971
3.74 0.00830477
3.75 0.00829875
3.76 0.00829627
3.77 0.00828956
3.78 0.00828667
3.79 0.00828222
3.8 0.00827705
3.81 0.00827506
3.82 0.00826882
3.83 0.00826708
3.84 0.00826286
3.85 0.00825722
3.86 0.00825619
3.87 0.00825175
3.88 0.00825048
3.89 0.00824757
3.9 0.00824359
3.91 0.00824263
3.92 0.00823418
3.93 0.00821911
3.94 0.00820673
3.95 0.00823277
3.96 0.00815865
3.97 0.00820274
3.98 0.00785306
3.99 0.0078308
4 0.00802098
4.01 0.00813445
4.02 0.00817555
4.03 0.00819388
4.04 0.00820151
4.05 0.00820418
4.06 0.008208
4.07 0.00820702
4.08 0.00820868
4.09 0.00820872
4.1 0.00820757
4.11 0.0082093
4.12 0.00820726
4.13 0.00820834
4.14 0.00820817
4.15 0.00820706
4.16 0.00820894
4.17 0.00820722
4.18 0.00820866
4.19 0.00820895
4.2 0.00820838
4.21 0.00821081
4.22 0.00820976
4.23 0.00821188
4.24 0.00821293
4.25 0.0082132
4.26 0.00821649
4.27 0.00821643
4.28 0.00821959
4.29 0.00822177
4.3 0.00822329
4.31 0.00822791
4.32 0.00822936
4.33 0.00823412
4.34 0.00823812
4.35 0.00824163
4.36 0.00824845
4.37 0.00825239
4.38 0.0082599
4.39 0.00826705
4.4 0.00827409
4.41 0.00828494
4.42 0.00829353
4.43 0.00830634
4.44 0.00831972
4.45 0.00833394
4.46 0.00835335
4.47 0.00837203
4.48 0.00839692
4.49 0.00842506
4.5 0.00845704
4.51 0.00849885
4.52 0.00854529
4.53 0.00860561
4.54 0.00868024
4.55 0.00877232
4.56 0.00889768
4.57 0.00905784
4.58 0.00928236
4.59 0.00960688
4.6 0.0100744
4.61 0.0108301
4.62 0.0122861
4.63 0.0150479
4.64 0.0216496
4.65 0.0384382
4.66 0.0801668
4.67 0.0514288
4.68 0.0260694
4.69 0.0167387
4.7 0.013097
4.71 0.0113775
4.72 0.0104482
4.73 0.00989437
4.74 0.0095419
4.75 0.0093153
4.76 0.0091504
4.77 0.00905981
4.78 0.0089693
4.79 0.00896113
4.8 0.00889511
4.81 0.00896082
4.82 0.00892396
4.83 0.00895407
4.84 0.00912626
4.85 0.009171
4.86 0.00913683
4.87 0.00920979
4.88 0.00944144
4.89 0.00975774
4.9 0.0100618
4.91 0.0102276
4.92 0.0103734
4.93 0.0123072
4.94 0.0185167
4.95 0.0177836
4.96 0.0243578
4.97 0.0535366
4.98 0.148239
4.99 0.120236
5 0.0616617
