-5 0.00952086
-4.99 0.00950277
-4.98 0.00948754
-4.97 0.00947565
-4.96 0.00946699
-4.95 0.00946181
-4.94 0.00946078
-4.93 0.00946421
-4.92 0.00947261
-4.91 0.00948703
-4.9 0.0095086
-4.89 0.00953864
-4.88 0.00957919
-4.87 0.00963317
-4.86 0.0097044
-4.85 0.00979835
-4.84 0.00992322
-4.83 0.0100915
-4.82 0.0103228
-4.81 0.0106493
-4.8 0.0111274
-4.79 0.0118625
-4.78 0.0130708
-4.77 0.0152521
-4.76 0.0197655
-4.75 0.0309243
-4.74 0.0602819
-4.73 0.104191
-4.72 0.0735452
-4.71 0.0240492
-4.7 0.0189136
-4.69 0.0160952
-4.68 0.013631
-4.67 0.0122598
-4.66 0.0114985
-4.65 0.0110117
-4.64 0.0107108
-4.63 0.0106917
-4.62 0.010982
-4.61 0.0115906
-4.6 0.0132611
-4.59 0.0181677
-4.58 0.0295454
-4.57 0.0267776
-4.56 0.0152889
-4.55 0.0120847
-4.54 0.0108122
-4.53 0.0101974
-4.52 0.00986342
-4.51 0.00965745
-4.5 0.0095232
-4.49 0.00943114
-4.48 0.00936508
-4.47 0.00931664
-4.46 0.00928088
-4.45 0.00925454
-4.44 0.00923535
-4.43 0.00922181
-4.42 0.0092129
-4.41 0.00920777
-4.4 0.00920583
-4.39 0.00920669
-4.38 0.00921006
-4.37 0.00921582
-4.36 0.00922387
-4.35 0.00923402
-4.34 0.00924606
-4.33 0.00925989
-4.32 0.00927569
-4.31 0.0092935
-4.3 0.00931313
-4.29 0.00933463
-4.28 0.00935823
-4.27 0.00938386
-4.26 0.00941155
-4.25 0.00944157
-4.24 0.00947386
-4.23 0.00950863
-4.22 0.00954605
-4.21 0.00958618
-4.2 0.00962935
-4.19 0.00967563
-4.18 0.00972538
-4.17 0.00977876
-4.16 0.00983615
-4.15 0.00989782
-4.14 0.0099642
-4.13 0.0100357
-4.12 0.0101127
-4.11 0.0101959
-4.1 0.0102858
-4.09 0.0103831
-4.08 0.0104886
-4.07 0.0106033
-4.06 0.010728
-4.05 0.0108642
-4.04 0.0110131
-4.03 0.0111763
-4.02 0.0113558
-4.01 0.0115537
-4 0.0117726
-3.99 0.0120158
-3.98 0.0122868
-3.97 0.0125901
-3.96 0.0129313
-3.95 0.0133169
-3.94 0.0137551
-3.93 0.0142563
-3.92 0.0148334
-3.91 0.0155029
-3.9 0.0162863
-3.89 0.0172115
-3.88 0.018316
-3.87 0.019651
-3.86 0.0212871
-3.85 0.0233253
-3.84 0.0259129
-3.83 0.0292728
-3.82 0.033755
-3.81 0.0399351
-3.8 0.0488143
-3.79 0.062262
-3.78 0.0841006
-3.77 0.123152
-3.76 0.203339
-3.75 0.400493
-3.74 0.918964
-3.73 1.70472
-3.72 1.18193
-3.71 0.285125
-3.7 0.19821
-3.69 0.147242
-3.68 0.104453
-3.67 0.0826534
-3.66 0.0729163
-3.65 0.069653
-3.64 0.072169
-3.63 0.0841893
-3.62 0.110929
-3.61 0.163653
-3.6 0.288912
-3.59 0.642727
-3.58 1.47241
-3.57 1.32072
-3.56 0.461206
-3.55 0.225304
-3.54 0.132363
-3.53 0.087779
-3.52 0.06429
-3.51 0.0498119
-3.5 0.0404127
-3.49 0.0339876
-3.48 0.0293653
-3.47 0.0259209
-3.46 0.0232851
-3.45 0.0212211
-3.44 0.0195695
-3.43 0.0182246
-3.42 0.0171175
-3.41 0.0161924
-3.4 0.0154082
-3.39 0.0147393
-3.38 0.014161
-3.37 0.0136604
-3.36 0.013224
-3.35 0.0128421
-3.34 0.0125031
-3.33 0.0121994
-3.32 0.0119288
-3.31 0.0116879
-3.3 0.0114699
-3.29 0.0112714
-3.28 0.0110929
-3.27 0.0109304
-3.26 0.0107807
-3.25 0.0106451
-3.24 0.0105201
-3.23 0.0104048
-3.22 0.0102995
-3.21 0.0102011
-3.2 0.0101111
-3.19 0.0100269
-3.18 0.00994945
-3.17 0.00987704
-3.16 0.00981002
-3.15 0.00974736
-3.14 0.00968925
-3.13 0.00963476
-3.12 0.00958431
-3.11 0.00953683
-3.1 0.00949299
-3.09 0.00945169
-3.08 0.00941353
-3.07 0.00937786
-3.06 0.00934467
-3.05 0.00931409
-3.04 0.00928556
-3.03 0.00925948
-3.02 0.00923556
-3.01 0.00921366
-3 0.00919411
-2.99 0.00917663
-2.98 0.0091613
-2.97 0.0091484
-2.96 0.00913783
-2.95 0.00912975
-2.94 0.00912457
-2.93 0.00912245
-2.92 0.00912372
-2.91 0.00912901
-2.9 0.00913903
-2.89 0.00915459
-2.88 0.00917696
-2.87 0.00920793
-2.86 0.0092499
-2.85 0.00930624
-2.84 0.00938205
-2.83 0.00948506
-2.82 0.00962739
-2.81 0.00982895
-2.8 0.0101245
-2.79 0.0105793
-2.78 0.0113267
-2.77 0.0126749
-2.76 0.015462
-2.75 0.022347
-2.74 0.0404547
-2.73 0.0675656
-2.72 0.0487396
-2.71 0.0181594
-2.7 0.0150178
-2.69 0.0132927
-2.68 0.0118011
-2.67 0.0109984
-2.66 0.0105898
-2.65 0.0103774
-2.64 0.0103236
-2.63 0.0105217
-2.62 0.011065
-2.61 0.0121489
-2.6 0.0148029
-2.59 0.0223625
-2.58 0.0399926
-2.57 0.0363447
-2.56 0.0183004
-2.55 0.0133232
-2.54 0.0113573
-2.53 0.0104146
-2.52 0.00991408
-2.51 0.00960614
-2.5 0.00940636
-2.49 0.00927026
-2.48 0.00917299
-2.47 0.00910136
-2.46 0.0090476
-2.45 0.0090067
-2.44 0.00897526
-2.43 0.00895106
-2.42 0.00893261
-2.41 0.0089187
-2.4 0.00890848
-2.39 0.0089014
-2.38 0.00889697
-2.37 0.00889495
-2.36 0.00889509
-2.35 0.00889718
-2.34 0.00890097
-2.33 0.00890634
-2.32 0.00891332
-2.31 0.00892189
-2.3 0.00893189
-2.29 0.00894332
-2.28 0.0089563
-2.27 0.00897075
-2.26 0.00898667
-2.25 0.00900421
-2.24 0.00902333
-2.23 0.00904414
-2.22 0.00906674
-2.21 0.00909115
-2.2 0.00911758
-2.19 0.00914606
-2.18 0.0091768
-2.17 0.00920992
-2.16 0.00924563
-2.15 0.0092841
-2.14 0.0093256
-2.13 0.00937034
-2.12 0.00941867
-2.11 0.00947088
-2.1 0.00952737
-2.09 0.00958854
-2.08 0.00965492
-2.07 0.00972703
-2.06 0.00980553
-2.05 0.00989117
-2.04 0.00998477
-2.03 0.0100874
-2.02 0.0102001
-2.01 0.0103243
-2 0.0104615
-1.99 0.0106138
-1.98 0.0107834
-1.97 0.010973
-1.96 0.0111859
-1.95 0.0114261
-1.94 0.0116988
-1.93 0.0120101
-1.92 0.0123679
-1.91 0.0127822
-1.9 0.013266
-1.89 0.0138362
-1.88 0.0145155
-1.87 0.0153347
-1.86 0.0163363
-1.85 0.0175811
-1.84 0.0191578
-1.83 0.0212001
-1.82 0.0239181
-1.81 0.027657
-1.8 0.033017
-1.79 0.041118
-1.78 0.0542491
-1.77 0.0776925
-1.76 0.12577
-1.75 0.243877
-1.74 0.554301
-1.73 1.02456
-1.72 0.711908
-1.71 0.175523
-1.7 0.123707
-1.69 0.093467
-1.68 0.0682934
-1.67 0.0558268
-1.66 0.0507896
-1.65 0.0499643
-1.64 0.0531568
-1.63 0.0630203
-1.62 0.0836247
-1.61 0.124116
-1.6 0.219544
-1.59 0.488377
-1.58 1.11847
-1.57 1.00342
-1.56 0.351042
-1.55 0.172065
-1.54 0.101582
-1.53 0.0678149
-1.52 0.0500572
-1.51 0.0391245
-1.5 0.0320367
-1.49 0.0272021
-1.48 0.023733
-1.47 0.0211544
-1.46 0.0191855
-1.45 0.0176471
-1.44 0.0164188
-1.43 0.0154205
-1.42 0.0146005
-1.41 0.0139167
-1.4 0.0133384
-1.39 0.0128462
-1.38 0.0124217
-1.37 0.0120549
-1.36 0.0117354
-1.35 0.011456
-1.34 0.0112086
-1.33 0.0109876
-1.32 0.0107908
-1.31 0.0106156
-1.3 0.0104574
-1.29 0.0103137
-1.28 0.0101844
-1.27 0.0100669
-1.26 0.0099588
-1.25 0.00986085
-1.24 0.00977069
-1.23 0.00968765
-1.22 0.00961169
-1.21 0.00954093
-1.2 0.0094761
-1.19 0.00941558
-1.18 0.00935979
-1.17 0.00930773
-1.16 0.00925949
-1.15 0.00921441
-1.14 0.00917255
-1.13 0.00913332
-1.12 0.00909691
-1.11 0.00906268
-1.1 0.00903095
-1.09 0.00900109
-1.08 0.00897339
-1.07 0.00894745
-1.06 0.00892325
-1.05 0.00890084
-1.04 0.00887987
-1.03 0.00886057
-1.02 0.00884273
-1.01 0.00882629
-1 0.0088114
-0.99 0.0087979
-0.98 0.00878582
-0.97 0.00877531
-0.96 0.00876631
-0.95 0.00875892
-0.94 0.00875334
-0.93 0.00874969
-0.92 0.00874813
-0.91 0.00874905
-0.9 0.00875284
-0.89 0.00875999
-0.88 0.00877123
-0.87 0.00878763
-0.86 0.00881056
-0.85 0.00884204
-0.84 0.00888503
-0.83 0.00894409
-0.82 0.00902634
-0.81 0.00914349
-0.8 0.00931597
-0.79 0.00958208
-0.78 0.0100202
-0.77 0.0108113
-0.76 0.0124477
-0.75 0.0164908
-0.74 0.0271259
-0.73 0.0430661
-0.72 0.0320466
-0.71 0.0140376
-0.7 0.0121961
-0.69 0.0111755
-0.68 0.0102981
-0.67 0.00982842
-0.66 0.00959195
-0.65 0.00947289
-0.64 0.00944999
-0.63 0.00958014
-0.62 0.0099241
-0.61 0.0106104
-0.6 0.0122826
-0.59 0.0170396
-0.58 0.0281536
-0.57 0.0259318
-0.56 0.0145111
-0.55 0.0113644
-0.54 0.0101219
-0.53 0.00952563
-0.52 0.00920938
-0.51 0.00901453
-0.5 0.00888799
-0.49 0.00880162
-0.48 0.00873974
-0.47 0.00869401
-0.46 0.00865952
-0.45 0.0086331
-0.44 0.00861261
-0.43 0.00859665
-0.42 0.00858428
-0.41 0.00857474
-0.4 0.0085675
-0.39 0.0085622
-0.38 0.00855854
-0.37 0.00855635
-0.36 0.00855549
-0.35 0.0085558
-0.34 0.00855716
-0.33 0.00855946
-0.32 0.00856273
-0.31 0.00856695
-0.3 0.00857202
-0.29 0.00857794
-0.28 0.00858475
-0.27 0.00859244
-0.26 0.00860098
-0.25 0.00861046
-0.24 0.00862085
-0.23 0.00863221
-0.22 0.0086446
-0.21 0.00865803
-0.2 0.00867261
-0.19 0.00868835
-0.18 0.00870538
-0.17 0.00872375
-0.16 0.00874358
-0.15 0.00876497
-0.14 0.00878805
-0.13 0.00881296
-0.12 0.00883987
-0.11 0.00886894
-0.1 0.00890039
-0.09 0.00893445
-0.08 0.0089714
-0.07 0.00901152
-0.06 0.00905516
-0.05 0.00910274
-0.04 0.0091547
-0.03 0.00921159
-0.02 0.00927403
-0.01 0.00934274
0 0.0094186
0.01 0.00950262
0.02 0.00959602
0.03 0.00970026
0.04 0.00981711
0.05 0.00994873
0.06 0.0100978
0.07 0.0102676
0.08 0.0104623
0.09 0.0106871
0.1 0.010949
0.11 0.0112569
0.12 0.0116226
0.13 0.0120623
0.14 0.0125983
0.15 0.0132624
0.16 0.0141008
0.17 0.0151833
0.18 0.0166194
0.19 0.0185888
0.2 0.0214035
0.21 0.0256455
0.22 0.0325039
0.23 0.0447216
0.24 0.0697343
0.25 0.131107
0.26 0.292296
0.27 0.536359
0.28 0.374259
0.29 0.0961218
0.3 0.0693831
0.31 0.053889
0.32 0.0411364
0.33 0.0350827
0.34 0.033036
0.35 0.0334177
0.36 0.0362859
0.37 0.043324
0.38 0.0573265
0.39 0.0847653
0.4 0.149005
0.41 0.329569
0.42 0.752524
0.43 0.675381
0.44 0.237652
0.45 0.117593
0.46 0.0703327
0.47 0.0477169
0.48 0.0358396
0.49 0.0285356
0.5 0.023806
0.51 0.0205858
0.52 0.0182802
0.53 0.0165701
0.54 0.015267
0.55 0.0142507
0.56 0.0134406
0.57 0.0127836
0.58 0.0122449
0.59 0.0117965
0.6 0.011418
0.61 0.0110966
0.62 0.0108199
0.63 0.0105812
0.64 0.0103735
0.65 0.010192
0.66 0.0100316
0.67 0.00988864
0.68 0.00976156
0.69 0.00964835
0.7 0.00954629
0.71 0.00945384
0.72 0.00937062
0.73 0.00929499
0.74 0.00922567
0.75 0.00916276
0.76 0.00910495
0.77 0.00905176
0.78 0.00900307
0.79 0.00895782
0.8 0.00891629
0.81 0.00887761
0.82 0.00884191
0.83 0.00880863
0.84 0.00877776
0.85 0.00874893
0.86 0.00872213
0.87 0.00869703
0.88 0.00867369
0.89 0.00865176
0.9 0.00863138
0.91 0.0086122
0.92 0.00859435
0.93 0.00857762
0.94 0.00856198
0.95 0.00854743
0.96 0.0085338
0.97 0.00852117
0.98 0.00850944
0.99 0.00849856
1 0.00848861
1.01 0.00847949
1.02 0.00847123
1.03 0.00846388
1.04 0.00845741
1.05 0.00845188
1.06 0.00844738
1.07 0.00844397
1.08 0.00844175
1.09 0.00844091
1.1 0.00844167
1.11 0.00844428
1.12 0.00844915
1.13 0.00845684
1.14 0.00846811
1.15 0.00848405
1.16 0.00850626
1.17 0.00853724
1.18 0.00858085
1.19 0.00864348
1.2 0.00873628
1.21 0.00888013
1.22 0.00911778
1.23 0.00954807
1.24 0.0104395
1.25 0.0126441
1.26 0.0184463
1.27 0.0271528
1.28 0.0211578
1.29 0.0112988
1.3 0.0102915
1.31 0.00972459
1.32 0.00923785
1.33 0.0089731
1.34 0.00883303
1.35 0.00875267
1.36 0.00871727
1.37 0.00875182
1.38 0.00887708
1.39 0.00913142
1.4 0.00976848
1.41 0.0115961
1.42 0.0158743
1.43 0.015026
1.44 0.0106139
1.45 0.0093963
1.46 0.00891485
1.47 0.00868267
1.48 0.00855872
1.49 0.00848199
1.5 0.0084319
1.51 0.00839745
1.52 0.00837255
1.53 0.00835402
1.54 0.00833994
1.55 0.0083291
1.56 0.00832065
1.57 0.00831405
1.58 0.00830893
1.59 0.00830498
1.6 0.00830201
1.61 0.00829985
1.62 0.00829841
1.63 0.00829762
1.64 0.00829741
1.65 0.00829774
1.66 0.00829855
1.67 0.00829979
1.68 0.00830148
1.69 0.00830362
1.7 0.00830617
1.71 0.00830912
1.72 0.00831251
1.73 0.00831632
1.74 0.00832055
1.75 0.00832524
1.76 0.00833038
1.77 0.00833599
1.78 0.00834212
1.79 0.00834875
1.8 0.00835595
1.81 0.00836374
1.82 0.00837215
1.83 0.00838123
1.84 0.00839102
1.85 0.00840159
1.86 0.00841299
1.87 0.00842528
1.88 0.00843856
1.89 0.00845289
1.9 0.00846839
1.91 0.00848516
1.92 0.00850334
1.93 0.00852306
1.94 0.00854448
1.95 0.00856781
1.96 0.00859325
1.97 0.00862106
1.98 0.00865154
1.99 0.00868502
2 0.00872191
2.01 0.00876268
2.02 0.00880791
2.03 0.00885827
2.04 0.00891457
2.05 0.00897782
2.06 0.00904924
2.07 0.00913035
2.08 0.00922306
2.09 0.00932977
2.1 0.00945361
2.11 0.00959862
2.12 0.0097702
2.13 0.00997564
2.14 0.010225
2.15 0.0105326
2.16 0.0109191
2.17 0.0114159
2.18 0.012072
2.19 0.0129674
2.2 0.0142415
2.21 0.0161537
2.22 0.0192335
2.23 0.0247016
2.24 0.0358668
2.25 0.0632121
2.26 0.134956
2.27 0.243524
2.28 0.171532
2.29 0.0479768
2.3 0.0361956
2.31 0.029448
2.32 0.0239873
2.33 0.0215761
2.34 0.0210503
2.35 0.0217686
2.36 0.0238647
2.37 0.0282962
2.38 0.0367688
2.39 0.0533292
2.4 0.0918788
2.41 0.200023
2.42 0.453181
2.43 0.407045
2.44 0.145139
2.45 0.0733144
2.46 0.0450529
2.47 0.0315424
2.48 0.0244547
2.49 0.0201008
2.5 0.0172846
2.51 0.0153701
2.52 0.0140021
2.53 0.0129894
2.54 0.012219
2.55 0.0116192
2.56 0.011142
2.57 0.0107555
2.58 0.0104392
2.59 0.0101764
2.6 0.00995494
2.61 0.00976723
2.62 0.00960596
2.63 0.00946702
2.64 0.0093462
2.65 0.00924071
2.66 0.00914766
2.67 0.00906496
2.68 0.0089915
2.69 0.00892604
2.7 0.00886713
2.71 0.00881389
2.72 0.00876594
2.73 0.00872241
2.74 0.0086826
2.75 0.00864643
2.76 0.00861325
2.77 0.00858276
2.78 0.00855481
2.79 0.00852891
2.8 0.0085051
2.81 0.00848296
2.82 0.00846251
2.83 0.00844347
2.84 0.00842579
2.85 0.00840929
2.86 0.00839394
2.87 0.00837956
2.88 0.00836617
2.89 0.0083536
2.9 0.00834189
2.91 0.00833087
2.92 0.00832059
2.93 0.00831094
2.94 0.0083019
2.95 0.00829346
2.96 0.00828553
2.97 0.00827815
2.98 0.00827127
2.99 0.00826486
3 0.00825894
3.01 0.00825347
3.02 0.00824845
3.03 0.00824391
3.04 0.00823983
3.05 0.00823624
3.06 0.00823317
3.07 0.00823065
3.08 0.00822872
3.09 0.00822748
3.1 0.00822702
3.11 0.00822746
3.12 0.00822899
3.13 0.00823189
3.14 0.00823649
3.15 0.00824333
3.16 0.00825316
3.17 0.00826717
3.18 0.0082872
3.19 0.00831627
3.2 0.00835971
3.21 0.00842746
3.22 0.00853988
3.23 0.00874407
3.24 0.00916796
3.25 0.0102175
3.26 0.0129812
3.27 0.0171318
3.28 0.014282
3.29 0.00957258
3.3 0.00909102
3.31 0.00881637
3.32 0.00858072
3.33 0.00845045
3.34 0.00837829
3.35 0.00833246
3.36 0.00830443
3.37 0.00830315
3.38 0.00833248
3.39 0.00839532
3.4 0.0085653
3.41 0.00906386
3.42 0.0102352
3.43 0.0100013
3.44 0.00878629
3.45 0.00844941
3.46 0.00831562
3.47 0.00825036
3.48 0.00821492
3.49 0.00819273
3.5 0.00817805
3.51 0.00816777
3.52 0.00816019
3.53 0.00815445
3.54 0.00815002
3.55 0.00814656
3.56 0.00814384
3.57 0.00814169
3.58 0.00814002
3.59 0.00813873
3.6 0.00813776
3.61 0.00813708
3.62 0.00813665
3.63 0.00813645
3.64 0.00813647
3.65 0.0081367
3.66 0.00813711
3.67 0.00813769
3.68 0.00813845
3.69 0.00813939
3.7 0.0081405
3.71 0.00814178
3.72 0.00814325
3.73 0.00814489
3.74 0.00814672
3.75 0.00814874
3.76 0.00815095
3.77 0.00815337
3.78 0.00815602
3.79 0.00815888
3.8 0.008162
3.81 0.00816536
3.82 0.008169
3.83 0.00817293
3.84 0.00817717
3.85 0.00818174
3.86 0.00818668
3.87 0.00819201
3.88 0.00819776
3.89 0.00820396
3.9 0.00821067
3.91 0.00821793
3.92 0.00822579
3.93 0.0082343
3.94 0.00824355
3.95 0.00825361
3.96 0.00826456
3.97 0.00827652
3.98 0.0082896
3.99 0.00830394
4 0.00831972
4.01 0.00833712
4.02 0.00835637
4.03 0.00837775
4.04 0.00840159
4.05 0.00842829
4.06 0.00845834
4.07 0.00849236
4.08 0.00853108
4.09 0.00857549
4.1 0.0086268
4.11 0.00868662
4.12 0.00875707
4.13 0.00884099
4.14 0.00894232
4.15 0.00906661
4.16 0.00922193
4.17 0.00942039
4.18 0.00968088
4.19 0.0100343
4.2 0.0105343
4.21 0.0112805
4.22 0.0124762
4.23 0.0145896
4.24 0.0188892
4.25 0.0293934
4.26 0.0569137
4.27 0.0985319
4.28 0.0709965
4.29 0.0237243
4.3 0.0192705
4.31 0.016763
4.32 0.0147819
4.33 0.0140062
4.34 0.0140077
4.35 0.0145725
4.36 0.015809
4.37 0.0181948
4.38 0.0226282
4.39 0.0312765
4.4 0.051323
4.41 0.107477
4.42 0.23885
4.43 0.214919
4.44 0.0790424
4.45 0.0417797
4.46 0.0271231
4.47 0.020122
4.48 0.0164516
4.49 0.014199
4.5 0.0127433
4.51 0.0117548
4.52 0.0110495
4.53 0.0105282
4.54 0.0101321
4.55 0.00982416
4.56 0.00957945
4.57 0.00938156
4.58 0.00921976
4.59 0.00908552
4.6 0.00897259
4.61 0.00887699
4.62 0.00879498
4.63 0.00872439
4.64 0.00866306
4.65 0.00860954
4.66 0.0085624
4.67 0.00852058
4.68 0.00848345
4.69 0.00845037
4.7 0.00842064
4.71 0.00839382
4.72 0.00836965
4.73 0.00834772
4.74 0.00832771
4.75 0.00830951
4.76 0.00829283
4.77 0.00827752
4.78 0.00826347
4.79 0.00825048
4.8 0.00823852
4.81 0.00822742
4.82 0.00821715
4.83 0.00820759
4.84 0.00819872
4.85 0.00819044
4.86 0.00818273
4.87 0.00817551
4.88 0.00816878
4.89 0.00816246
4.9 0.00815655
4.91 0.008151
4.92 0.00814581
4.93 0.00814093
4.94 0.00813635
4.95 0.00813207
4.96 0.00812804
4.97 0.00812426
4.98 0.00812073
4.99 0.00811743
5 0.00811436
