0.012 -0.999519
0.016 -0.999199
0.02 -0.998798
0.024 -0.998317
0.028 -0.997757
0.032 -0.997116
0.036 -0.996396
0.04 -0.995597
0.044 -0.994718
0.048 -0.993759
0.052 -0.992722
0.056 -0.991605
0.06 -0.99041
0.064 -0.989136
0.068 -0.987784
0.072 -0.986354
0.076 -0.984845
0.08 -0.98326
0.084 -0.981596
0.088 -0.979856
0.092 -0.978039
0.096 -0.976145
0.1 -0.974175
0.104 -0.972129
0.108 -0.970008
0.112 -0.967811
0.116 -0.96554
0.12 -0.963194
0.124 -0.960774
0.128 -0.958281
0.132 -0.955714
0.136 -0.953074
0.14 -0.950362
0.144 -0.947578
0.148 -0.944722
0.152 -0.941795
0.156 -0.938798
0.16 -0.935731
0.164 -0.932594
0.168 -0.929388
0.172 -0.926113
0.176 -0.92277
0.18 -0.91936
0.184 -0.915883
0.188 -0.91234
0.192 -0.90873
0.196 -0.905056
0.2 -0.901317
0.204 -0.897513
0.208 -0.893646
0.212 -0.889717
0.216 -0.885725
0.22 -0.881672
0.224 -0.877557
0.228 -0.873383
0.232 -0.869148
0.236 -0.864855
0.24 -0.860503
0.244 -0.856094
0.248 -0.851628
0.252 -0.847106
0.256 -0.842528
0.26 -0.837895
0.264 -0.833208
0.268 -0.828468
0.272 -0.823675
0.276 -0.818831
0.28 -0.813935
0.284 -0.808988
0.288 -0.803992
0.292 -0.798947
0.296 -0.793854
0.3 -0.788714
0.304 -0.783527
0.308 -0.778294
0.312 -0.773016
0.316 -0.767694
0.32 -0.762329
0.324 -0.756921
0.328 -0.751471
0.332 -0.74598
0.336 -0.740449
0.34 -0.734878
0.344 -0.729269
0.348 -0.723623
0.352 -0.717939
0.356 -0.712219
0.36 -0.706464
0.364 -0.700674
0.368 -0.694851
0.372 -0.688995
0.376 -0.683107
0.38 -0.677188
0.384 -0.671239
0.388 -0.665261
0.392 -0.659254
0.396 -0.653219
0.4 -0.647157
0.404 -0.641069
0.408 -0.634956
0.412 -0.628819
0.416 -0.622659
0.42 -0.616475
0.424 -0.61027
0.428 -0.604044
0.432 -0.597798
0.436 -0.591532
0.44 -0.585249
0.444 -0.578947
0.448 -0.572629
0.452 -0.566295
0.456 -0.559946
0.46 -0.553583
0.464 -0.547206
0.468 -0.540817
0.472 -0.534416
0.476 -0.528004
0.48 -0.521583
0.484 -0.515151
0.488 -0.508712
0.492 -0.502265
0.496 -0.495811
0.5 -0.489351
0.504 -0.482886
0.508 -0.476417
0.512 -0.469944
0.516 -0.463468
0.52 -0.45699
0.524 -0.450511
0.528 -0.444032
0.532 -0.437552
0.536 -0.431074
0.54 -0.424598
0.544 -0.418125
0.548 -0.411655
0.552 -0.405189
0.556 -0.398728
0.56 -0.392273
0.564 -0.385824
0.568 -0.379382
0.572 -0.372948
0.576 -0.366523
0.58 -0.360107
0.584 -0.3537
0.588 -0.347305
0.592 -0.340921
0.596 -0.334549
0.6 -0.32819
0.604 -0.321844
0.608 -0.315512
0.612 -0.309195
0.616 -0.302893
0.62 -0.296608
0.624 -0.290339
0.628 -0.284088
0.632 -0.277854
0.636 -0.271639
0.64 -0.265443
0.644 -0.259267
0.648 -0.253112
0.652 -0.246977
0.656 -0.240864
0.66 -0.234773
0.664 -0.228705
0.668 -0.222661
0.672 -0.216639
0.676 -0.210643
0.68 -0.204671
0.684 -0.198725
0.688 -0.192804
0.692 -0.186911
0.696 -0.181044
0.7 -0.175204
0.704 -0.169393
0.708 -0.16361
0.712 -0.157856
0.716 -0.152131
0.72 -0.146436
0.724 -0.140772
0.728 -0.135138
0.732 -0.129535
0.736 -0.123964
0.74 -0.118425
0.744 -0.112918
0.748 -0.107444
0.752 -0.102003
0.756 -0.096596
0.76 -0.0912227
0.764 -0.0858838
0.768 -0.0805795
0.772 -0.0753102
0.776 -0.0700763
0.78 -0.064878
0.784 -0.0597158
0.788 -0.0545898
0.792 -0.0495005
0.796 -0.0444481
0.8 -0.039433
0.804 -0.0344553
0.808 -0.0295153
0.812 -0.0246134
0.816 -0.0197498
0.82 -0.0149248
0.824 -0.0101385
0.828 -0.00539119
0.832 -0.000683143
0.836 0.00398546
0.84 0.0086144
0.844 0.0132035
0.848 0.0177525
0.852 0.0222613
0.856 0.0267297
0.86 0.0311575
0.864 0.0355446
0.868 0.0398907
0.872 0.0441959
0.876 0.0484598
0.88 0.0526825
0.884 0.0568637
0.888 0.0610033
0.892 0.0651013
0.896 0.0691576
0.9 0.073172
0.904 0.0771445
0.908 0.0810749
0.912 0.0849633
0.916 0.0888095
0.92 0.0926135
0.924 0.0963752
0.928 0.100095
0.932 0.103772
0.936 0.107406
0.94 0.110999
0.944 0.114549
0.948 0.118056
0.952 0.121521
0.956 0.124944
0.96 0.128324
0.964 0.131662
0.968 0.134958
0.972 0.138211
0.976 0.141422
0.98 0.14459
0.984 0.147716
0.988 0.150801
0.992 0.153843
0.996 0.156843
1 0.1598
1.004 0.162717
1.008 0.165591
1.012 0.168423
1.016 0.171214
1.02 0.173963
1.024 0.176671
1.028 0.179338
1.032 0.181963
1.036 0.184547
1.04 0.18709
1.044 0.189592
1.048 0.192054
1.052 0.194474
1.056 0.196855
1.06 0.199195
1.064 0.201495
1.068 0.203754
1.072 0.205974
1.076 0.208155
1.08 0.210295
1.084 0.212397
1.088 0.214459
1.092 0.216482
1.096 0.218466
1.1 0.220411
1.104 0.222318
1.108 0.224187
1.112 0.226018
1.116 0.227811
1.12 0.229566
1.124 0.231283
1.128 0.232964
1.132 0.234607
1.136 0.236213
1.14 0.237783
1.144 0.239317
1.148 0.240814
1.152 0.242275
1.156 0.2437
1.16 0.24509
1.164 0.246445
1.168 0.247764
1.172 0.249049
1.176 0.250299
1.18 0.251515
1.184 0.252697
1.188 0.253845
1.192 0.254959
1.196 0.25604
1.2 0.257088
1.204 0.258103
1.208 0.259086
1.212 0.260036
1.216 0.260954
1.22 0.26184
1.224 0.262695
1.228 0.263518
1.232 0.26431
1.236 0.265072
1.24 0.265803
1.244 0.266504
1.248 0.267175
1.252 0.267816
1.256 0.268427
1.26 0.26901
1.264 0.269563
1.268 0.270088
1.272 0.270585
1.276 0.271054
1.28 0.271494
1.284 0.271908
1.288 0.272294
1.292 0.272652
1.296 0.272985
1.3 0.27329
1.304 0.27357
1.308 0.273824
1.312 0.274052
1.316 0.274255
1.32 0.274432
1.324 0.274585
1.328 0.274714
1.332 0.274818
1.336 0.274898
1.34 0.274954
1.344 0.274987
1.348 0.274997
1.352 0.274984
1.356 0.274949
1.36 0.274891
1.364 0.274811
1.368 0.274709
1.372 0.274586
1.376 0.274441
1.38 0.274276
1.384 0.274089
1.388 0.273883
1.392 0.273656
1.396 0.273409
1.4 0.273142
1.404 0.272856
1.408 0.272551
1.412 0.272228
1.416 0.271885
1.42 0.271524
1.424 0.271145
1.428 0.270749
1.432 0.270334
1.436 0.269903
1.44 0.269454
1.444 0.268989
1.448 0.268507
1.452 0.268008
1.456 0.267494
1.46 0.266964
1.464 0.266418
1.468 0.265857
1.472 0.265281
1.476 0.26469
1.48 0.264084
1.484 0.263464
1.488 0.26283
1.492 0.262183
1.496 0.261521
1.5 0.260846
1.504 0.260158
1.508 0.259457
1.512 0.258743
1.516 0.258017
1.52 0.257278
1.524 0.256528
1.528 0.255766
1.532 0.254992
1.536 0.254206
1.54 0.25341
1.544 0.252603
1.548 0.251784
1.552 0.250956
1.556 0.250117
1.56 0.249268
1.564 0.248409
1.568 0.24754
1.572 0.246662
1.576 0.245775
1.58 0.244879
1.584 0.243973
1.588 0.243059
1.592 0.242137
1.596 0.241206
1.6 0.240267
1.604 0.239321
1.608 0.238366
1.612 0.237404
1.616 0.236435
1.62 0.235459
1.624 0.234475
1.628 0.233485
1.632 0.232488
1.636 0.231485
1.64 0.230475
1.644 0.229459
1.648 0.228438
1.652 0.22741
1.656 0.226377
1.66 0.225339
1.664 0.224295
1.668 0.223246
1.672 0.222192
1.676 0.221134
1.68 0.22007
1.684 0.219003
1.688 0.217931
1.692 0.216854
1.696 0.215774
1.7 0.21469
1.704 0.213602
1.708 0.212511
1.712 0.211416
1.716 0.210317
1.72 0.209216
1.724 0.208111
1.728 0.207004
1.732 0.205894
1.736 0.204781
1.74 0.203665
1.744 0.202548
1.748 0.201428
1.752 0.200305
1.756 0.199181
1.76 0.198055
1.764 0.196927
1.768 0.195798
1.772 0.194667
1.776 0.193534
1.78 0.1924
1.784 0.191265
1.788 0.190129
1.792 0.188992
1.796 0.187854
1.8 0.186715
1.804 0.185576
1.808 0.184436
1.812 0.183295
1.816 0.182154
1.82 0.181013
1.824 0.179872
1.828 0.178731
1.832 0.177589
1.836 0.176448
1.84 0.175307
1.844 0.174166
1.848 0.173025
1.852 0.171885
1.856 0.170746
1.86 0.169607
1.864 0.168469
1.868 0.167331
1.872 0.166195
1.876 0.165059
1.88 0.163924
1.884 0.162791
1.888 0.161658
1.892 0.160527
1.896 0.159397
1.9 0.158269
1.904 0.157141
1.908 0.156016
1.912 0.154892
1.916 0.153769
1.92 0.152648
1.924 0.151529
1.928 0.150412
1.932 0.149297
1.936 0.148183
1.94 0.147072
1.944 0.145962
1.948 0.144855
1.952 0.14375
1.956 0.142647
1.96 0.141546
1.964 0.140448
1.968 0.139352
1.972 0.138258
1.976 0.137167
1.98 0.136078
1.984 0.134991
1.988 0.133908
1.992 0.132827
1.996 0.131748
2 0.130672
2.004 0.129599
2.008 0.128529
2.012 0.127462
2.016 0.126397
2.02 0.125335
2.024 0.124276
2.028 0.123221
2.032 0.122168
2.036 0.121118
2.04 0.120071
2.044 0.119027
2.048 0.117986
2.052 0.116949
2.056 0.115915
2.06 0.114883
2.064 0.113855
2.068 0.112831
2.072 0.111809
2.076 0.110791
2.08 0.109776
2.084 0.108764
2.088 0.107756
2.092 0.106751
2.096 0.10575
2.1 0.104752
2.104 0.103757
2.108 0.102766
2.112 0.101778
2.116 0.100794
2.12 0.099813
2.124 0.0988357
2.128 0.097862
2.132 0.0968917
2.136 0.095925
2.14 0.0949619
2.144 0.0940024
2.148 0.0930464
2.152 0.092094
2.156 0.0911452
2.16 0.0902
2.164 0.0892585
2.168 0.0883205
2.172 0.0873862
2.176 0.0864556
2.18 0.0855286
2.184 0.0846052
2.188 0.0836855
2.192 0.0827695
2.196 0.0818571
2.2 0.0809484
2.204 0.0800434
2.208 0.079142
2.212 0.0782444
2.216 0.0773504
2.22 0.0764601
2.224 0.0755735
2.228 0.0746906
2.232 0.0738114
2.236 0.0729358
2.24 0.072064
2.244 0.0711958
2.248 0.0703313
2.252 0.0694705
2.256 0.0686134
2.26 0.06776
2.264 0.0669102
2.268 0.0660641
2.272 0.0652217
2.276 0.0643829
2.28 0.0635478
2.284 0.0627164
2.288 0.0618886
2.292 0.0610645
2.296 0.060244
2.3 0.0594271
2.304 0.0586139
2.308 0.0578043
2.312 0.0569983
2.316 0.0561959
2.32 0.0553971
2.324 0.0546019
2.328 0.0538103
2.332 0.0530223
2.336 0.0522379
2.34 0.051457
2.344 0.0506797
2.348 0.0499059
2.352 0.0491356
2.356 0.0483689
2.36 0.0476057
2.364 0.0468461
2.368 0.0460899
2.372 0.0453372
2.376 0.0445879
2.38 0.0438422
2.384 0.0430999
2.388 0.042361
2.392 0.0416256
2.396 0.0408936
2.4 0.040165
2.404 0.0394398
2.408 0.038718
2.412 0.0379996
2.416 0.0372846
2.42 0.0365729
2.424 0.0358645
2.428 0.0351595
2.432 0.0344578
2.436 0.0337593
2.44 0.0330642
2.444 0.0323724
2.448 0.0316838
2.452 0.0309985
2.456 0.0303164
2.46 0.0296375
2.464 0.0289618
2.468 0.0282894
2.472 0.0276201
2.476 0.026954
2.48 0.026291
2.484 0.0256312
2.488 0.0249745
2.492 0.0243209
2.496 0.0236705
2.5 0.0230231
2.504 0.0223788
2.508 0.0217375
2.512 0.0210993
2.516 0.0204641
2.52 0.0198319
2.524 0.0192028
2.528 0.0185766
2.532 0.0179533
2.536 0.0173331
2.54 0.0167158
2.544 0.0161014
2.548 0.0154899
2.552 0.0148813
2.556 0.0142756
2.56 0.0136727
2.564 0.0130728
2.568 0.0124756
2.572 0.0118813
2.576 0.0112898
2.58 0.010701
2.584 0.0101151
2.588 0.00953187
2.592 0.00895143
2.596 0.00837372
2.6 0.00779872
2.604 0.00722643
2.608 0.00665683
2.612 0.0060899
2.616 0.00552562
2.62 0.00496399
2.624 0.00440498
2.628 0.00384859
2.632 0.0032948
2.636 0.00274358
2.64 0.00219494
2.644 0.00164885
2.648 0.0011053
2.652 0.000564266
2.656 2.5745e-05
2.66 -0.000510283
2.664 -0.00104383
2.668 -0.00157492
2.672 -0.00210355
2.676 -0.00262975
2.68 -0.00315353
2.684 -0.00367491
2.688 -0.00419389
2.692 -0.0047105
2.696 -0.00522474
2.7 -0.00573664
2.704 -0.00624621
2.708 -0.00675345
2.712 -0.0072584
2.716 -0.00776105
2.72 -0.00826142
2.724 -0.00875954
2.728 -0.00925541
2.732 -0.00974904
2.736 -0.0102405
2.74 -0.0107297
2.744 -0.0112167
2.748 -0.0117015
2.752 -0.0121842
2.756 -0.0126647
2.76 -0.0131431
2.764 -0.0136194
2.768 -0.0140935
2.772 -0.0145656
2.776 -0.0150356
2.78 -0.0155035
2.784 -0.0159694
2.788 -0.0164332
2.792 -0.016895
2.796 -0.0173547
2.8 -0.0178125
2.804 -0.0182683
2.808 -0.0187221
2.812 -0.0191739
2.816 -0.0196238
2.82 -0.0200718
2.824 -0.0205178
2.828 -0.0209619
2.832 -0.0214042
2.836 -0.0218445
2.84 -0.022283
2.844 -0.0227195
2.848 -0.0231543
2.852 -0.0235872
2.856 -0.0240183
2.86 -0.0244475
2.864 -0.024875
2.868 -0.0253007
2.872 -0.0257246
2.876 -0.0261467
2.88 -0.0265671
2.884 -0.0269857
2.888 -0.0274026
2.892 -0.0278178
2.896 -0.0282313
2.9 -0.028643
2.904 -0.0290531
2.908 -0.0294615
2.912 -0.0298683
2.916 -0.0302734
2.92 -0.0306768
2.924 -0.0310786
2.928 -0.0314788
2.932 -0.0318774
2.936 -0.0322744
2.94 -0.0326698
2.944 -0.0330636
2.948 -0.0334559
2.952 -0.0338465
2.956 -0.0342357
2.96 -0.0346233
2.964 -0.0350094
2.968 -0.0353939
2.972 -0.0357769
2.976 -0.0361585
2.98 -0.0365385
2.984 -0.0369171
2.988 -0.0372942
2.992 -0.0376698
2.996 -0.038044
3 -0.0384167
3.004 -0.038788
3.008 -0.0391579
3.012 -0.0395264
3.016 -0.0398934
3.02 -0.040259
3.024 -0.0406233
3.028 -0.0409862
3.032 -0.0413476
3.036 -0.0417078
3.04 -0.0420665
3.044 -0.0424239
3.048 -0.04278
3.052 -0.0431347
3.056 -0.0434881
3.06 -0.0438402
3.064 -0.044191
3.068 -0.0445404
3.072 -0.0448886
3.076 -0.0452355
3.08 -0.0455811
3.084 -0.0459254
3.088 -0.0462684
3.092 -0.0466102
3.096 -0.0469507
3.1 -0.04729
3.104 -0.047628
3.108 -0.0479648
3.112 -0.0483003
3.116 -0.0486347
3.12 -0.0489678
3.124 -0.0492997
3.128 -0.0496303
3.132 -0.0499598
3.136 -0.0502881
3.14 -0.0506152
3.144 -0.0509411
3.148 -0.0512658
3.152 -0.0515894
3.156 -0.0519118
3.16 -0.052233
3.164 -0.052553
3.168 -0.0528719
3.172 -0.0531897
3.176 -0.0535063
3.18 -0.0538217
3.184 -0.054136
3.188 -0.0544492
3.192 -0.0547613
3.196 -0.0550722
3.2 -0.055382
3.204 -0.0556907
3.208 -0.0559982
3.212 -0.0563047
3.216 -0.05661
3.22 -0.0569143
3.224 -0.0572174
3.228 -0.0575194
3.232 -0.0578203
3.236 -0.0581202
3.24 -0.0584189
3.244 -0.0587166
3.248 -0.0590131
3.252 -0.0593086
3.256 -0.059603
3.26 -0.0598963
3.264 -0.0601886
3.268 -0.0604797
3.272 -0.0607698
3.276 -0.0610588
3.28 -0.0613467
3.284 -0.0616336
3.288 -0.0619193
3.292 -0.062204
3.296 -0.0624877
3.3 -0.0627702
3.304 -0.0630517
3.308 -0.0633321
3.312 -0.0636115
3.316 -0.0638898
3.32 -0.064167
3.324 -0.0644431
3.328 -0.0647182
3.332 -0.0649922
3.336 -0.0652651
3.34 -0.0655369
3.344 -0.0658077
3.348 -0.0660774
3.352 -0.066346
3.356 -0.0666135
3.36 -0.06688
3.364 -0.0671454
3.368 -0.0674097
3.372 -0.0676729
3.376 -0.067935
3.38 -0.068196
3.384 -0.0684559
3.388 -0.0687148
3.392 -0.0689725
3.396 -0.0692291
3.4 -0.0694846
3.404 -0.069739
3.408 -0.0699923
3.412 -0.0702445
3.416 -0.0704956
3.42 -0.0707455
3.424 -0.0709943
3.428 -0.071242
3.432 -0.0714885
3.436 -0.0717339
3.44 -0.0719782
3.444 -0.0722212
3.448 -0.0724632
3.452 -0.0727039
3.456 -0.0729435
3.46 -0.073182
3.464 -0.0734192
3.468 -0.0736552
3.472 -0.0738901
3.476 -0.0741238
3.48 -0.0743562
3.484 -0.0745874
3.488 -0.0748174
3.492 -0.0750462
3.496 -0.0752738
3.5 -0.0755001
3.504 -0.0757251
3.508 -0.0759489
3.512 -0.0761714
3.516 -0.0763926
3.52 -0.0766126
3.524 -0.0768312
3.528 -0.0770486
3.532 -0.0772646
3.536 -0.0774793
3.54 -0.0776927
3.544 -0.0779047
3.548 -0.0781154
3.552 -0.0783247
3.556 -0.0785327
3.56 -0.0787392
3.564 -0.0789444
3.568 -0.0791481
3.572 -0.0793504
3.576 -0.0795513
3.58 -0.0797508
3.584 -0.0799488
3.588 -0.0801453
3.592 -0.0803403
3.596 -0.0805339
3.6 -0.0807259
3.604 -0.0809164
3.608 -0.0811054
3.612 -0.0812928
3.616 -0.0814787
3.62 -0.081663
3.624 -0.0818457
3.628 -0.0820268
3.632 -0.0822062
3.636 -0.0823841
3.64 -0.0825602
3.644 -0.0827347
3.648 -0.0829076
3.652 -0.0830787
3.656 -0.0832481
3.66 -0.0834157
3.664 -0.0835816
3.668 -0.0837458
3.672 -0.0839081
3.676 -0.0840686
3.68 -0.0842273
3.684 -0.0843842
3.688 -0.0845392
3.692 -0.0846923
3.696 -0.0848435
3.7 -0.0849928
3.704 -0.0851401
3.708 -0.0852855
3.712 -0.0854289
3.716 -0.0855703
3.72 -0.0857097
3.724 -0.085847
3.728 -0.0859822
3.732 -0.0861154
3.736 -0.0862464
3.74 -0.0863753
3.744 -0.0865021
3.748 -0.0866266
3.752 -0.086749
3.756 -0.0868691
3.76 -0.0869869
3.764 -0.0871025
3.768 -0.0872158
3.772 -0.0873267
3.776 -0.0874353
3.78 -0.0875415
3.784 -0.0876452
3.788 -0.0877466
3.792 -0.0878454
3.796 -0.0879418
3.8 -0.0880357
3.804 -0.088127
3.808 -0.0882157
3.812 -0.0883019
3.816 -0.0883854
3.82 -0.0884662
3.824 -0.0885443
3.828 -0.0886197
3.832 -0.0886924
3.836 -0.0887623
3.84 -0.0888293
3.844 -0.0888935
3.848 -0.0889548
3.852 -0.0890132
3.856 -0.0890687
3.86 -0.0891211
3.864 -0.0891706
3.868 -0.089217
3.872 -0.0892603
3.876 -0.0893005
3.88 -0.0893376
3.884 -0.0893715
3.888 -0.0894021
3.892 -0.0894295
3.896 -0.0894535
3.9 -0.0894743
3.904 -0.0894917
3.908 -0.0895056
3.912 -0.0895161
3.916 -0.0895232
3.92 -0.0895267
3.924 -0.0895266
3.928 -0.0895229
3.932 -0.0895156
3.936 -0.0895046
3.94 -0.0894898
3.944 -0.0894713
3.948 -0.089449
3.952 -0.0894228
3.956 -0.0893927
3.96 -0.0893587
3.964 -0.0893207
3.968 -0.0892787
3.972 -0.0892325
3.976 -0.0891823
3.98 -0.0891279
3.984 -0.0890693
3.988 -0.0890064
3.992 -0.0889392
3.996 -0.0888677
4 -0.0887918
4.004 -0.0887114
4.008 -0.0886265
4.012 -0.0885371
4.016 -0.0884431
4.02 -0.0883444
4.024 -0.0882411
4.028 -0.088133
4.032 -0.0880201
4.036 -0.0879023
4.04 -0.0877796
4.044 -0.087652
4.048 -0.0875194
4.052 -0.0873817
4.056 -0.0872389
4.06 -0.0870909
4.064 -0.0869378
4.068 -0.0867793
4.072 -0.0866155
4.076 -0.0864463
4.08 -0.0862716
4.084 -0.0860914
4.088 -0.0859057
4.092 -0.0857143
4.096 -0.0855173
4.1 -0.0853145
4.104 -0.085106
4.108 -0.0848915
4.112 -0.0846712
4.116 -0.0844448
4.12 -0.0842124
4.124 -0.0839739
4.128 -0.0837293
4.132 -0.0834784
4.136 -0.0832212
4.14 -0.0829577
4.144 -0.0826877
4.148 -0.0824113
4.152 -0.0821283
4.156 -0.0818387
4.16 -0.0815424
4.164 -0.0812393
4.168 -0.0809295
4.172 -0.0806128
4.176 -0.0802891
4.18 -0.0799584
4.184 -0.0796206
4.188 -0.0792756
4.192 -0.0789235
4.196 -0.078564
4.2 -0.0781972
4.204 -0.0778229
4.208 -0.0774412
4.212 -0.0770518
4.216 -0.0766548
4.22 -0.0762501
4.224 -0.0758376
4.228 -0.0754172
4.232 -0.0749889
4.236 -0.0745526
4.24 -0.0741082
4.244 -0.0736556
4.248 -0.0731948
4.252 -0.0727257
4.256 -0.0722482
4.26 -0.0717622
4.264 -0.0712677
4.268 -0.0707646
4.272 -0.0702527
4.276 -0.0697321
4.28 -0.0692027
4.284 -0.0686643
4.288 -0.0681169
4.292 -0.0675604
4.296 -0.0669948
4.3 -0.0664199
4.304 -0.0658357
4.308 -0.0652421
4.312 -0.0646391
4.316 -0.0640264
4.32 -0.0634041
4.324 -0.0627721
4.328 -0.0621303
4.332 -0.0614786
4.336 -0.0608169
4.34 -0.0601452
4.344 -0.0594633
4.348 -0.0587712
4.352 -0.0580689
4.356 -0.0573561
4.36 -0.0566329
4.364 -0.0558991
4.368 -0.0551547
4.372 -0.0543996
4.376 -0.0536337
4.38 -0.0528569
4.384 -0.0520692
4.388 -0.0512704
4.392 -0.0504605
4.396 -0.0496393
4.4 -0.0488069
4.404 -0.047963
4.408 -0.0471077
4.412 -0.0462409
4.416 -0.0453624
4.42 -0.0444722
4.424 -0.0435702
4.428 -0.0426563
4.432 -0.0417304
4.436 -0.0407924
4.44 -0.0398424
4.444 -0.0388801
4.448 -0.0379054
4.452 -0.0369184
4.456 -0.0359189
4.46 -0.0349069
4.464 -0.0338822
4.468 -0.0328448
4.472 -0.0317945
4.476 -0.0307314
4.48 -0.0296553
4.484 -0.0285661
4.488 -0.0274638
4.492 -0.0263483
4.496 -0.0252195
4.5 -0.0240772
4.504 -0.0229216
4.508 -0.0217523
4.512 -0.0205695
4.516 -0.0193729
4.52 -0.0181625
4.524 -0.0169383
4.528 -0.0157001
4.532 -0.0144479
4.536 -0.0131816
4.54 -0.0119012
4.544 -0.0106064
4.548 -0.00929737
4.552 -0.00797391
4.556 -0.00663596
4.56 -0.00528346
4.564 -0.00391633
4.568 -0.00253449
4.572 -0.00113788
4.576 0.000273571
4.58 0.00169994
4.584 0.0031413
4.588 0.00459772
4.592 0.00606926
4.596 0.007556
4.6 0.009058
4.604 0.0105753
4.608 0.012108
4.612 0.0136562
4.616 0.0152199
4.62 0.0167992
4.624 0.0183941
4.628 0.0200047
4.632 0.0216311
4.636 0.0232733
4.64 0.0249313
4.644 0.0266054
4.648 0.0282953
4.652 0.0300014
4.656 0.0317235
4.66 0.0334618
4.664 0.0352163
4.668 0.036987
4.672 0.038774
4.676 0.0405773
4.68 0.042397
4.684 0.0442332
4.688 0.0460858
4.692 0.0479549
4.696 0.0498406
4.7 0.0517428
4.704 0.0536616
4.708 0.0555971
4.712 0.0575493
4.716 0.0595182
4.72 0.0615038
4.724 0.0635062
4.728 0.0655254
4.732 0.0675614
4.736 0.0696143
4.74 0.071684
4.744 0.0737705
4.748 0.075874
4.752 0.0779943
4.756 0.0801316
4.76 0.0822858
4.764 0.084457
4.768 0.086645
4.772 0.08885
4.776 0.091072
4.78 0.0933109
4.784 0.0955667
4.788 0.0978395
4.792 0.100129
4.796 0.102436
4.8 0.104759
4.804 0.1071
4.808 0.109457
4.812 0.111831
4.816 0.114222
4.82 0.11663
4.824 0.119054
4.828 0.121496
4.832 0.123954
4.836 0.126428
4.84 0.12892
4.844 0.131428
4.848 0.133952
4.852 0.136493
4.856 0.139051
4.86 0.141625
4.864 0.144215
4.868 0.146821
4.872 0.149444
4.876 0.152083
4.88 0.154738
4.884 0.157409
4.888 0.160096
4.892 0.162799
4.896 0.165518
4.9 0.168252
4.904 0.171002
4.908 0.173768
4.912 0.176549
4.916 0.179345
4.92 0.182157
4.924 0.184984
4.928 0.187826
4.932 0.190683
4.936 0.193555
4.94 0.196441
4.944 0.199342
4.948 0.202257
4.952 0.205187
4.956 0.208131
4.96 0.211089
4.964 0.214061
4.968 0.217047
4.972 0.220047
4.976 0.22306
4.98 0.226086
4.984 0.229126
4.988 0.232178
4.992 0.235244
4.996 0.238322
5 0.241412
5.004 0.244515
5.008 0.247631
5.012 0.250758
5.016 0.253897
5.02 0.257047
5.024 0.260209
5.028 0.263383
5.032 0.266567
5.036 0.269762
5.04 0.272967
5.044 0.276183
5.048 0.279409
5.052 0.282645
5.056 0.285891
5.06 0.289146
5.064 0.292411
5.068 0.295684
5.072 0.298966
5.076 0.302257
5.08 0.305556
5.084 0.308862
5.088 0.312177
5.092 0.315499
5.096 0.318828
5.1 0.322164
5.104 0.325507
5.108 0.328856
5.112 0.332211
5.116 0.335571
5.12 0.338938
5.124 0.342309
5.128 0.345685
5.132 0.349066
5.136 0.352451
5.14 0.35584
5.144 0.359232
5.148 0.362628
5.152 0.366027
5.156 0.369428
5.16 0.372831
5.164 0.376237
5.168 0.379644
5.172 0.383052
5.176 0.386461
5.18 0.389871
5.184 0.39328
5.188 0.39669
5.192 0.400099
5.196 0.403507
5.2 0.406913
5.204 0.410318
5.208 0.41372
5.212 0.417121
5.216 0.420518
5.22 0.423912
5.224 0.427302
5.228 0.430688
5.232 0.434069
5.236 0.437446
5.24 0.440817
5.244 0.444182
5.248 0.447542
5.252 0.450894
5.256 0.454239
5.26 0.457577
5.264 0.460907
5.268 0.464229
5.272 0.467541
5.276 0.470845
5.28 0.474138
5.284 0.477422
5.288 0.480694
5.292 0.483956
5.296 0.487206
5.3 0.490444
5.304 0.493669
5.308 0.496882
5.312 0.500081
5.316 0.503265
5.32 0.506436
5.324 0.509591
5.328 0.512731
5.332 0.515856
5.336 0.518963
5.34 0.522054
5.344 0.525128
5.348 0.528183
5.352 0.53122
5.356 0.534238
5.36 0.537237
5.364 0.540216
5.368 0.543174
5.372 0.546112
5.376 0.549028
5.38 0.551922
5.384 0.554793
5.388 0.557642
5.392 0.560467
5.396 0.563267
5.4 0.566044
5.404 0.568795
5.408 0.57152
5.412 0.57422
5.416 0.576893
5.42 0.579538
5.424 0.582156
5.428 0.584746
5.432 0.587306
5.436 0.589838
5.44 0.592339
5.444 0.594811
5.448 0.597251
5.452 0.59966
5.456 0.602037
5.46 0.604382
5.464 0.606693
5.468 0.608971
5.472 0.611215
5.476 0.613424
5.48 0.615599
5.484 0.617737
5.488 0.61984
5.492 0.621905
5.496 0.623934
5.5 0.625925
5.504 0.627878
5.508 0.629791
5.512 0.631666
5.516 0.633501
5.52 0.635296
5.524 0.637049
5.528 0.638762
5.532 0.640433
5.536 0.642061
5.54 0.643647
5.544 0.645189
5.548 0.646688
5.552 0.648142
5.556 0.649552
5.56 0.650917
5.564 0.652235
5.568 0.653508
5.572 0.654734
5.576 0.655913
5.58 0.657044
5.584 0.658127
5.588 0.659162
5.592 0.660148
5.596 0.661084
5.6 0.661971
5.604 0.662807
5.608 0.663593
5.612 0.664327
5.616 0.66501
5.62 0.665641
5.624 0.66622
5.628 0.666745
5.632 0.667218
5.636 0.667637
5.64 0.668002
5.644 0.668313
5.648 0.668569
5.652 0.66877
5.656 0.668915
5.66 0.669005
5.664 0.669039
5.668 0.669016
5.672 0.668936
5.676 0.668799
5.68 0.668604
5.684 0.668352
5.688 0.668041
5.692 0.667672
5.696 0.667244
5.7 0.666758
5.704 0.666212
5.708 0.665606
5.712 0.66494
5.716 0.664215
5.72 0.663429
5.724 0.662582
5.728 0.661675
5.732 0.660707
5.736 0.659677
5.74 0.658586
5.744 0.657433
5.748 0.656219
5.752 0.654942
5.756 0.653603
5.76 0.652202
5.764 0.650738
5.768 0.649212
5.772 0.647623
5.776 0.645971
5.78 0.644256
5.784 0.642478
5.788 0.640636
5.792 0.638731
5.796 0.636763
5.8 0.634732
5.804 0.632637
5.808 0.630478
5.812 0.628256
5.816 0.62597
5.82 0.62362
5.824 0.621207
5.828 0.61873
5.832 0.61619
5.836 0.613586
5.84 0.610919
5.844 0.608188
5.848 0.605393
5.852 0.602535
5.856 0.599614
5.86 0.59663
5.864 0.593582
5.868 0.590472
5.872 0.587299
5.876 0.584063
5.88 0.580764
5.884 0.577403
5.888 0.57398
5.892 0.570494
5.896 0.566947
5.9 0.563338
5.904 0.559667
5.908 0.555936
5.912 0.552143
5.916 0.548289
5.92 0.544375
5.924 0.540401
5.928 0.536366
5.932 0.532272
5.936 0.528119
5.94 0.523906
5.944 0.519634
5.948 0.515305
5.952 0.510917
5.956 0.506471
5.96 0.501968
5.964 0.497407
5.968 0.492791
5.972 0.488118
5.976 0.483389
5.98 0.478604
5.984 0.473765
5.988 0.468871
5.992 0.463924
5.996 0.458922
6 0.453867
6.004 0.44876
6.008 0.4436
6.012 0.438389
6.016 0.433126
6.02 0.427813
6.024 0.42245
6.028 0.417037
6.032 0.411575
6.036 0.406065
6.04 0.400506
6.044 0.394901
6.048 0.389248
6.052 0.38355
6.056 0.377805
6.06 0.372016
6.064 0.366183
6.068 0.360306
6.072 0.354386
6.076 0.348423
6.08 0.342419
6.084 0.336374
6.088 0.330288
6.092 0.324163
6.096 0.317998
6.1 0.311796
6.104 0.305556
6.108 0.299278
6.112 0.292965
6.116 0.286617
6.12 0.280233
6.124 0.273816
6.128 0.267365
6.132 0.260882
6.136 0.254368
6.14 0.247822
6.144 0.241247
6.148 0.234642
6.152 0.228008
6.156 0.221347
6.16 0.214659
6.164 0.207945
6.168 0.201205
6.172 0.194441
6.176 0.187653
6.18 0.180843
6.184 0.17401
6.188 0.167156
6.192 0.160282
6.196 0.153389
6.2 0.146476
6.204 0.139546
6.208 0.132599
6.212 0.125637
6.216 0.118658
6.22 0.111666
6.224 0.10466
6.228 0.0976414
6.232 0.0906112
6.236 0.0835701
6.24 0.0765191
6.244 0.0694591
6.248 0.0623909
6.252 0.0553154
6.256 0.0482335
6.26 0.0411461
6.264 0.0340541
6.268 0.0269584
6.272 0.0198599
6.276 0.0127594
6.28 0.00565787
6.284 -0.00144379
6.288 -0.0085447
6.292 -0.015644
6.296 -0.0227407
6.3 -0.029834
6.304 -0.036923
6.308 -0.0440067
6.312 -0.0510844
6.316 -0.058155
6.32 -0.0652178
6.324 -0.0722718
6.328 -0.0793162
6.332 -0.08635
6.336 -0.0933724
6.34 -0.100383
6.344 -0.107379
6.348 -0.114362
6.352 -0.12133
6.356 -0.128283
6.36 -0.135218
6.364 -0.142136
6.368 -0.149036
6.372 -0.155917
6.376 -0.162777
6.38 -0.169617
6.384 -0.176435
6.388 -0.18323
6.392 -0.190002
6.396 -0.19675
6.4 -0.203473
6.404 -0.210169
6.408 -0.21684
6.412 -0.223482
6.416 -0.230097
6.42 -0.236682
6.424 -0.243238
6.428 -0.249763
6.432 -0.256257
6.436 -0.262718
6.44 -0.269147
6.444 -0.275541
6.448 -0.281902
6.452 -0.288227
6.456 -0.294517
6.46 -0.30077
6.464 -0.306985
6.468 -0.313163
6.472 -0.319301
6.476 -0.325401
6.48 -0.33146
6.484 -0.337478
6.488 -0.343455
6.492 -0.34939
6.496 -0.355282
6.5 -0.361131
6.504 -0.366936
6.508 -0.372696
6.512 -0.378411
6.516 -0.384079
6.52 -0.389702
6.524 -0.395277
6.528 -0.400805
6.532 -0.406284
6.536 -0.411714
6.54 -0.417096
6.544 -0.422427
6.548 -0.427708
6.552 -0.432938
6.556 -0.438117
6.56 -0.443243
6.564 -0.448317
6.568 -0.453339
6.572 -0.458307
6.576 -0.463221
6.58 -0.46808
6.584 -0.472885
6.588 -0.477635
6.592 -0.48233
6.596 -0.486968
6.6 -0.49155
6.604 -0.496075
6.608 -0.500543
6.612 -0.504953
6.616 -0.509306
6.62 -0.5136
6.624 -0.517836
6.628 -0.522013
6.632 -0.526131
6.636 -0.530189
6.64 -0.534188
6.644 -0.538126
6.648 -0.542004
6.652 -0.545822
6.656 -0.549579
6.66 -0.553274
6.664 -0.556909
6.668 -0.560482
6.672 -0.563993
6.676 -0.567443
6.68 -0.57083
6.684 -0.574155
6.688 -0.577418
6.692 -0.580619
6.696 -0.583756
6.7 -0.586831
6.704 -0.589843
6.708 -0.592792
6.712 -0.595678
6.716 -0.598501
6.72 -0.60126
6.724 -0.603957
6.728 -0.60659
6.732 -0.609159
6.736 -0.611665
6.74 -0.614108
6.744 -0.616487
6.748 -0.618803
6.752 -0.621055
6.756 -0.623244
6.76 -0.62537
6.764 -0.627432
6.768 -0.629432
6.772 -0.631367
6.776 -0.63324
6.78 -0.63505
6.784 -0.636797
6.788 -0.638481
6.792 -0.640102
6.796 -0.641661
6.8 -0.643157
6.804 -0.644591
6.808 -0.645962
6.812 -0.647272
6.816 -0.64852
6.82 -0.649706
6.824 -0.65083
6.828 -0.651894
6.832 -0.652896
6.836 -0.653838
6.84 -0.654718
6.844 -0.655539
6.848 -0.656299
6.852 -0.656999
6.856 -0.65764
6.86 -0.658221
6.864 -0.658743
6.868 -0.659206
6.872 -0.65961
6.876 -0.659957
6.88 -0.660245
6.884 -0.660476
6.888 -0.660649
6.892 -0.660765
6.896 -0.660825
6.9 -0.660828
6.904 -0.660775
6.908 -0.660666
6.912 -0.660503
6.916 -0.660284
6.92 -0.66001
6.924 -0.659683
6.928 -0.659301
6.932 -0.658866
6.936 -0.658379
6.94 -0.657838
6.944 -0.657245
6.948 -0.656601
6.952 -0.655905
6.956 -0.655158
6.96 -0.65436
6.964 -0.653512
6.968 -0.652615
6.972 -0.651668
6.976 -0.650673
6.98 -0.649629
6.984 -0.648537
6.988 -0.647398
6.992 -0.646211
6.996 -0.644979
7 -0.6437
7.004 -0.642375
7.008 -0.641006
7.012 -0.639592
7.016 -0.638133
7.02 -0.636632
7.024 -0.635086
7.028 -0.633499
7.032 -0.631869
7.036 -0.630197
7.04 -0.628484
7.044 -0.62673
7.048 -0.624937
7.052 -0.623103
7.056 -0.621231
7.06 -0.619319
7.064 -0.61737
7.068 -0.615383
7.072 -0.613359
7.076 -0.611298
7.08 -0.609202
7.084 -0.607069
7.088 -0.604902
7.092 -0.6027
7.096 -0.600464
7.1 -0.598195
7.104 -0.595893
7.108 -0.593558
7.112 -0.591192
7.116 -0.588794
7.12 -0.586365
7.124 -0.583906
7.128 -0.581417
7.132 -0.578899
7.136 -0.576352
7.14 -0.573778
7.144 -0.571175
7.148 -0.568545
7.152 -0.565889
7.156 -0.563206
7.16 -0.560498
7.164 -0.557765
7.168 -0.555007
7.172 -0.552226
7.176 -0.549421
7.18 -0.546593
7.184 -0.543742
7.188 -0.540869
7.192 -0.537975
7.196 -0.535061
7.2 -0.532125
7.204 -0.52917
7.208 -0.526196
7.212 -0.523202
7.216 -0.52019
7.22 -0.517161
7.224 -0.514113
7.228 -0.511049
7.232 -0.507969
7.236 -0.504873
7.24 -0.501761
7.244 -0.498634
7.248 -0.495493
7.252 -0.492338
7.256 -0.48917
7.26 -0.485988
7.264 -0.482794
7.268 -0.479588
7.272 -0.47637
7.276 -0.473141
7.28 -0.469902
7.284 -0.466652
7.288 -0.463392
7.292 -0.460124
7.296 -0.456846
7.3 -0.45356
7.304 -0.450266
7.308 -0.446964
7.312 -0.443656
7.316 -0.44034
7.32 -0.437019
7.324 -0.433691
7.328 -0.430358
7.332 -0.427021
7.336 -0.423678
7.34 -0.420332
7.344 -0.416981
7.348 -0.413628
7.352 -0.410271
7.356 -0.406912
7.36 -0.403551
7.364 -0.400188
7.368 -0.396823
7.372 -0.393458
7.376 -0.390092
7.38 -0.386725
7.384 -0.383359
7.388 -0.379993
7.392 -0.376628
7.396 -0.373264
7.4 -0.369902
7.404 -0.366542
7.408 -0.363183
7.412 -0.359828
7.416 -0.356475
7.42 -0.353125
7.424 -0.349779
7.428 -0.346437
7.432 -0.343099
7.436 -0.339765
7.44 -0.336436
7.444 -0.333113
7.448 -0.329794
7.452 -0.326481
7.456 -0.323175
7.46 -0.319874
7.464 -0.31658
7.468 -0.313293
7.472 -0.310013
7.476 -0.306741
7.48 -0.303476
7.484 -0.300219
7.488 -0.29697
7.492 -0.293729
7.496 -0.290497
7.5 -0.287274
7.504 -0.284061
7.508 -0.280856
7.512 -0.277661
7.516 -0.274476
7.52 -0.271301
7.524 -0.268136
7.528 -0.264982
7.532 -0.261839
7.536 -0.258706
7.54 -0.255585
7.544 -0.252474
7.548 -0.249376
7.552 -0.246289
7.556 -0.243214
7.56 -0.24015
7.564 -0.2371
7.568 -0.234061
7.572 -0.231036
7.576 -0.228022
7.58 -0.225022
7.584 -0.222035
7.588 -0.219062
7.592 -0.216101
7.596 -0.213154
7.6 -0.210221
7.604 -0.207302
7.608 -0.204396
7.612 -0.201505
7.616 -0.198628
7.62 -0.195765
7.624 -0.192917
7.628 -0.190083
7.632 -0.187264
7.636 -0.18446
7.64 -0.181671
7.644 -0.178897
7.648 -0.176138
7.652 -0.173394
7.656 -0.170665
7.66 -0.167952
7.664 -0.165255
7.668 -0.162573
7.672 -0.159906
7.676 -0.157256
7.68 -0.154621
7.684 -0.152002
7.688 -0.149399
7.692 -0.146812
7.696 -0.144242
7.7 -0.141687
7.704 -0.139149
7.708 -0.136626
7.712 -0.134121
7.716 -0.131631
7.72 -0.129158
7.724 -0.126702
7.728 -0.124262
7.732 -0.121838
7.736 -0.119431
7.74 -0.117041
7.744 -0.114667
7.748 -0.11231
7.752 -0.109969
7.756 -0.107646
7.76 -0.105339
7.764 -0.103048
7.768 -0.100775
7.772 -0.0985182
7.776 -0.0962783
7.78 -0.0940551
7.784 -0.0918487
7.788 -0.0896591
7.792 -0.0874862
7.796 -0.0853302
7.8 -0.0831909
7.804 -0.0810684
7.808 -0.0789627
7.812 -0.0768738
7.816 -0.0748015
7.82 -0.072746
7.824 -0.0707073
7.828 -0.0686852
7.832 -0.0666798
7.836 -0.064691
7.84 -0.0627189
7.844 -0.0607634
7.848 -0.0588244
7.852 -0.056902
7.856 -0.0549962
7.86 -0.0531068
7.864 -0.0512338
7.868 -0.0493773
7.872 -0.0475372
7.876 -0.0457133
7.88 -0.0439058
7.884 -0.0421146
7.888 -0.0403395
7.892 -0.0385807
7.896 -0.0368379
7.9 -0.0351113
7.904 -0.0334006
7.908 -0.031706
7.912 -0.0300272
7.916 -0.0283644
7.92 -0.0267173
7.924 -0.0250861
7.928 -0.0234705
7.932 -0.0218706
7.936 -0.0202863
7.94 -0.0187175
7.944 -0.0171642
7.948 -0.0156263
7.952 -0.0141038
7.956 -0.0125965
7.96 -0.0111045
7.964 -0.00962761
7.968 -0.00816583
7.972 -0.00671908
7.976 -0.00528728
7.98 -0.00387037
7.984 -0.00246828
7.988 -0.00108094
7.992 0.000291719
7.996 0.00164977
8 0.00299329
8.004 0.00432235
8.008 0.00563702
8.012 0.00693738
8.016 0.0082235
8.02 0.00949545
8.024 0.0107533
8.028 0.0119972
8.032 0.0132271
8.036 0.0144432
8.04 0.0156455
8.044 0.016834
8.048 0.018009
8.052 0.0191704
8.056 0.0203184
8.06 0.021453
8.064 0.0225743
8.068 0.0236823
8.072 0.0247772
8.076 0.0258591
8.08 0.026928
8.084 0.027984
8.088 0.0290272
8.092 0.0300576
8.096 0.0310754
8.1 0.0320807
8.104 0.0330734
8.108 0.0340538
8.112 0.0350218
8.116 0.0359776
8.12 0.0369213
8.124 0.0378529
8.128 0.0387725
8.132 0.0396802
8.136 0.0405761
8.14 0.0414603
8.144 0.0423328
8.148 0.0431938
8.152 0.0440433
8.156 0.0448814
8.16 0.0457082
8.164 0.0465238
8.168 0.0473282
8.172 0.0481216
8.176 0.0489039
8.18 0.0496754
8.184 0.0504361
8.188 0.0511861
8.192 0.0519254
8.196 0.0526542
8.2 0.0533725
8.204 0.0540804
8.208 0.054778
8.212 0.0554653
8.216 0.0561426
8.22 0.0568097
8.224 0.0574669
8.228 0.0581142
8.232 0.0587516
8.236 0.0593794
8.24 0.0599974
8.244 0.0606059
8.248 0.0612049
8.252 0.0617945
8.256 0.0623748
8.26 0.0629458
8.264 0.0635076
8.268 0.0640603
8.272 0.064604
8.276 0.0651388
8.28 0.0656647
8.284 0.0661818
8.288 0.0666903
8.292 0.0671901
8.296 0.0676813
8.3 0.0681641
8.304 0.0686385
8.308 0.0691045
8.312 0.0695623
8.316 0.070012
8.32 0.0704535
8.324 0.070887
8.328 0.0713126
8.332 0.0717303
8.336 0.0721402
8.34 0.0725424
8.344 0.0729369
8.348 0.0733238
8.352 0.0737033
8.356 0.0740752
8.36 0.0744399
8.364 0.0747972
8.368 0.0751473
8.372 0.0754902
8.376 0.075826
8.38 0.0761548
8.384 0.0764767
8.388 0.0767917
8.392 0.0770998
8.396 0.0774012
8.4 0.077696
8.404 0.0779841
8.408 0.0782656
8.412 0.0785407
8.416 0.0788093
8.42 0.0790716
8.424 0.0793276
8.428 0.0795774
8.432 0.079821
8.436 0.0800585
8.44 0.08029
8.444 0.0805154
8.448 0.080735
8.452 0.0809487
8.456 0.0811566
8.46 0.0813588
8.464 0.0815553
8.468 0.0817461
8.472 0.0819314
8.476 0.0821113
8.48 0.0822856
8.484 0.0824546
8.488 0.0826183
8.492 0.0827766
8.496 0.0829298
8.5 0.0830778
8.504 0.0832207
8.508 0.0833585
8.512 0.0834913
8.516 0.0836192
8.52 0.0837422
8.524 0.0838604
8.528 0.0839738
8.532 0.0840824
8.536 0.0841864
8.54 0.0842857
8.544 0.0843804
8.548 0.0844706
8.552 0.0845563
8.556 0.0846376
8.56 0.0847145
8.564 0.0847871
8.568 0.0848554
8.572 0.0849194
8.576 0.0849792
8.58 0.0850349
8.584 0.0850865
8.588 0.085134
8.592 0.0851775
8.596 0.0852171
8.6 0.0852527
8.604 0.0852845
8.608 0.0853124
8.612 0.0853365
8.616 0.0853569
8.62 0.0853735
8.624 0.0853865
8.628 0.0853959
8.632 0.0854017
8.636 0.0854039
8.64 0.0854026
8.644 0.0853979
8.648 0.0853898
8.652 0.0853782
8.656 0.0853633
8.66 0.0853451
8.664 0.0853237
8.668 0.085299
8.672 0.0852711
8.676 0.08524
8.68 0.0852058
8.684 0.0851686
8.688 0.0851283
8.692 0.0850849
8.696 0.0850386
8.7 0.0849893
8.704 0.0849371
8.708 0.084882
8.712 0.0848241
8.716 0.0847633
8.72 0.0846998
8.724 0.0846335
8.728 0.0845645
8.732 0.0844928
8.736 0.0844185
8.74 0.0843415
8.744 0.0842619
8.748 0.0841797
8.752 0.084095
8.756 0.0840078
8.76 0.0839181
8.764 0.0838259
8.768 0.0837314
8.772 0.0836344
8.776 0.083535
8.78 0.0834333
8.784 0.0833293
8.788 0.083223
8.792 0.0831145
8.796 0.0830036
8.8 0.0828906
8.804 0.0827754
8.808 0.082658
8.812 0.0825385
8.816 0.0824168
8.82 0.0822931
8.824 0.0821673
8.828 0.0820394
8.832 0.0819095
8.836 0.0817777
8.84 0.0816438
8.844 0.081508
8.848 0.0813702
8.852 0.0812305
8.856 0.081089
8.86 0.0809455
8.864 0.0808002
8.868 0.0806531
8.872 0.0805041
8.876 0.0803534
8.88 0.0802009
8.884 0.0800466
8.888 0.0798906
8.892 0.0797328
8.896 0.0795734
8.9 0.0794123
8.904 0.0792495
8.908 0.0790851
8.912 0.078919
8.916 0.0787513
8.92 0.078582
8.924 0.0784112
8.928 0.0782388
8.932 0.0780648
8.936 0.0778893
8.94 0.0777122
8.944 0.0775337
8.948 0.0773537
8.952 0.0771722
8.956 0.0769892
8.96 0.0768048
8.964 0.0766189
8.968 0.0764317
8.972 0.076243
8.976 0.0760529
8.98 0.0758614
8.984 0.0756686
8.988 0.0754744
8.992 0.0752789
8.996 0.0750821
9 0.0748839
9.004 0.0746844
9.008 0.0744836
9.012 0.0742815
9.016 0.0740782
9.02 0.0738736
9.024 0.0736677
9.028 0.0734606
9.032 0.0732522
9.036 0.0730427
9.04 0.0728319
9.044 0.0726199
9.048 0.0724067
9.052 0.0721923
9.056 0.0719767
9.06 0.07176
9.064 0.0715421
9.068 0.071323
9.072 0.0711028
9.076 0.0708815
9.08 0.070659
9.084 0.0704354
9.088 0.0702107
9.092 0.0699849
9.096 0.0697579
9.1 0.0695299
9.104 0.0693008
9.108 0.0690706
9.112 0.0688393
9.116 0.068607
9.12 0.0683735
9.124 0.0681391
9.128 0.0679035
9.132 0.0676669
9.136 0.0674293
9.14 0.0671906
9.144 0.0669509
9.148 0.0667102
9.152 0.0664684
9.156 0.0662256
9.16 0.0659818
9.164 0.065737
9.168 0.0654912
9.172 0.0652443
9.176 0.0649965
9.18 0.0647476
9.184 0.0644978
9.188 0.064247
9.192 0.0639951
9.196 0.0637423
9.2 0.0634885
9.204 0.0632337
9.208 0.062978
9.212 0.0627212
9.216 0.0624635
9.22 0.0622048
9.224 0.0619451
9.228 0.0616845
9.232 0.0614229
9.236 0.0611603
9.24 0.0608967
9.244 0.0606322
9.248 0.0603667
9.252 0.0601002
9.256 0.0598328
9.26 0.0595644
9.264 0.059295
9.268 0.0590247
9.272 0.0587534
9.276 0.0584811
9.28 0.0582079
9.284 0.0579337
9.288 0.0576585
9.292 0.0573824
9.296 0.0571053
9.3 0.0568272
9.304 0.0565482
9.308 0.0562682
9.312 0.0559872
9.316 0.0557052
9.32 0.0554223
9.324 0.0551384
9.328 0.0548535
9.332 0.0545676
9.336 0.0542808
9.34 0.0539929
9.344 0.0537041
9.348 0.0534143
9.352 0.0531235
9.356 0.0528316
9.36 0.0525388
9.364 0.052245
9.368 0.0519502
9.372 0.0516544
9.376 0.0513575
9.38 0.0510597
9.384 0.0507608
9.388 0.0504609
9.392 0.05016
9.396 0.0498581
9.4 0.0495551
9.404 0.0492511
9.408 0.0489461
9.412 0.04864
9.416 0.0483329
9.42 0.0480247
9.424 0.0477154
9.428 0.0474051
9.432 0.0470937
9.436 0.0467813
9.44 0.0464678
9.444 0.0461532
9.448 0.0458375
9.452 0.0455207
9.456 0.0452028
9.46 0.0448838
9.464 0.0445637
9.468 0.0442425
9.472 0.0439202
9.476 0.0435968
9.48 0.0432722
9.484 0.0429465
9.488 0.0426196
9.492 0.0422916
9.496 0.0419625
9.5 0.0416322
9.504 0.0413007
9.508 0.040968
9.512 0.0406342
9.516 0.0402992
9.52 0.0399629
9.524 0.0396255
9.528 0.0392869
9.532 0.038947
9.536 0.0386059
9.54 0.0382636
9.544 0.0379201
9.548 0.0375753
9.552 0.0372293
9.556 0.036882
9.56 0.0365334
9.564 0.0361836
9.568 0.0358324
9.572 0.03548
9.576 0.0351263
9.58 0.0347713
9.584 0.0344149
9.588 0.0340572
9.592 0.0336982
9.596 0.0333379
9.6 0.0329762
9.604 0.0326131
9.608 0.0322487
9.612 0.0318829
9.616 0.0315157
9.62 0.0311472
9.624 0.0307772
9.628 0.0304058
9.632 0.030033
9.636 0.0296587
9.64 0.029283
9.644 0.0289059
9.648 0.0285273
9.652 0.0281472
9.656 0.0277657
9.66 0.0273827
9.664 0.0269981
9.668 0.0266121
9.672 0.0262245
9.676 0.0258354
9.68 0.0254448
9.684 0.0250526
9.688 0.0246589
9.692 0.0242636
9.696 0.0238667
9.7 0.0234682
9.704 0.0230681
9.708 0.0226664
9.712 0.0222631
9.716 0.0218582
9.72 0.0214516
9.724 0.0210433
9.728 0.0206334
9.732 0.0202218
9.736 0.0198085
9.74 0.0193936
9.744 0.0189769
9.748 0.0185585
9.752 0.0181383
9.756 0.0177164
9.76 0.0172928
9.764 0.0168673
9.768 0.0164401
9.772 0.0160111
9.776 0.0155804
9.78 0.0151477
9.784 0.0147133
9.788 0.014277
9.792 0.0138389
9.796 0.0133989
9.8 0.012957
9.804 0.0125133
9.808 0.0120676
9.812 0.0116201
9.816 0.0111706
9.82 0.0107192
9.824 0.0102658
9.828 0.00981045
9.832 0.00935314
9.836 0.00889384
9.84 0.00843255
9.844 0.00796924
9.848 0.00750391
9.852 0.00703655
9.856 0.00656713
9.86 0.00609565
9.864 0.0056221
9.868 0.00514646
9.872 0.00466872
9.876 0.00418886
9.88 0.00370688
9.884 0.00322276
9.888 0.00273648
9.892 0.00224804
9.896 0.00175742
9.9 0.00126461
9.904 0.000769591
9.908 0.000272356
9.912 -0.000227111
9.916 -0.000728822
9.92 -0.00123279
9.924 -0.00173903
9.928 -0.00224755
9.932 -0.00275838
9.936 -0.00327151
9.94 -0.00378697
9.944 -0.00430476
9.948 -0.0048249
9.952 -0.00534741
9.956 -0.0058723
9.96 -0.00639958
9.964 -0.00692926
9.968 -0.00746136
9.972 -0.00799588
9.976 -0.00853286
9.98 -0.00907229
9.984 -0.00961419
9.988 -0.0101586
9.992 -0.0107055
9.996 -0.0112548
10 -0.0118068
10.004 -0.0123612
10.008 -0.0129182
10.012 -0.0134778
10.016 -0.0140399
10.02 -0.0146047
10.024 -0.015172
10.028 -0.0157419
10.032 -0.0163145
10.036 -0.0168897
10.04 -0.0174676
10.044 -0.0180482
10.048 -0.0186314
10.052 -0.0192173
10.056 -0.0198059
10.06 -0.0203973
10.064 -0.0209914
10.068 -0.0215882
10.072 -0.0221878
10.076 -0.0227901
10.08 -0.0233952
10.084 -0.0240032
10.088 -0.0246139
10.092 -0.0252274
10.096 -0.0258438
10.1 -0.026463
10.104 -0.0270851
10.108 -0.0277101
10.112 -0.0283379
10.116 -0.0289686
10.12 -0.0296022
10.124 -0.0302388
10.128 -0.0308782
10.132 -0.0315206
10.136 -0.0321659
10.14 -0.0328142
10.144 -0.0334655
10.148 -0.0341198
10.152 -0.034777
10.156 -0.0354373
10.16 -0.0361005
10.164 -0.0367668
10.168 -0.0374361
10.172 -0.0381085
10.176 -0.0387839
10.18 -0.0394623
10.184 -0.0401439
10.188 -0.0408285
10.192 -0.0415162
10.196 -0.042207
10.2 -0.042901
10.204 -0.043598
10.208 -0.0442982
10.212 -0.0450015
10.216 -0.0457079
10.22 -0.0464175
10.224 -0.0471303
10.228 -0.0478462
10.232 -0.0485653
10.236 -0.0492875
10.24 -0.050013
10.244 -0.0507417
10.248 -0.0514735
10.252 -0.0522086
10.256 -0.0529469
10.26 -0.0536884
10.264 -0.0544331
10.268 -0.055181
10.272 -0.0559322
10.276 -0.0566866
10.28 -0.0574443
10.284 -0.0582052
10.288 -0.0589693
10.292 -0.0597368
10.296 -0.0605074
10.3 -0.0612814
10.304 -0.0620586
10.308 -0.062839
10.312 -0.0636227
10.316 -0.0644097
10.32 -0.0652
10.324 -0.0659935
10.328 -0.0667903
10.332 -0.0675904
10.336 -0.0683938
10.34 -0.0692004
10.344 -0.0700103
10.348 -0.0708235
10.352 -0.0716399
10.356 -0.0724596
10.36 -0.0732825
10.364 -0.0741088
10.368 -0.0749382
10.372 -0.075771
10.376 -0.0766069
10.38 -0.0774462
10.384 -0.0782886
10.388 -0.0791343
10.392 -0.0799832
10.396 -0.0808354
10.4 -0.0816907
10.404 -0.0825493
10.408 -0.083411
10.412 -0.084276
10.416 -0.0851441
10.42 -0.0860154
10.424 -0.0868899
10.428 -0.0877675
10.432 -0.0886482
10.436 -0.0895321
10.44 -0.0904191
10.444 -0.0913092
10.448 -0.0922024
10.452 -0.0930987
10.456 -0.093998
10.46 -0.0949004
10.464 -0.0958058
10.468 -0.0967142
10.472 -0.0976256
10.476 -0.09854
10.48 -0.0994573
10.484 -0.100378
10.488 -0.101301
10.492 -0.102227
10.496 -0.103156
10.5 -0.104088
10.504 -0.105022
10.508 -0.10596
10.512 -0.1069
10.516 -0.107843
10.52 -0.108789
10.524 -0.109738
10.528 -0.110689
10.532 -0.111643
10.536 -0.112599
10.54 -0.113558
10.544 -0.11452
10.548 -0.115484
10.552 -0.116451
10.556 -0.11742
10.56 -0.118392
10.564 -0.119366
10.568 -0.120342
10.572 -0.121321
10.576 -0.122302
10.58 -0.123285
10.584 -0.124271
10.588 -0.125258
10.592 -0.126248
10.596 -0.12724
10.6 -0.128234
10.604 -0.12923
10.608 -0.130228
10.612 -0.131228
10.616 -0.13223
10.62 -0.133233
10.624 -0.134239
10.628 -0.135246
10.632 -0.136255
10.636 -0.137265
10.64 -0.138277
10.644 -0.139291
10.648 -0.140306
10.652 -0.141322
10.656 -0.14234
10.66 -0.143359
10.664 -0.144379
10.668 -0.145401
10.672 -0.146423
10.676 -0.147447
10.68 -0.148472
10.684 -0.149497
10.688 -0.150524
10.692 -0.151551
10.696 -0.152579
10.7 -0.153607
10.704 -0.154637
10.708 -0.155666
10.712 -0.156697
10.716 -0.157727
10.72 -0.158758
10.724 -0.159789
10.728 -0.16082
10.732 -0.161851
10.736 -0.162882
10.74 -0.163913
10.744 -0.164944
10.748 -0.165975
10.752 -0.167005
10.756 -0.168035
10.76 -0.169064
10.764 -0.170093
10.768 -0.171121
10.772 -0.172148
10.776 -0.173174
10.78 -0.174199
10.784 -0.175223
10.788 -0.176246
10.792 -0.177267
10.796 -0.178287
10.8 -0.179306
10.804 -0.180323
10.808 -0.181338
10.812 -0.182351
10.816 -0.183363
10.82 -0.184372
10.824 -0.185379
10.828 -0.186384
10.832 -0.187387
10.836 -0.188387
10.84 -0.189384
10.844 -0.190379
10.848 -0.191371
10.852 -0.19236
10.856 -0.193345
10.86 -0.194328
10.864 -0.195307
10.868 -0.196282
10.872 -0.197254
10.876 -0.198223
10.88 -0.199187
10.884 -0.200147
10.888 -0.201103
10.892 -0.202055
10.896 -0.203003
10.9 -0.203945
10.904 -0.204884
10.908 -0.205817
10.912 -0.206745
10.916 -0.207668
10.92 -0.208586
10.924 -0.209498
10.928 -0.210405
10.932 -0.211305
10.936 -0.2122
10.94 -0.213089
10.944 -0.213972
10.948 -0.214848
10.952 -0.215717
10.956 -0.21658
10.96 -0.217436
10.964 -0.218285
10.968 -0.219127
10.972 -0.219961
10.976 -0.220788
10.98 -0.221607
10.984 -0.222418
10.988 -0.223221
10.992 -0.224015
10.996 -0.224802
11 -0.225579
11.004 -0.226348
11.008 -0.227108
11.012 -0.227858
11.016 -0.228599
11.02 -0.229331
11.024 -0.230053
11.028 -0.230765
11.032 -0.231466
11.036 -0.232158
11.04 -0.232839
11.044 -0.233509
11.048 -0.234168
11.052 -0.234816
11.056 -0.235453
11.06 -0.236078
11.064 -0.236691
11.068 -0.237293
11.072 -0.237882
11.076 -0.238459
11.08 -0.239024
11.084 -0.239575
11.088 -0.240114
11.092 -0.24064
11.096 -0.241152
11.1 -0.24165
11.104 -0.242134
11.108 -0.242605
11.112 -0.243061
11.116 -0.243503
11.12 -0.24393
11.124 -0.244342
11.128 -0.244738
11.132 -0.24512
11.136 -0.245485
11.14 -0.245835
11.144 -0.246169
11.148 -0.246486
11.152 -0.246787
11.156 -0.247071
11.16 -0.247339
11.164 -0.247588
11.168 -0.247821
11.172 -0.248035
11.176 -0.248232
11.18 -0.24841
11.184 -0.24857
11.188 -0.248712
11.192 -0.248834
11.196 -0.248938
11.2 -0.249022
11.204 -0.249086
11.208 -0.24913
11.212 -0.249155
11.216 -0.249159
11.22 -0.249142
11.224 -0.249105
11.228 -0.249046
11.232 -0.248967
11.236 -0.248865
11.24 -0.248742
11.244 -0.248597
11.248 -0.24843
11.252 -0.24824
11.256 -0.248027
11.26 -0.247791
11.264 -0.247532
11.268 -0.24725
11.272 -0.246944
11.276 -0.246613
11.28 -0.246259
11.284 -0.24588
11.288 -0.245476
11.292 -0.245048
11.296 -0.244594
11.3 -0.244115
11.304 -0.24361
11.308 -0.243079
11.312 -0.242522
11.316 -0.241939
11.32 -0.241329
11.324 -0.240692
11.328 -0.240028
11.332 -0.239337
11.336 -0.238618
11.34 -0.237872
11.344 -0.237097
11.348 -0.236294
11.352 -0.235463
11.356 -0.234603
11.36 -0.233714
11.364 -0.232796
11.368 -0.231848
11.372 -0.230871
11.376 -0.229864
11.38 -0.228827
11.384 -0.22776
11.388 -0.226662
11.392 -0.225534
11.396 -0.224374
11.4 -0.223184
11.404 -0.221962
11.408 -0.220708
11.412 -0.219423
11.416 -0.218106
11.42 -0.216757
11.424 -0.215376
11.428 -0.213962
11.432 -0.212515
11.436 -0.211035
11.44 -0.209523
11.444 -0.207977
11.448 -0.206397
11.452 -0.204784
11.456 -0.203138
11.46 -0.201457
11.464 -0.199742
11.468 -0.197992
11.472 -0.196209
11.476 -0.19439
11.48 -0.192537
11.484 -0.190649
11.488 -0.188726
11.492 -0.186767
11.496 -0.184773
11.5 -0.182744
11.504 -0.180679
11.508 -0.178578
11.512 -0.176442
11.516 -0.174269
11.52 -0.17206
11.524 -0.169815
11.528 -0.167533
11.532 -0.165215
11.536 -0.16286
11.54 -0.160469
11.544 -0.158041
11.548 -0.155576
11.552 -0.153074
11.556 -0.150535
11.56 -0.147959
11.564 -0.145346
11.568 -0.142695
11.572 -0.140007
11.576 -0.137282
11.58 -0.134519
11.584 -0.131719
11.588 -0.128882
11.592 -0.126007
11.596 -0.123094
11.6 -0.120144
11.604 -0.117156
11.608 -0.11413
11.612 -0.111067
11.616 -0.107966
11.62 -0.104828
11.624 -0.101652
11.628 -0.0984381
11.632 -0.0951868
11.636 -0.091898
11.64 -0.0885716
11.644 -0.0852078
11.648 -0.0818065
11.652 -0.0783678
11.656 -0.0748918
11.66 -0.0713785
11.664 -0.067828
11.668 -0.0642404
11.672 -0.0606157
11.676 -0.0569541
11.68 -0.0532556
11.684 -0.0495203
11.688 -0.0457484
11.692 -0.0419399
11.696 -0.0380951
11.7 -0.0342139
11.704 -0.0302966
11.708 -0.0263433
11.712 -0.0223541
11.716 -0.0183293
11.72 -0.0142688
11.724 -0.0101731
11.728 -0.00604207
11.732 -0.00187608
11.736 0.00232473
11.74 0.00656015
11.744 0.01083
11.748 0.015134
11.752 0.0194721
11.756 0.0238439
11.76 0.0282492
11.764 0.0326878
11.768 0.0371594
11.772 0.0416638
11.776 0.0462007
11.78 0.0507699
11.784 0.055371
11.788 0.0600038
11.792 0.064668
11.796 0.0693633
11.8 0.0740894
11.804 0.0788459
11.808 0.0836326
11.812 0.0884491
11.816 0.093295
11.82 0.0981701
11.824 0.103074
11.828 0.108006
11.832 0.112967
11.836 0.117955
11.84 0.12297
11.844 0.128012
11.848 0.133081
11.852 0.138176
11.856 0.143297
11.86 0.148443
11.864 0.153613
11.868 0.158809
11.872 0.164028
11.876 0.169271
11.88 0.174536
11.884 0.179825
11.888 0.185136
11.892 0.190468
11.896 0.195822
11.9 0.201196
11.904 0.20659
11.908 0.212005
11.912 0.217438
11.916 0.22289
11.92 0.228361
11.924 0.233849
11.928 0.239354
11.932 0.244876
11.936 0.250414
11.94 0.255967
11.944 0.261535
11.948 0.267118
11.952 0.272714
11.956 0.278324
11.96 0.283946
11.964 0.28958
11.968 0.295226
11.972 0.300882
11.976 0.306549
11.98 0.312225
11.984 0.31791
11.988 0.323604
11.992 0.329305
11.996 0.335014
12 0.340729
12.004 0.34645
12.008 0.352176
12.012 0.357906
12.016 0.36364
12.02 0.369378
12.024 0.375118
12.028 0.38086
12.032 0.386603
12.036 0.392346
12.04 0.398089
12.044 0.403832
12.048 0.409573
12.052 0.415311
12.056 0.421047
12.06 0.426779
12.064 0.432506
12.068 0.438228
12.072 0.443945
12.076 0.449655
12.08 0.455358
12.084 0.461052
12.088 0.466738
12.092 0.472415
12.096 0.478081
12.1 0.483737
12.104 0.489381
12.108 0.495012
12.112 0.500631
12.116 0.506235
12.12 0.511825
12.124 0.5174
12.128 0.522958
12.132 0.5285
12.136 0.534024
12.14 0.53953
12.144 0.545017
12.148 0.550484
12.152 0.55593
12.156 0.561355
12.16 0.566758
12.164 0.572139
12.168 0.577495
12.172 0.582828
12.176 0.588135
12.18 0.593417
12.184 0.598672
12.188 0.603899
12.192 0.609099
12.196 0.61427
12.2 0.619412
12.204 0.624523
12.208 0.629603
12.212 0.634652
12.216 0.639668
12.22 0.644651
12.224 0.6496
12.228 0.654515
12.232 0.659394
12.236 0.664237
12.24 0.669043
12.244 0.673812
12.248 0.678543
12.252 0.683235
12.256 0.687887
12.26 0.692499
12.264 0.69707
12.268 0.701599
12.272 0.706086
12.276 0.71053
12.28 0.71493
12.284 0.719286
12.288 0.723597
12.292 0.727863
12.296 0.732082
12.3 0.736253
12.304 0.740378
12.308 0.744454
12.312 0.748481
12.316 0.752459
12.32 0.756387
12.324 0.760263
12.328 0.764089
12.332 0.767863
12.336 0.771584
12.34 0.775252
12.344 0.778866
12.348 0.782427
12.352 0.785932
12.356 0.789382
12.36 0.792776
12.364 0.796114
12.368 0.799395
12.372 0.802618
12.376 0.805784
12.38 0.808891
12.384 0.811938
12.388 0.814927
12.392 0.817855
12.396 0.820724
12.4 0.823531
12.404 0.826277
12.408 0.828961
12.412 0.831583
12.416 0.834142
12.42 0.836639
12.424 0.839072
12.428 0.841441
12.432 0.843746
12.436 0.845986
12.44 0.848162
12.444 0.850272
12.448 0.852317
12.452 0.854295
12.456 0.856208
12.46 0.858054
12.464 0.859832
12.468 0.861544
12.472 0.863189
12.476 0.864765
12.48 0.866274
12.484 0.867714
12.488 0.869086
12.492 0.870389
12.496 0.871624
12.5 0.872789
12.504 0.873885
12.508 0.874912
12.512 0.875869
12.516 0.876756
12.52 0.877573
12.524 0.878321
12.528 0.878998
12.532 0.879605
12.536 0.880141
12.54 0.880607
12.544 0.881002
12.548 0.881327
12.552 0.881581
12.556 0.881765
12.56 0.881878
12.564 0.88192
12.568 0.881891
12.572 0.881792
12.576 0.881622
12.58 0.881381
12.584 0.881069
12.588 0.880687
12.592 0.880235
12.596 0.879712
12.6 0.879119
12.604 0.878455
12.608 0.877721
12.612 0.876917
12.616 0.876044
12.62 0.875101
12.624 0.874088
12.628 0.873005
12.632 0.871854
12.636 0.870633
12.64 0.869344
12.644 0.867986
12.648 0.866559
12.652 0.865065
12.656 0.863502
12.66 0.861872
12.664 0.860175
12.668 0.85841
12.672 0.856579
12.676 0.854681
12.68 0.852717
12.684 0.850687
12.688 0.848591
12.692 0.846431
12.696 0.844205
12.7 0.841915
12.704 0.839561
12.708 0.837144
12.712 0.834663
12.716 0.832119
12.72 0.829512
12.724 0.826844
12.728 0.824114
12.732 0.821322
12.736 0.81847
12.74 0.815558
12.744 0.812586
12.748 0.809554
12.752 0.806464
12.756 0.803315
12.76 0.800108
12.764 0.796844
12.768 0.793524
12.772 0.790147
12.776 0.786714
12.78 0.783226
12.784 0.779683
12.788 0.776087
12.792 0.772436
12.796 0.768733
12.8 0.764978
12.804 0.761171
12.808 0.757312
12.812 0.753403
12.816 0.749444
12.82 0.745436
12.824 0.741379
12.828 0.737274
12.832 0.733121
12.836 0.728922
12.84 0.724676
12.844 0.720385
12.848 0.716049
12.852 0.711669
12.856 0.707245
12.86 0.702779
12.864 0.69827
12.868 0.69372
12.872 0.689129
12.876 0.684498
12.88 0.679827
12.884 0.675118
12.888 0.670371
12.892 0.665586
12.896 0.660765
12.9 0.655908
12.904 0.651016
12.908 0.64609
12.912 0.641129
12.916 0.636136
12.92 0.63111
12.924 0.626053
12.928 0.620965
12.932 0.615847
12.936 0.6107
12.94 0.605524
12.944 0.60032
12.948 0.595089
12.952 0.589832
12.956 0.584549
12.96 0.579241
12.964 0.573909
12.968 0.568554
12.972 0.563176
12.976 0.557776
12.98 0.552355
12.984 0.546914
12.988 0.541453
12.992 0.535973
12.996 0.530475
13 0.524959
13.004 0.519427
13.008 0.513879
13.012 0.508315
13.016 0.502738
13.02 0.497146
13.024 0.491542
13.028 0.485925
13.032 0.480297
13.036 0.474658
13.04 0.469009
13.044 0.463351
13.048 0.457684
13.052 0.452009
13.056 0.446327
13.06 0.440639
13.064 0.434945
13.068 0.429246
13.072 0.423543
13.076 0.417836
13.08 0.412126
13.084 0.406414
13.088 0.400701
13.092 0.394987
13.096 0.389272
13.1 0.383559
13.104 0.377846
13.108 0.372136
13.112 0.366428
13.116 0.360723
13.12 0.355023
13.124 0.349327
13.128 0.343636
13.132 0.337951
13.136 0.332273
13.14 0.326602
13.144 0.320938
13.148 0.315283
13.152 0.309637
13.156 0.304001
13.16 0.298375
13.164 0.29276
13.168 0.287157
13.172 0.281565
13.176 0.275986
13.18 0.270421
13.184 0.264869
13.188 0.259332
13.192 0.253809
13.196 0.248302
13.2 0.242812
13.204 0.237337
13.208 0.23188
13.212 0.226441
13.216 0.22102
13.22 0.215617
13.224 0.210234
13.228 0.204871
13.232 0.199527
13.236 0.194205
13.24 0.188904
13.244 0.183624
13.248 0.178366
13.252 0.173132
13.256 0.16792
13.26 0.162732
13.264 0.157567
13.268 0.152427
13.272 0.147312
13.276 0.142223
13.28 0.137159
13.284 0.132121
13.288 0.127109
13.292 0.122124
13.296 0.117167
13.3 0.112237
13.304 0.107335
13.308 0.102462
13.312 0.097617
13.316 0.0928014
13.32 0.0880151
13.324 0.0832586
13.328 0.0785321
13.332 0.073836
13.336 0.0691707
13.34 0.0645363
13.344 0.0599332
13.348 0.0553617
13.352 0.050822
13.356 0.0463145
13.36 0.0418394
13.364 0.037397
13.368 0.0329874
13.372 0.0286111
13.376 0.0242681
13.38 0.0199588
13.384 0.0156833
13.388 0.011442
13.392 0.00723484
13.396 0.00306222
13.4 -0.00107573
13.404 -0.00517881
13.408 -0.00924685
13.412 -0.0132797
13.416 -0.0172771
13.42 -0.021239
13.424 -0.0251651
13.428 -0.0290555
13.432 -0.0329098
13.436 -0.036728
13.44 -0.04051
13.444 -0.0442556
13.448 -0.0479648
13.452 -0.0516373
13.456 -0.0552732
13.46 -0.0588723
13.464 -0.0624345
13.468 -0.0659599
13.472 -0.0694481
13.476 -0.0728994
13.48 -0.0763134
13.484 -0.0796903
13.488 -0.0830299
13.492 -0.0863323
13.496 -0.0895973
13.5 -0.092825
13.504 -0.0960153
13.508 -0.0991682
13.512 -0.102284
13.516 -0.105362
13.52 -0.108402
13.524 -0.111406
13.528 -0.114372
13.532 -0.1173
13.536 -0.120191
13.54 -0.123045
13.544 -0.125861
13.548 -0.128641
13.552 -0.131383
13.556 -0.134088
13.56 -0.136755
13.564 -0.139386
13.568 -0.141979
13.572 -0.144536
13.576 -0.147056
13.58 -0.149539
13.584 -0.151985
13.588 -0.154395
13.592 -0.156768
13.596 -0.159105
13.6 -0.161405
13.604 -0.16367
13.608 -0.165898
13.612 -0.16809
13.616 -0.170246
13.62 -0.172366
13.624 -0.174451
13.628 -0.1765
13.632 -0.178514
13.636 -0.180493
13.64 -0.182436
13.644 -0.184345
13.648 -0.186219
13.652 -0.188058
13.656 -0.189862
13.66 -0.191633
13.664 -0.193369
13.668 -0.195071
13.672 -0.196739
13.676 -0.198373
13.68 -0.199974
13.684 -0.201541
13.688 -0.203076
13.692 -0.204577
13.696 -0.206046
13.7 -0.207482
13.704 -0.208885
13.708 -0.210257
13.712 -0.211596
13.716 -0.212903
13.72 -0.214179
13.724 -0.215423
13.728 -0.216637
13.732 -0.217819
13.736 -0.21897
13.74 -0.22009
13.744 -0.221181
13.748 -0.222241
13.752 -0.223271
13.756 -0.224271
13.76 -0.225242
13.764 -0.226183
13.768 -0.227096
13.772 -0.227979
13.776 -0.228834
13.78 -0.22966
13.784 -0.230458
13.788 -0.231229
13.792 -0.231971
13.796 -0.232686
13.8 -0.233374
13.804 -0.234034
13.808 -0.234668
13.812 -0.235276
13.816 -0.235856
13.82 -0.236411
13.824 -0.23694
13.828 -0.237444
13.832 -0.237922
13.836 -0.238374
13.84 -0.238802
13.844 -0.239205
13.848 -0.239584
13.852 -0.239939
13.856 -0.240269
13.86 -0.240576
13.864 -0.24086
13.868 -0.24112
13.872 -0.241357
13.876 -0.241572
13.88 -0.241764
13.884 -0.241934
13.888 -0.242082
13.892 -0.242208
13.896 -0.242312
13.9 -0.242395
13.904 -0.242458
13.908 -0.242499
13.912 -0.24252
13.916 -0.24252
13.92 -0.242501
13.924 -0.242461
13.928 -0.242402
13.932 -0.242324
13.936 -0.242226
13.94 -0.24211
13.944 -0.241975
13.948 -0.241821
13.952 -0.24165
13.956 -0.24146
13.96 -0.241253
13.964 -0.241028
13.968 -0.240786
13.972 -0.240527
13.976 -0.240251
13.98 -0.239959
13.984 -0.23965
13.988 -0.239326
13.992 -0.238985
13.996 -0.238629
14 -0.238257
14.004 -0.23787
14.008 -0.237469
14.012 -0.237052
14.016 -0.236621
14.02 -0.236176
14.024 -0.235717
14.028 -0.235244
14.032 -0.234757
14.036 -0.234256
14.04 -0.233743
14.044 -0.233217
14.048 -0.232677
14.052 -0.232126
14.056 -0.231561
14.06 -0.230985
14.064 -0.230397
14.068 -0.229797
14.072 -0.229185
14.076 -0.228563
14.08 -0.227929
14.084 -0.227284
14.088 -0.226628
14.092 -0.225962
14.096 -0.225286
14.1 -0.224599
14.104 -0.223902
14.108 -0.223196
14.112 -0.22248
14.116 -0.221755
14.12 -0.22102
14.124 -0.220277
14.128 -0.219524
14.132 -0.218763
14.136 -0.217994
14.14 -0.217216
14.144 -0.216431
14.148 -0.215637
14.152 -0.214835
14.156 -0.214026
14.16 -0.21321
14.164 -0.212386
14.168 -0.211555
14.172 -0.210718
14.176 -0.209873
14.18 -0.209022
14.184 -0.208165
14.188 -0.207301
14.192 -0.206431
14.196 -0.205556
14.2 -0.204674
14.204 -0.203787
14.208 -0.202894
14.212 -0.201996
14.216 -0.201093
14.22 -0.200185
14.224 -0.199272
14.228 -0.198354
14.232 -0.197432
14.236 -0.196505
14.24 -0.195574
14.244 -0.194639
14.248 -0.1937
14.252 -0.192756
14.256 -0.191809
14.26 -0.190859
14.264 -0.189905
14.268 -0.188947
14.272 -0.187986
14.276 -0.187023
14.28 -0.186056
14.284 -0.185086
14.288 -0.184113
14.292 -0.183138
14.296 -0.182161
14.3 -0.181181
14.304 -0.180198
14.308 -0.179214
14.312 -0.178227
14.316 -0.177239
14.32 -0.176248
14.324 -0.175256
14.328 -0.174262
14.332 -0.173267
14.336 -0.17227
14.34 -0.171272
14.344 -0.170273
14.348 -0.169273
14.352 -0.168271
14.356 -0.167269
14.36 -0.166266
14.364 -0.165262
14.368 -0.164257
14.372 -0.163252
14.376 -0.162247
14.38 -0.161241
14.384 -0.160234
14.388 -0.159228
14.392 -0.158221
14.396 -0.157215
14.4 -0.156208
14.404 -0.155202
14.408 -0.154195
14.412 -0.153189
14.416 -0.152184
14.42 -0.151179
14.424 -0.150174
14.428 -0.14917
14.432 -0.148166
14.436 -0.147163
14.44 -0.146161
14.444 -0.14516
14.448 -0.14416
14.452 -0.14316
14.456 -0.142162
14.46 -0.141165
14.464 -0.140169
14.468 -0.139174
14.472 -0.138181
14.476 -0.137189
14.48 -0.136198
14.484 -0.135208
14.488 -0.134221
14.492 -0.133234
14.496 -0.13225
14.5 -0.131267
14.504 -0.130286
14.508 -0.129306
14.512 -0.128328
14.516 -0.127353
14.52 -0.126379
14.524 -0.125407
14.528 -0.124437
14.532 -0.123469
14.536 -0.122503
14.54 -0.121539
14.544 -0.120578
14.548 -0.119618
14.552 -0.118661
14.556 -0.117707
14.56 -0.116754
14.564 -0.115804
14.568 -0.114856
14.572 -0.113911
14.576 -0.112968
14.58 -0.112028
14.584 -0.11109
14.588 -0.110154
14.592 -0.109222
14.596 -0.108292
14.6 -0.107364
14.604 -0.106439
14.608 -0.105517
14.612 -0.104598
14.616 -0.103681
14.62 -0.102767
14.624 -0.101856
14.628 -0.100948
14.632 -0.100042
14.636 -0.0991398
14.64 -0.0982401
14.644 -0.0973433
14.648 -0.0964495
14.652 -0.0955585
14.656 -0.0946706
14.66 -0.0937856
14.664 -0.0929036
14.668 -0.0920246
14.672 -0.0911486
14.676 -0.0902757
14.68 -0.0894058
14.684 -0.0885391
14.688 -0.0876753
14.692 -0.0868147
14.696 -0.0859572
14.7 -0.0851028
14.704 -0.0842516
14.708 -0.0834035
14.712 -0.0825585
14.716 -0.0817167
14.72 -0.0808781
14.724 -0.0800426
14.728 -0.0792104
14.732 -0.0783813
14.736 -0.0775554
14.74 -0.0767328
14.744 -0.0759133
14.748 -0.0750971
14.752 -0.0742841
14.756 -0.0734743
14.76 -0.0726678
14.764 -0.0718645
14.768 -0.0710644
14.772 -0.0702676
14.776 -0.069474
14.78 -0.0686837
14.784 -0.0678966
14.788 -0.0671127
14.792 -0.0663322
14.796 -0.0655548
14.8 -0.0647808
14.804 -0.0640099
14.808 -0.0632424
14.812 -0.062478
14.816 -0.061717
14.82 -0.0609591
14.824 -0.0602046
14.828 -0.0594532
14.832 -0.0587051
14.836 -0.0579603
14.84 -0.0572186
14.844 -0.0564802
14.848 -0.0557451
14.852 -0.0550131
14.856 -0.0542844
14.86 -0.0535589
14.864 -0.0528366
14.868 -0.0521175
14.872 -0.0514016
14.876 -0.0506889
14.88 -0.0499794
14.884 -0.0492731
14.888 -0.0485699
14.892 -0.0478699
14.896 -0.0471731
14.9 -0.0464794
14.904 -0.0457889
14.908 -0.0451015
14.912 -0.0444172
14.916 -0.0437361
14.92 -0.0430581
14.924 -0.0423832
14.928 -0.0417114
14.932 -0.0410426
14.936 -0.040377
14.94 -0.0397144
14.944 -0.0390549
14.948 -0.0383985
14.952 -0.0377451
14.956 -0.0370947
14.96 -0.0364474
14.964 -0.035803
14.968 -0.0351617
14.972 -0.0345234
14.976 -0.033888
14.98 -0.0332557
14.984 -0.0326262
14.988 -0.0319998
14.992 -0.0313763
14.996 -0.0307557
