0.012 -0.999756
0.016 -0.999619
0.02 -0.999455
0.024 -0.999264
0.028 -0.999045
0.032 -0.998798
0.036 -0.998524
0.04 -0.998222
0.044 -0.997893
0.048 -0.997537
0.052 -0.997153
0.056 -0.996742
0.06 -0.996304
0.064 -0.995838
0.068 -0.995345
0.072 -0.994825
0.076 -0.994278
0.08 -0.993704
0.084 -0.993103
0.088 -0.992475
0.092 -0.99182
0.096 -0.991138
0.1 -0.990429
0.104 -0.989694
0.108 -0.988932
0.112 -0.988143
0.116 -0.987328
0.12 -0.986487
0.124 -0.985619
0.128 -0.984725
0.132 -0.983805
0.136 -0.982858
0.14 -0.981886
0.144 -0.980888
0.148 -0.979864
0.152 -0.978814
0.156 -0.977738
0.16 -0.976637
0.164 -0.975511
0.168 -0.974359
0.172 -0.973182
0.176 -0.97198
0.18 -0.970753
0.184 -0.969501
0.188 -0.968224
0.192 -0.966923
0.196 -0.965597
0.2 -0.964246
0.204 -0.962871
0.208 -0.961472
0.212 -0.960049
0.216 -0.958602
0.22 -0.957132
0.224 -0.955637
0.228 -0.954119
0.232 -0.952578
0.236 -0.951013
0.24 -0.949425
0.244 -0.947814
0.248 -0.946181
0.252 -0.944525
0.256 -0.942846
0.26 -0.941144
0.264 -0.939421
0.268 -0.937675
0.272 -0.935908
0.276 -0.934118
0.28 -0.932307
0.284 -0.930475
0.288 -0.928621
0.292 -0.926746
0.296 -0.92485
0.3 -0.922933
0.304 -0.920996
0.308 -0.919038
0.312 -0.91706
0.316 -0.915061
0.32 -0.913043
0.324 -0.911005
0.328 -0.908947
0.332 -0.90687
0.336 -0.904773
0.34 -0.902657
0.344 -0.900523
0.348 -0.898369
0.352 -0.896197
0.356 -0.894007
0.36 -0.891798
0.364 -0.889572
0.368 -0.887327
0.372 -0.885065
0.376 -0.882786
0.38 -0.880489
0.384 -0.878175
0.388 -0.875844
0.392 -0.873497
0.396 -0.871133
0.4 -0.868753
0.404 -0.866356
0.408 -0.863944
0.412 -0.861516
0.416 -0.859072
0.42 -0.856613
0.424 -0.854139
0.428 -0.85165
0.432 -0.849147
0.436 -0.846628
0.44 -0.844096
0.444 -0.841549
0.448 -0.838988
0.452 -0.836413
0.456 -0.833825
0.46 -0.831224
0.464 -0.828609
0.468 -0.825982
0.472 -0.823341
0.476 -0.820689
0.48 -0.818023
0.484 -0.815346
0.488 -0.812657
0.492 -0.809956
0.496 -0.807243
0.5 -0.80452
0.504 -0.801785
0.508 -0.799039
0.512 -0.796282
0.516 -0.793515
0.52 -0.790738
0.524 -0.78795
0.528 -0.785153
0.532 -0.782346
0.536 -0.779529
0.54 -0.776703
0.544 -0.773868
0.548 -0.771024
0.552 -0.768171
0.556 -0.76531
0.56 -0.762441
0.564 -0.759564
0.568 -0.756678
0.572 -0.753785
0.576 -0.750885
0.58 -0.747977
0.584 -0.745062
0.588 -0.74214
0.592 -0.739212
0.596 -0.736277
0.6 -0.733336
0.604 -0.730389
0.608 -0.727435
0.612 -0.724476
0.616 -0.721512
0.62 -0.718542
0.624 -0.715567
0.628 -0.712588
0.632 -0.709603
0.636 -0.706614
0.64 -0.703621
0.644 -0.700623
0.648 -0.697622
0.652 -0.694616
0.656 -0.691607
0.66 -0.688595
0.664 -0.685579
0.668 -0.682561
0.672 -0.679539
0.676 -0.676515
0.68 -0.673489
0.684 -0.67046
0.688 -0.667429
0.692 -0.664396
0.696 -0.661361
0.7 -0.658324
0.704 -0.655287
0.708 -0.652248
0.712 -0.649207
0.716 -0.646166
0.72 -0.643125
0.724 -0.640082
0.728 -0.63704
0.732 -0.633997
0.736 -0.630954
0.74 -0.627911
0.744 -0.624869
0.748 -0.621827
0.752 -0.618785
0.756 -0.615744
0.76 -0.612705
0.764 -0.609666
0.768 -0.606629
0.772 -0.603593
0.776 -0.600558
0.78 -0.597526
0.784 -0.594495
0.788 -0.591466
0.792 -0.588439
0.796 -0.585415
0.8 -0.582393
0.804 -0.579374
0.808 -0.576358
0.812 -0.573344
0.816 -0.570334
0.82 -0.567327
0.824 -0.564323
0.828 -0.561322
0.832 -0.558325
0.836 -0.555332
0.84 -0.552343
0.844 -0.549358
0.848 -0.546377
0.852 -0.5434
0.856 -0.540428
0.86 -0.53746
0.864 -0.534497
0.868 -0.531538
0.872 -0.528585
0.876 -0.525636
0.88 -0.522693
0.884 -0.519755
0.888 -0.516822
0.892 -0.513895
0.896 -0.510974
0.9 -0.508058
0.904 -0.505148
0.908 -0.502244
0.912 -0.499346
0.916 -0.496454
0.92 -0.493569
0.924 -0.490689
0.928 -0.487817
0.932 -0.484951
0.936 -0.482091
0.94 -0.479239
0.944 -0.476393
0.948 -0.473555
0.952 -0.470723
0.956 -0.467898
0.96 -0.465081
0.964 -0.462271
0.968 -0.459469
0.972 -0.456674
0.976 -0.453887
0.98 -0.451107
0.984 -0.448335
0.988 -0.445572
0.992 -0.442816
0.996 -0.440068
1 -0.437328
1.004 -0.434596
1.008 -0.431873
1.012 -0.429158
1.016 -0.426451
1.02 -0.423753
1.024 -0.421063
1.028 -0.418382
1.032 -0.415709
1.036 -0.413046
1.04 -0.410391
1.044 -0.407745
1.048 -0.405108
1.052 -0.40248
1.056 -0.399861
1.06 -0.397251
1.064 -0.39465
1.068 -0.392059
1.072 -0.389476
1.076 -0.386903
1.08 -0.38434
1.084 -0.381786
1.088 -0.379241
1.092 -0.376706
1.096 -0.37418
1.1 -0.371664
1.104 -0.369158
1.108 -0.366661
1.112 -0.364174
1.116 -0.361697
1.12 -0.35923
1.124 -0.356772
1.128 -0.354325
1.132 -0.351887
1.136 -0.349459
1.14 -0.347042
1.144 -0.344634
1.148 -0.342236
1.152 -0.339849
1.156 -0.337471
1.16 -0.335104
1.164 -0.332747
1.168 -0.3304
1.172 -0.328063
1.176 -0.325736
1.18 -0.32342
1.184 -0.321114
1.188 -0.318818
1.192 -0.316533
1.196 -0.314258
1.2 -0.311993
1.204 -0.309739
1.208 -0.307495
1.212 -0.305261
1.216 -0.303038
1.22 -0.300825
1.224 -0.298623
1.228 -0.296431
1.232 -0.294249
1.236 -0.292078
1.24 -0.289918
1.244 -0.287767
1.248 -0.285628
1.252 -0.283498
1.256 -0.28138
1.26 -0.279271
1.264 -0.277174
1.268 -0.275086
1.272 -0.273009
1.276 -0.270943
1.28 -0.268887
1.284 -0.266841
1.288 -0.264806
1.292 -0.262782
1.296 -0.260768
1.3 -0.258764
1.304 -0.256771
1.308 -0.254788
1.312 -0.252815
1.316 -0.250853
1.32 -0.248902
1.324 -0.246961
1.328 -0.24503
1.332 -0.243109
1.336 -0.241199
1.34 -0.239299
1.344 -0.23741
1.348 -0.235531
1.352 -0.233662
1.356 -0.231803
1.36 -0.229955
1.364 -0.228117
1.368 -0.226289
1.372 -0.224471
1.376 -0.222664
1.38 -0.220867
1.384 -0.219079
1.388 -0.217302
1.392 -0.215535
1.396 -0.213779
1.4 -0.212032
1.404 -0.210295
1.408 -0.208568
1.412 -0.206851
1.416 -0.205145
1.42 -0.203448
1.424 -0.201761
1.428 -0.200084
1.432 -0.198416
1.436 -0.196759
1.44 -0.195111
1.444 -0.193474
1.448 -0.191846
1.452 -0.190227
1.456 -0.188618
1.46 -0.187019
1.464 -0.18543
1.468 -0.18385
1.472 -0.18228
1.476 -0.180719
1.48 -0.179168
1.484 -0.177626
1.488 -0.176094
1.492 -0.174571
1.496 -0.173058
1.5 -0.171554
1.504 -0.170059
1.508 -0.168573
1.512 -0.167097
1.516 -0.165629
1.52 -0.164171
1.524 -0.162723
1.528 -0.161283
1.532 -0.159852
1.536 -0.15843
1.54 -0.157018
1.544 -0.155614
1.548 -0.154219
1.552 -0.152833
1.556 -0.151456
1.56 -0.150088
1.564 -0.148728
1.568 -0.147377
1.572 -0.146035
1.576 -0.144701
1.58 -0.143377
1.584 -0.14206
1.588 -0.140752
1.592 -0.139453
1.596 -0.138162
1.6 -0.13688
1.604 -0.135606
1.608 -0.13434
1.612 -0.133083
1.616 -0.131834
1.62 -0.130593
1.624 -0.12936
1.628 -0.128135
1.632 -0.126919
1.636 -0.12571
1.64 -0.12451
1.644 -0.123317
1.648 -0.122133
1.652 -0.120956
1.656 -0.119787
1.66 -0.118626
1.664 -0.117473
1.668 -0.116328
1.672 -0.11519
1.676 -0.11406
1.68 -0.112937
1.684 -0.111822
1.688 -0.110715
1.692 -0.109615
1.696 -0.108523
1.7 -0.107438
1.704 -0.10636
1.708 -0.105289
1.712 -0.104226
1.716 -0.10317
1.72 -0.102122
1.724 -0.10108
1.728 -0.100046
1.732 -0.0990184
1.736 -0.097998
1.74 -0.0969847
1.744 -0.0959783
1.748 -0.0949789
1.752 -0.0939863
1.756 -0.0930005
1.76 -0.0920215
1.764 -0.0910492
1.768 -0.0900837
1.772 -0.0891248
1.776 -0.0881726
1.78 -0.0872269
1.784 -0.0862877
1.788 -0.0853551
1.792 -0.0844289
1.796 -0.0835091
1.8 -0.0825957
1.804 -0.0816887
1.808 -0.0807879
1.812 -0.0798934
1.816 -0.0790052
1.82 -0.078123
1.824 -0.0772471
1.828 -0.0763772
1.832 -0.0755134
1.836 -0.0746556
1.84 -0.0738038
1.844 -0.0729579
1.848 -0.0721179
1.852 -0.0712838
1.856 -0.0704555
1.86 -0.0696329
1.864 -0.0688161
1.868 -0.0680051
1.872 -0.0671996
1.876 -0.0663999
1.88 -0.0656056
1.884 -0.064817
1.888 -0.0640338
1.892 -0.0632562
1.896 -0.0624839
1.9 -0.0617171
1.904 -0.0609556
1.908 -0.0601994
1.912 -0.0594486
1.916 -0.0587029
1.92 -0.0579625
1.924 -0.0572273
1.928 -0.0564971
1.932 -0.0557721
1.936 -0.0550522
1.94 -0.0543372
1.944 -0.0536273
1.948 -0.0529223
1.952 -0.0522222
1.956 -0.051527
1.96 -0.0508366
1.964 -0.0501511
1.968 -0.0494703
1.972 -0.0487943
1.976 -0.048123
1.98 -0.0474563
1.984 -0.0467943
1.988 -0.0461368
1.992 -0.0454839
1.996 -0.0448356
2 -0.0441917
2.004 -0.0435524
2.008 -0.0429174
2.012 -0.0422868
2.016 -0.0416606
2.02 -0.0410387
2.024 -0.0404211
2.028 -0.0398078
2.032 -0.0391986
2.036 -0.0385937
2.04 -0.0379929
2.044 -0.0373963
2.048 -0.0368038
2.052 -0.0362153
2.056 -0.0356308
2.06 -0.0350504
2.064 -0.0344739
2.068 -0.0339013
2.072 -0.0333327
2.076 -0.0327679
2.08 -0.0322069
2.084 -0.0316498
2.088 -0.0310965
2.092 -0.0305469
2.096 -0.030001
2.1 -0.0294588
2.104 -0.0289202
2.108 -0.0283853
2.112 -0.027854
2.116 -0.0273263
2.12 -0.026802
2.124 -0.0262813
2.128 -0.0257641
2.132 -0.0252503
2.136 -0.02474
2.14 -0.024233
2.144 -0.0237294
2.148 -0.0232292
2.152 -0.0227322
2.156 -0.0222385
2.16 -0.0217481
2.164 -0.0212609
2.168 -0.0207769
2.172 -0.0202961
2.176 -0.0198184
2.18 -0.0193438
2.184 -0.0188723
2.188 -0.0184039
2.192 -0.0179385
2.196 -0.0174761
2.2 -0.0170167
2.204 -0.0165603
2.208 -0.0161068
2.212 -0.0156561
2.216 -0.0152084
2.22 -0.0147635
2.224 -0.0143215
2.228 -0.0138822
2.232 -0.0134457
2.236 -0.013012
2.24 -0.012581
2.244 -0.0121527
2.248 -0.011727
2.252 -0.0113041
2.256 -0.0108837
2.26 -0.010466
2.264 -0.0100508
2.268 -0.0096382
2.272 -0.00922812
2.276 -0.00882056
2.28 -0.00841548
2.284 -0.00801287
2.288 -0.0076127
2.292 -0.00721494
2.296 -0.00681958
2.3 -0.00642659
2.304 -0.00603595
2.308 -0.00564764
2.312 -0.00526163
2.316 -0.0048779
2.32 -0.00449644
2.324 -0.00411721
2.328 -0.00374021
2.332 -0.00336539
2.336 -0.00299276
2.34 -0.00262227
2.344 -0.00225392
2.348 -0.00188768
2.352 -0.00152354
2.356 -0.00116146
2.36 -0.000801428
2.364 -0.000443427
2.368 -8.74355e-05
2.372 0.000266568
2.376 0.000618603
2.38 0.000968689
2.384 0.00131685
2.388 0.0016631
2.392 0.00200745
2.396 0.00234994
2.4 0.00269058
2.404 0.00302939
2.408 0.00336638
2.412 0.00370158
2.416 0.00403501
2.42 0.00436668
2.424 0.00469661
2.428 0.00502482
2.432 0.00535134
2.436 0.00567616
2.44 0.00599933
2.444 0.00632085
2.448 0.00664074
2.452 0.00695902
2.456 0.0072757
2.46 0.00759081
2.464 0.00790436
2.468 0.00821637
2.472 0.00852686
2.476 0.00883584
2.48 0.00914333
2.484 0.00944935
2.488 0.00975391
2.492 0.010057
2.496 0.0103587
2.5 0.010659
2.504 0.0109579
2.508 0.0112555
2.512 0.0115516
2.516 0.0118465
2.52 0.01214
2.524 0.0124322
2.528 0.0127231
2.532 0.0130127
2.536 0.013301
2.54 0.0135882
2.544 0.013874
2.548 0.0141587
2.552 0.0144422
2.556 0.0147244
2.56 0.0150056
2.564 0.0152855
2.568 0.0155643
2.572 0.015842
2.576 0.0161186
2.58 0.016394
2.584 0.0166684
2.588 0.0169417
2.592 0.017214
2.596 0.0174852
2.6 0.0177554
2.604 0.0180246
2.608 0.0182928
2.612 0.01856
2.616 0.0188262
2.62 0.0190915
2.624 0.0193559
2.628 0.0196193
2.632 0.0198817
2.636 0.0201433
2.64 0.020404
2.644 0.0206639
2.648 0.0209228
2.652 0.0211809
2.656 0.0214382
2.66 0.0216946
2.664 0.0219503
2.668 0.0222051
2.672 0.0224592
2.676 0.0227125
2.68 0.022965
2.684 0.0232168
2.688 0.0234678
2.692 0.0237181
2.696 0.0239677
2.7 0.0242166
2.704 0.0244649
2.708 0.0247124
2.712 0.0249593
2.716 0.0252055
2.72 0.0254511
2.724 0.0256961
2.728 0.0259405
2.732 0.0261842
2.736 0.0264274
2.74 0.02667
2.744 0.026912
2.748 0.0271535
2.752 0.0273944
2.756 0.0276348
2.76 0.0278747
2.764 0.0281141
2.768 0.0283529
2.772 0.0285913
2.776 0.0288292
2.78 0.0290667
2.784 0.0293037
2.788 0.0295402
2.792 0.0297763
2.796 0.030012
2.8 0.0302473
2.804 0.0304822
2.808 0.0307167
2.812 0.0309508
2.816 0.0311845
2.82 0.0314179
2.824 0.031651
2.828 0.0318837
2.832 0.0321161
2.836 0.0323482
2.84 0.03258
2.844 0.0328114
2.848 0.0330426
2.852 0.0332736
2.856 0.0335042
2.86 0.0337347
2.864 0.0339648
2.868 0.0341948
2.872 0.0344245
2.876 0.034654
2.88 0.0348833
2.884 0.0351124
2.888 0.0353414
2.892 0.0355701
2.896 0.0357987
2.9 0.0360272
2.904 0.0362555
2.908 0.0364837
2.912 0.0367118
2.916 0.0369397
2.92 0.0371676
2.924 0.0373953
2.928 0.037623
2.932 0.0378506
2.936 0.0380781
2.94 0.0383056
2.944 0.038533
2.948 0.0387605
2.952 0.0389878
2.956 0.0392152
2.96 0.0394426
2.964 0.0396699
2.968 0.0398973
2.972 0.0401247
2.976 0.0403521
2.98 0.0405796
2.984 0.0408071
2.988 0.0410347
2.992 0.0412624
2.996 0.0414901
3 0.0417179
3.004 0.0419458
3.008 0.0421739
3.012 0.042402
3.016 0.0426303
3.02 0.0428587
3.024 0.0430872
3.028 0.0433159
3.032 0.0435448
3.036 0.0437738
3.04 0.044003
3.044 0.0442324
3.048 0.044462
3.052 0.0446918
3.056 0.0449218
3.06 0.0451521
3.064 0.0453826
3.068 0.0456133
3.072 0.0458443
3.076 0.0460755
3.08 0.046307
3.084 0.0465388
3.088 0.0467709
3.092 0.0470033
3.096 0.047236
3.1 0.047469
3.104 0.0477023
3.108 0.047936
3.112 0.04817
3.116 0.0484043
3.12 0.0486391
3.124 0.0488742
3.128 0.0491096
3.132 0.0493455
3.136 0.0495818
3.14 0.0498184
3.144 0.0500555
3.148 0.050293
3.152 0.050531
3.156 0.0507693
3.16 0.0510082
3.164 0.0512475
3.168 0.0514873
3.172 0.0517275
3.176 0.0519682
3.18 0.0522095
3.184 0.0524512
3.188 0.0526935
3.192 0.0529362
3.196 0.0531795
3.2 0.0534234
3.204 0.0536678
3.208 0.0539128
3.212 0.0541583
3.216 0.0544044
3.22 0.0546511
3.224 0.0548984
3.228 0.0551463
3.232 0.0553949
3.236 0.055644
3.24 0.0558938
3.244 0.0561442
3.248 0.0563953
3.252 0.056647
3.256 0.0568994
3.26 0.0571525
3.264 0.0574063
3.268 0.0576608
3.272 0.057916
3.276 0.0581719
3.28 0.0584285
3.284 0.0586859
3.288 0.058944
3.292 0.0592029
3.296 0.0594625
3.3 0.0597229
3.304 0.0599841
3.308 0.0602461
3.312 0.0605089
3.316 0.0607725
3.32 0.0610369
3.324 0.0613021
3.328 0.0615682
3.332 0.0618352
3.336 0.062103
3.34 0.0623717
3.344 0.0626412
3.348 0.0629116
3.352 0.063183
3.356 0.0634552
3.36 0.0637284
3.364 0.0640025
3.368 0.0642775
3.372 0.0645535
3.376 0.0648304
3.38 0.0651083
3.384 0.0653872
3.388 0.0656671
3.392 0.065948
3.396 0.0662298
3.4 0.0665127
3.404 0.0667966
3.408 0.0670816
3.412 0.0673676
3.416 0.0676547
3.42 0.0679428
3.424 0.068232
3.428 0.0685223
3.432 0.0688137
3.436 0.0691062
3.44 0.0693999
3.444 0.0696946
3.448 0.0699906
3.452 0.0702876
3.456 0.0705858
3.46 0.0708852
3.464 0.0711858
3.468 0.0714876
3.472 0.0717906
3.476 0.0720947
3.48 0.0724002
3.484 0.0727068
3.488 0.0730147
3.492 0.0733239
3.496 0.0736343
3.5 0.0739461
3.504 0.0742591
3.508 0.0745734
3.512 0.074889
3.516 0.075206
3.52 0.0755243
3.524 0.0758439
3.528 0.0761649
3.532 0.0764873
3.536 0.076811
3.54 0.0771362
3.544 0.0774627
3.548 0.0777907
3.552 0.0781201
3.556 0.0784509
3.56 0.0787832
3.564 0.079117
3.568 0.0794522
3.572 0.0797889
3.576 0.0801271
3.58 0.0804668
3.584 0.0808081
3.588 0.0811509
3.592 0.0814952
3.596 0.0818411
3.6 0.0821885
3.604 0.0825376
3.608 0.0828882
3.612 0.0832405
3.616 0.0835943
3.62 0.0839498
3.624 0.084307
3.628 0.0846658
3.632 0.0850262
3.636 0.0853884
3.64 0.0857522
3.644 0.0861178
3.648 0.0864851
3.652 0.0868541
3.656 0.0872248
3.66 0.0875973
3.664 0.0879716
3.668 0.0883477
3.672 0.0887256
3.676 0.0891053
3.68 0.0894868
3.684 0.0898701
3.688 0.0902553
3.692 0.0906424
3.696 0.0910314
3.7 0.0914222
3.704 0.091815
3.708 0.0922096
3.712 0.0926062
3.716 0.0930048
3.72 0.0934053
3.724 0.0938078
3.728 0.0942122
3.732 0.0946187
3.736 0.0950272
3.74 0.0954377
3.744 0.0958503
3.748 0.0962649
3.752 0.0966817
3.756 0.0971005
3.76 0.0975214
3.764 0.0979444
3.768 0.0983695
3.772 0.0987968
3.776 0.0992263
3.78 0.0996579
3.784 0.100092
3.788 0.100528
3.792 0.100966
3.796 0.101407
3.8 0.101849
3.804 0.102294
3.808 0.102742
3.812 0.103191
3.816 0.103643
3.82 0.104097
3.824 0.104554
3.828 0.105013
3.832 0.105474
3.836 0.105938
3.84 0.106404
3.844 0.106872
3.848 0.107343
3.852 0.107817
3.856 0.108293
3.86 0.108771
3.864 0.109252
3.868 0.109735
3.872 0.110221
3.876 0.11071
3.88 0.111201
3.884 0.111694
3.888 0.112191
3.892 0.112689
3.896 0.113191
3.9 0.113695
3.904 0.114202
3.908 0.114711
3.912 0.115223
3.916 0.115738
3.92 0.116256
3.924 0.116776
3.928 0.1173
3.932 0.117825
3.936 0.118354
3.94 0.118886
3.944 0.11942
3.948 0.119957
3.952 0.120498
3.956 0.121041
3.96 0.121587
3.964 0.122135
3.968 0.122687
3.972 0.123242
3.976 0.1238
3.98 0.12436
3.984 0.124924
3.988 0.125491
3.992 0.126061
3.996 0.126634
4 0.12721
4.004 0.127789
4.008 0.128371
4.012 0.128957
4.016 0.129545
4.02 0.130137
4.024 0.130732
4.028 0.13133
4.032 0.131932
4.036 0.132536
4.04 0.133144
4.044 0.133755
4.048 0.13437
4.052 0.134988
4.056 0.135609
4.06 0.136234
4.064 0.136862
4.068 0.137493
4.072 0.138128
4.076 0.138766
4.08 0.139408
4.084 0.140053
4.088 0.140702
4.092 0.141354
4.096 0.14201
4.1 0.14267
4.104 0.143333
4.108 0.143999
4.112 0.14467
4.116 0.145343
4.12 0.146021
4.124 0.146702
4.128 0.147387
4.132 0.148076
4.136 0.148768
4.14 0.149465
4.144 0.150164
4.148 0.150868
4.152 0.151576
4.156 0.152287
4.16 0.153003
4.164 0.153722
4.168 0.154445
4.172 0.155172
4.176 0.155903
4.18 0.156638
4.184 0.157377
4.188 0.15812
4.192 0.158867
4.196 0.159618
4.2 0.160373
4.204 0.161132
4.208 0.161896
4.212 0.162663
4.216 0.163435
4.22 0.164211
4.224 0.164991
4.228 0.165775
4.232 0.166564
4.236 0.167356
4.24 0.168153
4.244 0.168955
4.248 0.16976
4.252 0.17057
4.256 0.171385
4.26 0.172203
4.264 0.173026
4.268 0.173854
4.272 0.174686
4.276 0.175522
4.28 0.176363
4.284 0.177209
4.288 0.178059
4.292 0.178913
4.296 0.179772
4.3 0.180636
4.304 0.181504
4.308 0.182377
4.312 0.183255
4.316 0.184137
4.32 0.185024
4.324 0.185916
4.328 0.186812
4.332 0.187713
4.336 0.188619
4.34 0.18953
4.344 0.190445
4.348 0.191366
4.352 0.192291
4.356 0.193221
4.36 0.194156
4.364 0.195096
4.368 0.196041
4.372 0.196991
4.376 0.197945
4.38 0.198905
4.384 0.19987
4.388 0.20084
4.392 0.201815
4.396 0.202794
4.4 0.203779
4.404 0.20477
4.408 0.205765
4.412 0.206765
4.416 0.207771
4.42 0.208781
4.424 0.209797
4.428 0.210819
4.432 0.211845
4.436 0.212877
4.44 0.213914
4.444 0.214956
4.448 0.216003
4.452 0.217056
4.456 0.218114
4.46 0.219178
4.464 0.220247
4.468 0.221321
4.472 0.222401
4.476 0.223486
4.48 0.224577
4.484 0.225673
4.488 0.226775
4.492 0.227882
4.496 0.228994
4.5 0.230112
4.504 0.231236
4.508 0.232365
4.512 0.2335
4.516 0.234641
4.52 0.235787
4.524 0.236938
4.528 0.238096
4.532 0.239259
4.536 0.240427
4.54 0.241602
4.544 0.242782
4.548 0.243967
4.552 0.245159
4.556 0.246356
4.56 0.247559
4.564 0.248767
4.568 0.249982
4.572 0.251202
4.576 0.252428
4.58 0.25366
4.584 0.254898
4.588 0.256141
4.592 0.25739
4.596 0.258645
4.6 0.259906
4.604 0.261173
4.608 0.262446
4.612 0.263725
4.616 0.265009
4.62 0.2663
4.624 0.267596
4.628 0.268899
4.632 0.270207
4.636 0.271521
4.64 0.272841
4.644 0.274167
4.648 0.275499
4.652 0.276837
4.656 0.278181
4.66 0.279531
4.664 0.280887
4.668 0.282249
4.672 0.283617
4.676 0.284991
4.68 0.286371
4.684 0.287757
4.688 0.289149
4.692 0.290547
4.696 0.29195
4.7 0.29336
4.704 0.294776
4.708 0.296198
4.712 0.297626
4.716 0.29906
4.72 0.3005
4.724 0.301946
4.728 0.303398
4.732 0.304856
4.736 0.30632
4.74 0.30779
4.744 0.309266
4.748 0.310748
4.752 0.312236
4.756 0.31373
4.76 0.31523
4.764 0.316736
4.768 0.318248
4.772 0.319766
4.776 0.32129
4.78 0.32282
4.784 0.324355
4.788 0.325897
4.792 0.327445
4.796 0.328998
4.8 0.330557
4.804 0.332123
4.808 0.333694
4.812 0.335271
4.816 0.336853
4.82 0.338442
4.824 0.340036
4.828 0.341637
4.832 0.343243
4.836 0.344854
4.84 0.346472
4.844 0.348095
4.848 0.349724
4.852 0.351359
4.856 0.352999
4.86 0.354646
4.864 0.356297
4.868 0.357955
4.872 0.359617
4.876 0.361286
4.88 0.36296
4.884 0.36464
4.888 0.366325
4.892 0.368015
4.896 0.369711
4.9 0.371413
4.904 0.373119
4.908 0.374832
4.912 0.376549
4.916 0.378272
4.92 0.38
4.924 0.381734
4.928 0.383472
4.932 0.385216
4.936 0.386965
4.94 0.388719
4.944 0.390478
4.948 0.392242
4.952 0.394012
4.956 0.395786
4.96 0.397565
4.964 0.399349
4.968 0.401138
4.972 0.402931
4.976 0.40473
4.98 0.406533
4.984 0.408341
4.988 0.410154
4.992 0.411971
4.996 0.413792
5 0.415619
5.004 0.417449
5.008 0.419284
5.012 0.421124
5.016 0.422968
5.02 0.424816
5.024 0.426668
5.028 0.428525
5.032 0.430385
5.036 0.43225
5.04 0.434118
5.044 0.435991
5.048 0.437867
5.052 0.439748
5.056 0.441632
5.06 0.44352
5.064 0.445411
5.068 0.447306
5.072 0.449205
5.076 0.451107
5.08 0.453012
5.084 0.454921
5.088 0.456833
5.092 0.458749
5.096 0.460667
5.1 0.462589
5.104 0.464513
5.108 0.466441
5.112 0.468371
5.116 0.470305
5.12 0.472241
5.124 0.474179
5.128 0.47612
5.132 0.478064
5.136 0.48001
5.14 0.481959
5.144 0.483909
5.148 0.485862
5.152 0.487817
5.156 0.489774
5.16 0.491733
5.164 0.493694
5.168 0.495657
5.172 0.497621
5.176 0.499587
5.18 0.501555
5.184 0.503524
5.188 0.505494
5.192 0.507466
5.196 0.509438
5.2 0.511412
5.204 0.513387
5.208 0.515363
5.212 0.517339
5.216 0.519316
5.22 0.521294
5.224 0.523273
5.228 0.525251
5.232 0.52723
5.236 0.52921
5.24 0.531189
5.244 0.533169
5.248 0.535148
5.252 0.537127
5.256 0.539106
5.26 0.541085
5.264 0.543063
5.268 0.54504
5.272 0.547017
5.276 0.548993
5.28 0.550968
5.284 0.552942
5.288 0.554914
5.292 0.556886
5.296 0.558856
5.3 0.560825
5.304 0.562792
5.308 0.564757
5.312 0.566721
5.316 0.568682
5.32 0.570642
5.324 0.572599
5.328 0.574554
5.332 0.576507
5.336 0.578457
5.34 0.580404
5.344 0.582349
5.348 0.584291
5.352 0.58623
5.356 0.588165
5.36 0.590097
5.364 0.592026
5.368 0.593952
5.372 0.595874
5.376 0.597792
5.38 0.599706
5.384 0.601616
5.388 0.603521
5.392 0.605423
5.396 0.60732
5.4 0.609213
5.404 0.611101
5.408 0.612984
5.412 0.614862
5.416 0.616735
5.42 0.618603
5.424 0.620465
5.428 0.622323
5.432 0.624174
5.436 0.62602
5.44 0.627859
5.444 0.629693
5.448 0.631521
5.452 0.633342
5.456 0.635157
5.46 0.636965
5.464 0.638766
5.468 0.640561
5.472 0.642349
5.476 0.644129
5.48 0.645902
5.484 0.647668
5.488 0.649426
5.492 0.651177
5.496 0.652919
5.5 0.654654
5.504 0.656381
5.508 0.658099
5.512 0.659809
5.516 0.66151
5.52 0.663203
5.524 0.664886
5.528 0.666561
5.532 0.668227
5.536 0.669883
5.54 0.67153
5.544 0.673167
5.548 0.674795
5.552 0.676413
5.556 0.67802
5.56 0.679618
5.564 0.681205
5.568 0.682782
5.572 0.684349
5.576 0.685904
5.58 0.687449
5.584 0.688983
5.588 0.690505
5.592 0.692017
5.596 0.693516
5.6 0.695005
5.604 0.696481
5.608 0.697946
5.612 0.699399
5.616 0.700839
5.62 0.702267
5.624 0.703683
5.628 0.705086
5.632 0.706477
5.636 0.707854
5.64 0.709219
5.644 0.710571
5.648 0.711909
5.652 0.713234
5.656 0.714545
5.66 0.715842
5.664 0.717126
5.668 0.718396
5.672 0.719651
5.676 0.720893
5.68 0.72212
5.684 0.723332
5.688 0.72453
5.692 0.725713
5.696 0.726881
5.7 0.728034
5.704 0.729172
5.708 0.730295
5.712 0.731402
5.716 0.732493
5.72 0.733569
5.724 0.734629
5.728 0.735673
5.732 0.736701
5.736 0.737713
5.74 0.738708
5.744 0.739687
5.748 0.74065
5.752 0.741595
5.756 0.742524
5.76 0.743436
5.764 0.744331
5.768 0.745209
5.772 0.746069
5.776 0.746912
5.78 0.747737
5.784 0.748545
5.788 0.749335
5.792 0.750108
5.796 0.750862
5.8 0.751598
5.804 0.752316
5.808 0.753016
5.812 0.753697
5.816 0.75436
5.82 0.755004
5.824 0.755629
5.828 0.756236
5.832 0.756824
5.836 0.757392
5.84 0.757942
5.844 0.758472
5.848 0.758984
5.852 0.759475
5.856 0.759948
5.86 0.7604
5.864 0.760834
5.868 0.761247
5.872 0.761641
5.876 0.762014
5.88 0.762368
5.884 0.762702
5.888 0.763015
5.892 0.763309
5.896 0.763582
5.9 0.763834
5.904 0.764067
5.908 0.764278
5.912 0.76447
5.916 0.76464
5.92 0.76479
5.924 0.764919
5.928 0.765028
5.932 0.765115
5.936 0.765182
5.94 0.765227
5.944 0.765252
5.948 0.765255
5.952 0.765238
5.956 0.765199
5.96 0.765138
5.964 0.765057
5.968 0.764954
5.972 0.76483
5.976 0.764685
5.98 0.764518
5.984 0.764329
5.988 0.764119
5.992 0.763888
5.996 0.763635
6 0.76336
6.004 0.763064
6.008 0.762746
6.012 0.762407
6.016 0.762046
6.02 0.761663
6.024 0.761258
6.028 0.760832
6.032 0.760384
6.036 0.759914
6.04 0.759422
6.044 0.758909
6.048 0.758374
6.052 0.757817
6.056 0.757238
6.06 0.756638
6.064 0.756016
6.068 0.755372
6.072 0.754706
6.076 0.754019
6.08 0.75331
6.084 0.752579
6.088 0.751827
6.092 0.751053
6.096 0.750257
6.1 0.74944
6.104 0.748601
6.108 0.747741
6.112 0.746859
6.116 0.745955
6.12 0.74503
6.124 0.744084
6.128 0.743116
6.132 0.742127
6.136 0.741117
6.14 0.740085
6.144 0.739032
6.148 0.737958
6.152 0.736863
6.156 0.735747
6.16 0.73461
6.164 0.733452
6.168 0.732273
6.172 0.731073
6.176 0.729853
6.18 0.728611
6.184 0.727349
6.188 0.726067
6.192 0.724764
6.196 0.723441
6.2 0.722097
6.204 0.720733
6.208 0.719349
6.212 0.717945
6.216 0.71652
6.22 0.715076
6.224 0.713612
6.228 0.712128
6.232 0.710625
6.236 0.709102
6.24 0.707559
6.244 0.705997
6.248 0.704416
6.252 0.702816
6.256 0.701196
6.26 0.699558
6.264 0.6979
6.268 0.696224
6.272 0.694529
6.276 0.692816
6.28 0.691084
6.284 0.689334
6.288 0.687566
6.292 0.685779
6.296 0.683975
6.3 0.682153
6.304 0.680313
6.308 0.678455
6.312 0.67658
6.316 0.674688
6.32 0.672778
6.324 0.670851
6.328 0.668907
6.332 0.666947
6.336 0.66497
6.34 0.662976
6.344 0.660965
6.348 0.658939
6.352 0.656896
6.356 0.654837
6.36 0.652763
6.364 0.650673
6.368 0.648567
6.372 0.646445
6.376 0.644309
6.38 0.642157
6.384 0.639991
6.388 0.637809
6.392 0.635613
6.396 0.633402
6.4 0.631177
6.404 0.628938
6.408 0.626685
6.412 0.624417
6.416 0.622137
6.42 0.619842
6.424 0.617534
6.428 0.615213
6.432 0.612879
6.436 0.610532
6.44 0.608172
6.444 0.605799
6.448 0.603414
6.452 0.601017
6.456 0.598608
6.46 0.596187
6.464 0.593754
6.468 0.59131
6.472 0.588854
6.476 0.586387
6.48 0.583909
6.484 0.58142
6.488 0.57892
6.492 0.57641
6.496 0.57389
6.5 0.571359
6.504 0.568818
6.508 0.566268
6.512 0.563707
6.516 0.561138
6.52 0.558559
6.524 0.555971
6.528 0.553374
6.532 0.550768
6.536 0.548154
6.54 0.545531
6.544 0.542901
6.548 0.540262
6.552 0.537615
6.556 0.534961
6.56 0.532299
6.564 0.52963
6.568 0.526954
6.572 0.52427
6.576 0.52158
6.58 0.518884
6.584 0.516181
6.588 0.513472
6.592 0.510757
6.596 0.508036
6.6 0.505309
6.604 0.502577
6.608 0.49984
6.612 0.497097
6.616 0.49435
6.62 0.491598
6.624 0.488841
6.628 0.48608
6.632 0.483314
6.636 0.480545
6.64 0.477772
6.644 0.474995
6.648 0.472214
6.652 0.469431
6.656 0.466644
6.66 0.463854
6.664 0.461061
6.668 0.458266
6.672 0.455469
6.676 0.452669
6.68 0.449867
6.684 0.447063
6.688 0.444257
6.692 0.44145
6.696 0.438642
6.7 0.435832
6.704 0.433021
6.708 0.430209
6.712 0.427397
6.716 0.424584
6.72 0.421771
6.724 0.418957
6.728 0.416144
6.732 0.413331
6.736 0.410518
6.74 0.407705
6.744 0.404893
6.748 0.402082
6.752 0.399272
6.756 0.396463
6.76 0.393655
6.764 0.390849
6.768 0.388044
6.772 0.385242
6.776 0.382441
6.78 0.379642
6.784 0.376845
6.788 0.374051
6.792 0.371259
6.796 0.36847
6.8 0.365684
6.804 0.3629
6.808 0.36012
6.812 0.357343
6.816 0.35457
6.82 0.3518
6.824 0.349034
6.828 0.346272
6.832 0.343514
6.836 0.340759
6.84 0.33801
6.844 0.335264
6.848 0.332523
6.852 0.329787
6.856 0.327056
6.86 0.324329
6.864 0.321608
6.868 0.318892
6.872 0.316181
6.876 0.313476
6.88 0.310776
6.884 0.308082
6.888 0.305394
6.892 0.302712
6.896 0.300036
6.9 0.297366
6.904 0.294703
6.908 0.292046
6.912 0.289396
6.916 0.286752
6.92 0.284115
6.924 0.281485
6.928 0.278862
6.932 0.276246
6.936 0.273637
6.94 0.271036
6.944 0.268442
6.948 0.265856
6.952 0.263277
6.956 0.260706
6.96 0.258143
6.964 0.255588
6.968 0.253041
6.972 0.250502
6.976 0.247971
6.98 0.245449
6.984 0.242935
6.988 0.240429
6.992 0.237933
6.996 0.235444
7 0.232965
7.004 0.230494
7.008 0.228033
7.012 0.22558
7.016 0.223137
7.02 0.220702
7.024 0.218277
7.028 0.215861
7.032 0.213455
7.036 0.211058
7.04 0.208671
7.044 0.206293
7.048 0.203925
7.052 0.201567
7.056 0.199218
7.06 0.19688
7.064 0.194551
7.068 0.192232
7.072 0.189924
7.076 0.187625
7.08 0.185337
7.084 0.183058
7.088 0.180791
7.092 0.178533
7.096 0.176286
7.1 0.174049
7.104 0.171823
7.108 0.169607
7.112 0.167402
7.116 0.165208
7.12 0.163024
7.124 0.160851
7.128 0.158689
7.132 0.156537
7.136 0.154396
7.14 0.152267
7.144 0.150148
7.148 0.14804
7.152 0.145943
7.156 0.143857
7.16 0.141781
7.164 0.139718
7.168 0.137665
7.172 0.135623
7.176 0.133592
7.18 0.131573
7.184 0.129564
7.188 0.127567
7.192 0.125581
7.196 0.123607
7.2 0.121644
7.204 0.119691
7.208 0.117751
7.212 0.115821
7.216 0.113903
7.22 0.111996
7.224 0.110101
7.228 0.108217
7.232 0.106344
7.236 0.104483
7.24 0.102633
7.244 0.100794
7.248 0.0989669
7.252 0.0971511
7.256 0.0953467
7.26 0.0935536
7.264 0.091772
7.268 0.0900018
7.272 0.088243
7.276 0.0864956
7.28 0.0847595
7.284 0.0830349
7.288 0.0813216
7.292 0.0796197
7.296 0.0779292
7.3 0.07625
7.304 0.0745822
7.308 0.0729257
7.312 0.0712805
7.316 0.0696467
7.32 0.0680241
7.324 0.0664128
7.328 0.0648129
7.332 0.0632241
7.336 0.0616466
7.34 0.0600803
7.344 0.0585252
7.348 0.0569814
7.352 0.0554486
7.356 0.053927
7.36 0.0524166
7.364 0.0509172
7.368 0.0494289
7.372 0.0479517
7.376 0.0464855
7.38 0.0450303
7.384 0.0435861
7.388 0.0421528
7.392 0.0407304
7.396 0.039319
7.4 0.0379184
7.404 0.0365287
7.408 0.0351497
7.412 0.0337816
7.416 0.0324242
7.42 0.0310775
7.424 0.0297415
7.428 0.0284161
7.432 0.0271013
7.436 0.0257972
7.44 0.0245036
7.444 0.0232205
7.448 0.0219478
7.452 0.0206856
7.456 0.0194338
7.46 0.0181924
7.464 0.0169613
7.468 0.0157405
7.472 0.01453
7.476 0.0133296
7.48 0.0121394
7.484 0.0109594
7.488 0.00978942
7.492 0.00862951
7.496 0.0074796
7.5 0.00633967
7.504 0.00520965
7.508 0.00408951
7.512 0.00297921
7.516 0.00187871
7.52 0.000787947
7.524 -0.000293106
7.528 -0.0013645
7.532 -0.00242628
7.536 -0.00347849
7.54 -0.00452117
7.544 -0.00555438
7.548 -0.00657815
7.552 -0.00759254
7.556 -0.00859759
7.56 -0.00959334
7.564 -0.0105799
7.568 -0.0115572
7.572 -0.0125253
7.576 -0.0134844
7.58 -0.0144344
7.584 -0.0153754
7.588 -0.0163075
7.592 -0.0172306
7.596 -0.0181449
7.6 -0.0190504
7.604 -0.0199471
7.608 -0.0208351
7.612 -0.0217145
7.616 -0.0225852
7.62 -0.0234474
7.624 -0.0243011
7.628 -0.0251463
7.632 -0.0259831
7.636 -0.0268115
7.64 -0.0276317
7.644 -0.0284435
7.648 -0.0292472
7.652 -0.0300427
7.656 -0.0308302
7.66 -0.0316095
7.664 -0.0323809
7.668 -0.0331443
7.672 -0.0338999
7.676 -0.0346475
7.68 -0.0353874
7.684 -0.0361195
7.688 -0.036844
7.692 -0.0375608
7.696 -0.03827
7.7 -0.0389717
7.704 -0.0396659
7.708 -0.0403526
7.712 -0.041032
7.716 -0.041704
7.72 -0.0423688
7.724 -0.0430263
7.728 -0.0436767
7.732 -0.0443199
7.736 -0.0449561
7.74 -0.0455852
7.744 -0.0462074
7.748 -0.0468226
7.752 -0.047431
7.756 -0.0480326
7.76 -0.0486274
7.764 -0.0492154
7.768 -0.0497968
7.772 -0.0503716
7.776 -0.0509399
7.78 -0.0515016
7.784 -0.0520569
7.788 -0.0526057
7.792 -0.0531482
7.796 -0.0536844
7.8 -0.0542143
7.804 -0.054738
7.808 -0.0552555
7.812 -0.055767
7.816 -0.0562723
7.82 -0.0567717
7.824 -0.0572651
7.828 -0.0577526
7.832 -0.0582342
7.836 -0.05871
7.84 -0.05918
7.844 -0.0596443
7.848 -0.060103
7.852 -0.060556
7.856 -0.0610034
7.86 -0.0614454
7.864 -0.0618818
7.868 -0.0623128
7.872 -0.0627385
7.876 -0.0631588
7.88 -0.0635738
7.884 -0.0639835
7.888 -0.0643881
7.892 -0.0647875
7.896 -0.0651819
7.9 -0.0655711
7.904 -0.0659554
7.908 -0.0663347
7.912 -0.066709
7.916 -0.0670785
7.92 -0.0674432
7.924 -0.0678031
7.928 -0.0681582
7.932 -0.0685087
7.936 -0.0688545
7.94 -0.0691957
7.944 -0.0695323
7.948 -0.0698645
7.952 -0.0701921
7.956 -0.0705153
7.96 -0.0708341
7.964 -0.0711486
7.968 -0.0714588
7.972 -0.0717647
7.976 -0.0720664
7.98 -0.0723639
7.984 -0.0726573
7.988 -0.0729466
7.992 -0.0732318
7.996 -0.0735131
8 -0.0737903
8.004 -0.0740637
8.008 -0.0743331
8.012 -0.0745987
8.016 -0.0748605
8.02 -0.0751185
8.024 -0.0753728
8.028 -0.0756233
8.032 -0.0758703
8.036 -0.0761136
8.04 -0.0763533
8.044 -0.0765895
8.048 -0.0768222
8.052 -0.0770515
8.056 -0.0772773
8.06 -0.0774997
8.064 -0.0777188
8.068 -0.0779346
8.072 -0.0781471
8.076 -0.0783563
8.08 -0.0785624
8.084 -0.0787653
8.088 -0.078965
8.092 -0.0791617
8.096 -0.0793552
8.1 -0.0795458
8.104 -0.0797334
8.108 -0.079918
8.112 -0.0800996
8.116 -0.0802784
8.12 -0.0804544
8.124 -0.0806275
8.128 -0.0807978
8.132 -0.0809653
8.136 -0.0811302
8.14 -0.0812923
8.144 -0.0814518
8.148 -0.0816086
8.152 -0.0817629
8.156 -0.0819146
8.16 -0.0820637
8.164 -0.0822104
8.168 -0.0823546
8.172 -0.0824963
8.176 -0.0826356
8.18 -0.0827726
8.184 -0.0829071
8.188 -0.0830394
8.192 -0.0831694
8.196 -0.0832971
8.2 -0.0834226
8.204 -0.0835459
8.208 -0.083667
8.212 -0.0837859
8.216 -0.0839027
8.22 -0.0840175
8.224 -0.0841301
8.228 -0.0842408
8.232 -0.0843494
8.236 -0.084456
8.24 -0.0845607
8.244 -0.0846635
8.248 -0.0847643
8.252 -0.0848633
8.256 -0.0849604
8.26 -0.0850557
8.264 -0.0851492
8.268 -0.0852409
8.272 -0.0853309
8.276 -0.0854191
8.28 -0.0855057
8.284 -0.0855905
8.288 -0.0856737
8.292 -0.0857553
8.296 -0.0858353
8.3 -0.0859137
8.304 -0.0859905
8.308 -0.0860658
8.312 -0.0861396
8.316 -0.0862119
8.32 -0.0862827
8.324 -0.0863521
8.328 -0.0864201
8.332 -0.0864867
8.336 -0.0865518
8.34 -0.0866157
8.344 -0.0866782
8.348 -0.0867394
8.352 -0.0867992
8.356 -0.0868579
8.36 -0.0869152
8.364 -0.0869714
8.368 -0.0870263
8.372 -0.08708
8.376 -0.0871326
8.38 -0.087184
8.384 -0.0872343
8.388 -0.0872834
8.392 -0.0873315
8.396 -0.0873785
8.4 -0.0874244
8.404 -0.0874693
8.408 -0.0875132
8.412 -0.0875561
8.416 -0.087598
8.42 -0.087639
8.424 -0.087679
8.428 -0.087718
8.432 -0.0877562
8.436 -0.0877934
8.44 -0.0878298
8.444 -0.0878654
8.448 -0.0879
8.452 -0.0879339
8.456 -0.0879669
8.46 -0.0879992
8.464 -0.0880307
8.468 -0.0880614
8.472 -0.0880914
8.476 -0.0881206
8.48 -0.0881491
8.484 -0.088177
8.488 -0.0882041
8.492 -0.0882306
8.496 -0.0882564
8.5 -0.0882816
8.504 -0.0883062
8.508 -0.0883302
8.512 -0.0883535
8.516 -0.0883763
8.52 -0.0883985
8.524 -0.0884202
8.528 -0.0884413
8.532 -0.0884619
8.536 -0.088482
8.54 -0.0885016
8.544 -0.0885207
8.548 -0.0885394
8.552 -0.0885576
8.556 -0.0885753
8.56 -0.0885926
8.564 -0.0886095
8.568 -0.088626
8.572 -0.0886421
8.576 -0.0886578
8.58 -0.0886731
8.584 -0.0886881
8.588 -0.0887028
8.592 -0.0887171
8.596 -0.0887311
8.6 -0.0887447
8.604 -0.0887581
8.608 -0.0887712
8.612 -0.088784
8.616 -0.0887966
8.62 -0.0888089
8.624 -0.0888209
8.628 -0.0888327
8.632 -0.0888443
8.636 -0.0888557
8.64 -0.0888669
8.644 -0.0888779
8.648 -0.0888887
8.652 -0.0888994
8.656 -0.0889099
8.66 -0.0889202
8.664 -0.0889304
8.668 -0.0889405
8.672 -0.0889505
8.676 -0.0889603
8.68 -0.0889701
8.684 -0.0889797
8.688 -0.0889893
8.692 -0.0889988
8.696 -0.0890083
8.7 -0.0890177
8.704 -0.089027
8.708 -0.0890363
8.712 -0.0890456
8.716 -0.0890549
8.72 -0.0890641
8.724 -0.0890734
8.728 -0.0890827
8.732 -0.0890919
8.736 -0.0891013
8.74 -0.0891106
8.744 -0.08912
8.748 -0.0891294
8.752 -0.0891389
8.756 -0.0891485
8.76 -0.0891581
8.764 -0.0891678
8.768 -0.0891776
8.772 -0.0891875
8.776 -0.0891975
8.78 -0.0892076
8.784 -0.0892178
8.788 -0.0892282
8.792 -0.0892387
8.796 -0.0892493
8.8 -0.0892601
8.804 -0.089271
8.808 -0.0892821
8.812 -0.0892934
8.816 -0.0893048
8.82 -0.0893164
8.824 -0.0893282
8.828 -0.0893402
8.832 -0.0893524
8.836 -0.0893649
8.84 -0.0893775
8.844 -0.0893904
8.848 -0.0894035
8.852 -0.0894168
8.856 -0.0894304
8.86 -0.0894442
8.864 -0.0894582
8.868 -0.0894726
8.872 -0.0894872
8.876 -0.0895021
8.88 -0.0895172
8.884 -0.0895326
8.888 -0.0895484
8.892 -0.0895644
8.896 -0.0895807
8.9 -0.0895974
8.904 -0.0896143
8.908 -0.0896316
8.912 -0.0896492
8.916 -0.0896671
8.92 -0.0896854
8.924 -0.089704
8.928 -0.0897229
8.932 -0.0897422
8.936 -0.0897619
8.94 -0.0897819
8.944 -0.0898023
8.948 -0.0898231
8.952 -0.0898442
8.956 -0.0898658
8.96 -0.0898877
8.964 -0.08991
8.968 -0.0899327
8.972 -0.0899559
8.976 -0.0899794
8.98 -0.0900033
8.984 -0.0900277
8.988 -0.0900525
8.992 -0.0900777
8.996 -0.0901034
9 -0.0901295
9.004 -0.090156
9.008 -0.090183
9.012 -0.0902105
9.016 -0.0902384
9.02 -0.0902667
9.024 -0.0902956
9.028 -0.0903249
9.032 -0.0903547
9.036 -0.0903849
9.04 -0.0904157
9.044 -0.0904469
9.048 -0.0904787
9.052 -0.0905109
9.056 -0.0905436
9.06 -0.0905769
9.064 -0.0906106
9.068 -0.0906449
9.072 -0.0906797
9.076 -0.090715
9.08 -0.0907509
9.084 -0.0907873
9.088 -0.0908242
9.092 -0.0908617
9.096 -0.0908997
9.1 -0.0909382
9.104 -0.0909774
9.108 -0.091017
9.112 -0.0910573
9.116 -0.0910981
9.12 -0.0911395
9.124 -0.0911814
9.128 -0.0912239
9.132 -0.0912671
9.136 -0.0913108
9.14 -0.0913551
9.144 -0.0914
9.148 -0.0914455
9.152 -0.0914916
9.156 -0.0915383
9.16 -0.0915856
9.164 -0.0916335
9.168 -0.0916821
9.172 -0.0917312
9.176 -0.091781
9.18 -0.0918315
9.184 -0.0918825
9.188 -0.0919342
9.192 -0.0919866
9.196 -0.0920396
9.2 -0.0920932
9.204 -0.0921475
9.208 -0.0922025
9.212 -0.0922581
9.216 -0.0923144
9.22 -0.0923713
9.224 -0.092429
9.228 -0.0924873
9.232 -0.0925462
9.236 -0.0926059
9.24 -0.0926663
9.244 -0.0927273
9.248 -0.0927891
9.252 -0.0928515
9.256 -0.0929147
9.26 -0.0929785
9.264 -0.0930431
9.268 -0.0931084
9.272 -0.0931744
9.276 -0.0932411
9.28 -0.0933085
9.284 -0.0933767
9.288 -0.0934456
9.292 -0.0935153
9.296 -0.0935857
9.3 -0.0936568
9.304 -0.0937287
9.308 -0.0938013
9.312 -0.0938747
9.316 -0.0939489
9.32 -0.0940238
9.324 -0.0940995
9.328 -0.0941759
9.332 -0.0942531
9.336 -0.0943311
9.34 -0.0944099
9.344 -0.0944895
9.348 -0.0945699
9.352 -0.094651
9.356 -0.094733
9.36 -0.0948157
9.364 -0.0948993
9.368 -0.0949837
9.372 -0.0950688
9.376 -0.0951548
9.38 -0.0952416
9.384 -0.0953293
9.388 -0.0954177
9.392 -0.095507
9.396 -0.0955972
9.4 -0.0956881
9.404 -0.09578
9.408 -0.0958726
9.412 -0.0959661
9.416 -0.0960605
9.42 -0.0961557
9.424 -0.0962518
9.428 -0.0963487
9.432 -0.0964466
9.436 -0.0965452
9.44 -0.0966448
9.444 -0.0967453
9.448 -0.0968466
9.452 -0.0969488
9.456 -0.0970519
9.46 -0.097156
9.464 -0.0972609
9.468 -0.0973667
9.472 -0.0974734
9.476 -0.0975811
9.48 -0.0976896
9.484 -0.0977991
9.488 -0.0979095
9.492 -0.0980208
9.496 -0.0981331
9.5 -0.0982463
9.504 -0.0983605
9.508 -0.0984756
9.512 -0.0985916
9.516 -0.0987086
9.52 -0.0988265
9.524 -0.0989454
9.528 -0.0990653
9.532 -0.0991862
9.536 -0.099308
9.54 -0.0994308
9.544 -0.0995546
9.548 -0.0996793
9.552 -0.0998051
9.556 -0.0999319
9.56 -0.10006
9.564 -0.100188
9.568 -0.100318
9.572 -0.100449
9.576 -0.100581
9.58 -0.100714
9.584 -0.100847
9.588 -0.100982
9.592 -0.101118
9.596 -0.101255
9.6 -0.101393
9.604 -0.101532
9.608 -0.101672
9.612 -0.101813
9.616 -0.101955
9.62 -0.102099
9.624 -0.102243
9.628 -0.102388
9.632 -0.102535
9.636 -0.102683
9.64 -0.102831
9.644 -0.102981
9.648 -0.103132
9.652 -0.103284
9.656 -0.103437
9.66 -0.103591
9.664 -0.103746
9.668 -0.103903
9.672 -0.10406
9.676 -0.104219
9.68 -0.104379
9.684 -0.104539
9.688 -0.104702
9.692 -0.104865
9.696 -0.105029
9.7 -0.105195
9.704 -0.105361
9.708 -0.105529
9.712 -0.105698
9.716 -0.105868
9.72 -0.10604
9.724 -0.106212
9.728 -0.106386
9.732 -0.106561
9.736 -0.106737
9.74 -0.106915
9.744 -0.107093
9.748 -0.107273
9.752 -0.107454
9.756 -0.107636
9.76 -0.10782
9.764 -0.108005
9.768 -0.108191
9.772 -0.108378
9.776 -0.108566
9.78 -0.108756
9.784 -0.108947
9.788 -0.109139
9.792 -0.109333
9.796 -0.109528
9.8 -0.109724
9.804 -0.109921
9.808 -0.11012
9.812 -0.11032
9.816 -0.110521
9.82 -0.110724
9.824 -0.110928
9.828 -0.111133
9.832 -0.11134
9.836 -0.111548
9.84 -0.111757
9.844 -0.111968
9.848 -0.11218
9.852 -0.112393
9.856 -0.112608
9.86 -0.112824
9.864 -0.113041
9.868 -0.11326
9.872 -0.11348
9.876 -0.113702
9.88 -0.113925
9.884 -0.114149
9.888 -0.114375
9.892 -0.114602
9.896 -0.114831
9.9 -0.115061
9.904 -0.115292
9.908 -0.115525
9.912 -0.115759
9.916 -0.115995
9.92 -0.116232
9.924 -0.116471
9.928 -0.116711
9.932 -0.116953
9.936 -0.117196
9.94 -0.117441
9.944 -0.117687
9.948 -0.117935
9.952 -0.118184
9.956 -0.118434
9.96 -0.118686
9.964 -0.11894
9.968 -0.119195
9.972 -0.119452
9.976 -0.11971
9.98 -0.11997
9.984 -0.120232
9.988 -0.120494
9.992 -0.120759
9.996 -0.121025
10 -0.121293
10.004 -0.121562
10.008 -0.121833
10.012 -0.122105
10.016 -0.122379
10.02 -0.122655
10.024 -0.122932
10.028 -0.123211
10.032 -0.123491
10.036 -0.123773
10.04 -0.124057
10.044 -0.124343
10.048 -0.12463
10.052 -0.124918
10.056 -0.125209
10.06 -0.125501
10.064 -0.125795
10.068 -0.12609
10.072 -0.126387
10.076 -0.126686
10.08 -0.126986
10.084 -0.127289
10.088 -0.127593
10.092 -0.127898
10.096 -0.128206
10.1 -0.128515
10.104 -0.128826
10.108 -0.129138
10.112 -0.129453
10.116 -0.129769
10.12 -0.130087
10.124 -0.130407
10.128 -0.130728
10.132 -0.131051
10.136 -0.131376
10.14 -0.131703
10.144 -0.132032
10.148 -0.132363
10.152 -0.132695
10.156 -0.133029
10.16 -0.133365
10.164 -0.133703
10.168 -0.134043
10.172 -0.134384
10.176 -0.134728
10.18 -0.135073
10.184 -0.13542
10.188 -0.135769
10.192 -0.13612
10.196 -0.136473
10.2 -0.136828
10.204 -0.137185
10.208 -0.137543
10.212 -0.137904
10.216 -0.138266
10.22 -0.13863
10.224 -0.138997
10.228 -0.139365
10.232 -0.139735
10.236 -0.140107
10.24 -0.140482
10.244 -0.140858
10.248 -0.141236
10.252 -0.141616
10.256 -0.141998
10.26 -0.142382
10.264 -0.142768
10.268 -0.143156
10.272 -0.143546
10.276 -0.143939
10.28 -0.144333
10.284 -0.144729
10.288 -0.145127
10.292 -0.145528
10.296 -0.14593
10.3 -0.146335
10.304 -0.146741
10.308 -0.14715
10.312 -0.14756
10.316 -0.147973
10.32 -0.148388
10.324 -0.148805
10.328 -0.149224
10.332 -0.149645
10.336 -0.150069
10.34 -0.150494
10.344 -0.150922
10.348 -0.151351
10.352 -0.151783
10.356 -0.152217
10.36 -0.152653
10.364 -0.153092
10.368 -0.153532
10.372 -0.153975
10.376 -0.15442
10.38 -0.154867
10.384 -0.155316
10.388 -0.155767
10.392 -0.156221
10.396 -0.156677
10.4 -0.157135
10.404 -0.157595
10.408 -0.158057
10.412 -0.158522
10.416 -0.158989
10.42 -0.159458
10.424 -0.15993
10.428 -0.160403
10.432 -0.160879
10.436 -0.161357
10.44 -0.161838
10.444 -0.16232
10.448 -0.162805
10.452 -0.163292
10.456 -0.163782
10.46 -0.164273
10.464 -0.164767
10.468 -0.165264
10.472 -0.165762
10.476 -0.166263
10.48 -0.166766
10.484 -0.167272
10.488 -0.16778
10.492 -0.16829
10.496 -0.168802
10.5 -0.169317
10.504 -0.169834
10.508 -0.170354
10.512 -0.170875
10.516 -0.171399
10.52 -0.171926
10.524 -0.172454
10.528 -0.172986
10.532 -0.173519
10.536 -0.174055
10.54 -0.174593
10.544 -0.175133
10.548 -0.175676
10.552 -0.176221
10.556 -0.176769
10.56 -0.177319
10.564 -0.177871
10.568 -0.178425
10.572 -0.178982
10.576 -0.179542
10.58 -0.180103
10.584 -0.180667
10.588 -0.181234
10.592 -0.181802
10.596 -0.182373
10.6 -0.182947
10.604 -0.183523
10.608 -0.184101
10.612 -0.184682
10.616 -0.185265
10.62 -0.18585
10.624 -0.186438
10.628 -0.187028
10.632 -0.18762
10.636 -0.188215
10.64 -0.188812
10.644 -0.189411
10.648 -0.190013
10.652 -0.190618
10.656 -0.191224
10.66 -0.191833
10.664 -0.192444
10.668 -0.193058
10.672 -0.193674
10.676 -0.194292
10.68 -0.194913
10.684 -0.195536
10.688 -0.196161
10.692 -0.196789
10.696 -0.197419
10.7 -0.198051
10.704 -0.198686
10.708 -0.199323
10.712 -0.199962
10.716 -0.200604
10.72 -0.201247
10.724 -0.201894
10.728 -0.202542
10.732 -0.203193
10.736 -0.203846
10.74 -0.204501
10.744 -0.205159
10.748 -0.205818
10.752 -0.206481
10.756 -0.207145
10.76 -0.207811
10.764 -0.20848
10.768 -0.209151
10.772 -0.209824
10.776 -0.2105
10.78 -0.211177
10.784 -0.211857
10.788 -0.212539
10.792 -0.213223
10.796 -0.21391
10.8 -0.214598
10.804 -0.215289
10.808 -0.215981
10.812 -0.216676
10.816 -0.217373
10.82 -0.218072
10.824 -0.218773
10.828 -0.219477
10.832 -0.220182
10.836 -0.220889
10.84 -0.221598
10.844 -0.22231
10.848 -0.223023
10.852 -0.223739
10.856 -0.224456
10.86 -0.225175
10.864 -0.225896
10.868 -0.22662
10.872 -0.227345
10.876 -0.228072
10.88 -0.228801
10.884 -0.229531
10.888 -0.230264
10.892 -0.230998
10.896 -0.231735
10.9 -0.232473
10.904 -0.233213
10.908 -0.233954
10.912 -0.234698
10.916 -0.235443
10.92 -0.23619
10.924 -0.236938
10.928 -0.237688
10.932 -0.23844
10.936 -0.239194
10.94 -0.239949
10.944 -0.240705
10.948 -0.241463
10.952 -0.242223
10.956 -0.242984
10.96 -0.243747
10.964 -0.244511
10.968 -0.245277
10.972 -0.246044
10.976 -0.246812
10.98 -0.247582
10.984 -0.248353
10.988 -0.249126
10.992 -0.249899
10.996 -0.250674
11 -0.251451
11.004 -0.252228
11.008 -0.253007
11.012 -0.253786
11.016 -0.254567
11.02 -0.255349
11.024 -0.256132
11.028 -0.256916
11.032 -0.257701
11.036 -0.258487
11.04 -0.259274
11.044 -0.260062
11.048 -0.260851
11.052 -0.261641
11.056 -0.262431
11.06 -0.263222
11.064 -0.264014
11.068 -0.264806
11.072 -0.2656
11.076 -0.266394
11.08 -0.267188
11.084 -0.267983
11.088 -0.268778
11.092 -0.269574
11.096 -0.270371
11.1 -0.271168
11.104 -0.271965
11.108 -0.272762
11.112 -0.27356
11.116 -0.274358
11.12 -0.275156
11.124 -0.275955
11.128 -0.276753
11.132 -0.277552
11.136 -0.278351
11.14 -0.279149
11.144 -0.279948
11.148 -0.280746
11.152 -0.281544
11.156 -0.282342
11.16 -0.28314
11.164 -0.283938
11.168 -0.284735
11.172 -0.285532
11.176 -0.286328
11.18 -0.287124
11.184 -0.28792
11.188 -0.288714
11.192 -0.289509
11.196 -0.290302
11.2 -0.291095
11.204 -0.291887
11.208 -0.292678
11.212 -0.293468
11.216 -0.294258
11.22 -0.295046
11.224 -0.295834
11.228 -0.29662
11.232 -0.297405
11.236 -0.298189
11.24 -0.298971
11.244 -0.299753
11.248 -0.300532
11.252 -0.301311
11.256 -0.302088
11.26 -0.302863
11.264 -0.303637
11.268 -0.304409
11.272 -0.305179
11.276 -0.305948
11.28 -0.306715
11.284 -0.30748
11.288 -0.308242
11.292 -0.309003
11.296 -0.309762
11.3 -0.310518
11.304 -0.311273
11.308 -0.312025
11.312 -0.312774
11.316 -0.313521
11.32 -0.314266
11.324 -0.315008
11.328 -0.315748
11.332 -0.316485
11.336 -0.317219
11.34 -0.31795
11.344 -0.318678
11.348 -0.319404
11.352 -0.320126
11.356 -0.320845
11.36 -0.321561
11.364 -0.322274
11.368 -0.322984
11.372 -0.32369
11.376 -0.324393
11.38 -0.325092
11.384 -0.325787
11.388 -0.326479
11.392 -0.327167
11.396 -0.327852
11.4 -0.328532
11.404 -0.329208
11.408 -0.329881
11.412 -0.330549
11.416 -0.331213
11.42 -0.331873
11.424 -0.332528
11.428 -0.333179
11.432 -0.333826
11.436 -0.334468
11.44 -0.335105
11.444 -0.335737
11.448 -0.336365
11.452 -0.336988
11.456 -0.337606
11.46 -0.338218
11.464 -0.338826
11.468 -0.339429
11.472 -0.340026
11.476 -0.340617
11.48 -0.341204
11.484 -0.341784
11.488 -0.34236
11.492 -0.342929
11.496 -0.343493
11.5 -0.344051
11.504 -0.344602
11.508 -0.345148
11.512 -0.345688
11.516 -0.346222
11.52 -0.346749
11.524 -0.34727
11.528 -0.347784
11.532 -0.348292
11.536 -0.348793
11.54 -0.349288
11.544 -0.349776
11.548 -0.350257
11.552 -0.350731
11.556 -0.351198
11.56 -0.351658
11.564 -0.352111
11.568 -0.352556
11.572 -0.352994
11.576 -0.353425
11.58 -0.353848
11.584 -0.354263
11.588 -0.354671
11.592 -0.355071
11.596 -0.355463
11.6 -0.355847
11.604 -0.356223
11.608 -0.356591
11.612 -0.356951
11.616 -0.357303
11.62 -0.357646
11.624 -0.357981
11.628 -0.358307
11.632 -0.358624
11.636 -0.358933
11.64 -0.359233
11.644 -0.359524
11.648 -0.359806
11.652 -0.360079
11.656 -0.360343
11.66 -0.360598
11.664 -0.360843
11.668 -0.361079
11.672 -0.361306
11.676 -0.361523
11.68 -0.361731
11.684 -0.361928
11.688 -0.362116
11.692 -0.362295
11.696 -0.362463
11.7 -0.362621
11.704 -0.362769
11.708 -0.362907
11.712 -0.363034
11.716 -0.363152
11.72 -0.363258
11.724 -0.363355
11.728 -0.363441
11.732 -0.363516
11.736 -0.36358
11.74 -0.363634
11.744 -0.363676
11.748 -0.363708
11.752 -0.363729
11.756 -0.363739
11.76 -0.363737
11.764 -0.363724
11.768 -0.3637
11.772 -0.363665
11.776 -0.363618
11.78 -0.363559
11.784 -0.363489
11.788 -0.363407
11.792 -0.363314
11.796 -0.363209
11.8 -0.363092
11.804 -0.362962
11.808 -0.362821
11.812 -0.362668
11.816 -0.362503
11.82 -0.362325
11.824 -0.362135
11.828 -0.361933
11.832 -0.361719
11.836 -0.361492
11.84 -0.361252
11.844 -0.361
11.848 -0.360736
11.852 -0.360459
11.856 -0.360168
11.86 -0.359866
11.864 -0.35955
11.868 -0.359221
11.872 -0.35888
11.876 -0.358525
11.88 -0.358158
11.884 -0.357777
11.888 -0.357383
11.892 -0.356976
11.896 -0.356556
11.9 -0.356122
11.904 -0.355676
11.908 -0.355215
11.912 -0.354742
11.916 -0.354254
11.92 -0.353754
11.924 -0.35324
11.928 -0.352712
11.932 -0.35217
11.936 -0.351615
11.94 -0.351047
11.944 -0.350464
11.948 -0.349868
11.952 -0.349258
11.956 -0.348634
11.96 -0.347997
11.964 -0.347345
11.968 -0.34668
11.972 -0.346
11.976 -0.345307
11.98 -0.3446
11.984 -0.343879
11.988 -0.343144
11.992 -0.342394
11.996 -0.341631
12 -0.340854
12.004 -0.340062
12.008 -0.339257
12.012 -0.338437
12.016 -0.337604
12.02 -0.336756
12.024 -0.335894
12.028 -0.335018
12.032 -0.334128
12.036 -0.333223
12.04 -0.332305
12.044 -0.331372
12.048 -0.330426
12.052 -0.329465
12.056 -0.32849
12.06 -0.327501
12.064 -0.326497
12.068 -0.32548
12.072 -0.324448
12.076 -0.323403
12.08 -0.322343
12.084 -0.321269
12.088 -0.320182
12.092 -0.31908
12.096 -0.317964
12.1 -0.316834
12.104 -0.31569
12.108 -0.314532
12.112 -0.313361
12.116 -0.312175
12.12 -0.310976
12.124 -0.309762
12.128 -0.308535
12.132 -0.307294
12.136 -0.30604
12.14 -0.304771
12.144 -0.303489
12.148 -0.302193
12.152 -0.300884
12.156 -0.299561
12.16 -0.298225
12.164 -0.296875
12.168 -0.295511
12.172 -0.294135
12.176 -0.292745
12.18 -0.291341
12.184 -0.289925
12.188 -0.288495
12.192 -0.287052
12.196 -0.285596
12.2 -0.284127
12.204 -0.282645
12.208 -0.281151
12.212 -0.279643
12.216 -0.278123
12.22 -0.27659
12.224 -0.275044
12.228 -0.273486
12.232 -0.271915
12.236 -0.270332
12.24 -0.268736
12.244 -0.267129
12.248 -0.265509
12.252 -0.263876
12.256 -0.262232
12.26 -0.260576
12.264 -0.258908
12.268 -0.257229
12.272 -0.255537
12.276 -0.253834
12.28 -0.25212
12.284 -0.250393
12.288 -0.248656
12.292 -0.246907
12.296 -0.245148
12.3 -0.243377
12.304 -0.241595
12.308 -0.239802
12.312 -0.237999
12.316 -0.236184
12.32 -0.23436
12.324 -0.232524
12.328 -0.230679
12.332 -0.228823
12.336 -0.226957
12.34 -0.22508
12.344 -0.223194
12.348 -0.221298
12.352 -0.219393
12.356 -0.217478
12.36 -0.215553
12.364 -0.213619
12.368 -0.211675
12.372 -0.209723
12.376 -0.207761
12.38 -0.205791
12.384 -0.203811
12.388 -0.201824
12.392 -0.199827
12.396 -0.197822
12.4 -0.195809
12.404 -0.193788
12.408 -0.191758
12.412 -0.189721
12.416 -0.187676
12.42 -0.185623
12.424 -0.183563
12.428 -0.181495
12.432 -0.17942
12.436 -0.177338
12.44 -0.175249
12.444 -0.173153
12.448 -0.171051
12.452 -0.168941
12.456 -0.166826
12.46 -0.164704
12.464 -0.162576
12.468 -0.160442
12.472 -0.158302
12.476 -0.156156
12.48 -0.154004
12.484 -0.151848
12.488 -0.149685
12.492 -0.147518
12.496 -0.145346
12.5 -0.143169
12.504 -0.140987
12.508 -0.1388
12.512 -0.136609
12.516 -0.134414
12.52 -0.132215
12.524 -0.130011
12.528 -0.127804
12.532 -0.125593
12.536 -0.123379
12.54 -0.121161
12.544 -0.11894
12.548 -0.116716
12.552 -0.114489
12.556 -0.112259
12.56 -0.110026
12.564 -0.107791
12.568 -0.105554
12.572 -0.103314
12.576 -0.101073
12.58 -0.0988292
12.584 -0.0965841
12.588 -0.0943373
12.592 -0.0920892
12.596 -0.0898398
12.6 -0.0875893
12.604 -0.0853378
12.608 -0.0830855
12.612 -0.0808326
12.616 -0.0785791
12.62 -0.0763254
12.624 -0.0740714
12.628 -0.0718174
12.632 -0.0695635
12.636 -0.0673099
12.64 -0.0650567
12.644 -0.0628041
12.648 -0.0605522
12.652 -0.0583012
12.656 -0.0560512
12.66 -0.0538024
12.664 -0.0515549
12.668 -0.049309
12.672 -0.0470646
12.676 -0.044822
12.68 -0.0425814
12.684 -0.0403428
12.688 -0.0381065
12.692 -0.0358726
12.696 -0.0336411
12.7 -0.0314124
12.704 -0.0291865
12.708 -0.0269635
12.712 -0.0247437
12.716 -0.0225271
12.72 -0.0203139
12.724 -0.0181043
12.728 -0.0158983
12.732 -0.0136962
12.736 -0.0114981
12.74 -0.0093041
12.744 -0.00711434
12.748 -0.00492899
12.752 -0.00274817
12.756 -0.000572029
12.76 0.0015993
12.764 0.00376567
12.768 0.00592696
12.772 0.00808303
12.776 0.0102337
12.78 0.012379
12.784 0.0145186
12.788 0.0166524
12.792 0.0187804
12.796 0.0209023
12.8 0.0230181
12.804 0.0251276
12.808 0.0272308
12.812 0.0293274
12.816 0.0314173
12.82 0.0335005
12.824 0.0355768
12.828 0.037646
12.832 0.0397082
12.836 0.041763
12.84 0.0438105
12.844 0.0458505
12.848 0.0478829
12.852 0.0499075
12.856 0.0519243
12.86 0.0539332
12.864 0.055934
12.868 0.0579266
12.872 0.0599109
12.876 0.0618869
12.88 0.0638543
12.884 0.0658131
12.888 0.0677632
12.892 0.0697045
12.896 0.0716369
12.9 0.0735603
12.904 0.0754745
12.908 0.0773796
12.912 0.0792753
12.916 0.0811616
12.92 0.0830384
12.924 0.0849057
12.928 0.0867632
12.932 0.088611
12.936 0.0904489
12.94 0.0922768
12.944 0.0940948
12.948 0.0959026
12.952 0.0977002
12.956 0.0994875
12.96 0.101264
12.964 0.103031
12.968 0.104787
12.972 0.106532
12.976 0.108267
12.98 0.109991
12.984 0.111704
12.988 0.113406
12.992 0.115098
12.996 0.116778
13 0.118447
13.004 0.120105
13.008 0.121752
13.012 0.123387
13.016 0.125011
13.02 0.126624
13.024 0.128225
13.028 0.129815
13.032 0.131393
13.036 0.13296
13.04 0.134515
13.044 0.136058
13.048 0.137589
13.052 0.139109
13.056 0.140617
13.06 0.142112
13.064 0.143596
13.068 0.145068
13.072 0.146528
13.076 0.147976
13.08 0.149411
13.084 0.150835
13.088 0.152246
13.092 0.153645
13.096 0.155032
13.1 0.156406
13.104 0.157768
13.108 0.159118
13.112 0.160456
13.116 0.161781
13.12 0.163093
13.124 0.164394
13.128 0.165681
13.132 0.166957
13.136 0.16822
13.14 0.16947
13.144 0.170708
13.148 0.171933
13.152 0.173146
13.156 0.174346
13.16 0.175533
13.164 0.176708
13.168 0.177871
13.172 0.179021
13.176 0.180158
13.18 0.181283
13.184 0.182395
13.188 0.183494
13.192 0.184581
13.196 0.185655
13.2 0.186717
13.204 0.187766
13.208 0.188802
13.212 0.189826
13.216 0.190838
13.22 0.191836
13.224 0.192823
13.228 0.193796
13.232 0.194758
13.236 0.195706
13.24 0.196643
13.244 0.197566
13.248 0.198478
13.252 0.199376
13.256 0.200263
13.26 0.201137
13.264 0.201998
13.268 0.202848
13.272 0.203685
13.276 0.204509
13.28 0.205322
13.284 0.206122
13.288 0.20691
13.292 0.207686
13.296 0.208449
13.3 0.209201
13.304 0.20994
13.308 0.210667
13.312 0.211383
13.316 0.212086
13.32 0.212777
13.324 0.213457
13.328 0.214124
13.332 0.21478
13.336 0.215424
13.34 0.216056
13.344 0.216676
13.348 0.217285
13.352 0.217882
13.356 0.218468
13.36 0.219042
13.364 0.219604
13.368 0.220156
13.372 0.220695
13.376 0.221224
13.38 0.221741
13.384 0.222246
13.388 0.222741
13.392 0.223224
13.396 0.223697
13.4 0.224158
13.404 0.224608
13.408 0.225048
13.412 0.225476
13.416 0.225894
13.42 0.226301
13.424 0.226697
13.428 0.227082
13.432 0.227457
13.436 0.227822
13.44 0.228175
13.444 0.228519
13.448 0.228852
13.452 0.229175
13.456 0.229487
13.46 0.22979
13.464 0.230082
13.468 0.230364
13.472 0.230636
13.476 0.230898
13.48 0.231151
13.484 0.231393
13.488 0.231626
13.492 0.231849
13.496 0.232063
13.5 0.232267
13.504 0.232461
13.508 0.232646
13.512 0.232822
13.516 0.232988
13.52 0.233146
13.524 0.233294
13.528 0.233433
13.532 0.233563
13.536 0.233684
13.54 0.233796
13.544 0.233899
13.548 0.233994
13.552 0.23408
13.556 0.234157
13.56 0.234226
13.564 0.234286
13.568 0.234338
13.572 0.234382
13.576 0.234418
13.58 0.234445
13.584 0.234464
13.588 0.234475
13.592 0.234478
13.596 0.234473
13.6 0.234461
13.604 0.23444
13.608 0.234412
13.612 0.234377
13.616 0.234334
13.62 0.234283
13.624 0.234225
13.628 0.23416
13.632 0.234087
13.636 0.234007
13.64 0.23392
13.644 0.233826
13.648 0.233725
13.652 0.233617
13.656 0.233503
13.66 0.233381
13.664 0.233253
13.668 0.233119
13.672 0.232977
13.676 0.232829
13.68 0.232675
13.684 0.232515
13.688 0.232348
13.692 0.232175
13.696 0.231996
13.7 0.231811
13.704 0.23162
13.708 0.231423
13.712 0.23122
13.716 0.231011
13.72 0.230797
13.724 0.230577
13.728 0.230351
13.732 0.23012
13.736 0.229884
13.74 0.229642
13.744 0.229395
13.748 0.229143
13.752 0.228885
13.756 0.228622
13.76 0.228355
13.764 0.228082
13.768 0.227805
13.772 0.227522
13.776 0.227235
13.78 0.226944
13.784 0.226647
13.788 0.226346
13.792 0.226041
13.796 0.225731
13.8 0.225417
13.804 0.225098
13.808 0.224775
13.812 0.224448
13.816 0.224117
13.82 0.223782
13.824 0.223443
13.828 0.2231
13.832 0.222753
13.836 0.222402
13.84 0.222048
13.844 0.221689
13.848 0.221328
13.852 0.220962
13.856 0.220593
13.86 0.220221
13.864 0.219845
13.868 0.219467
13.872 0.219084
13.876 0.218699
13.88 0.21831
13.884 0.217919
13.888 0.217524
13.892 0.217126
13.896 0.216725
13.9 0.216322
13.904 0.215916
13.908 0.215507
13.912 0.215095
13.916 0.21468
13.92 0.214263
13.924 0.213844
13.928 0.213422
13.932 0.212997
13.936 0.212571
13.94 0.212141
13.944 0.21171
13.948 0.211276
13.952 0.210841
13.956 0.210403
13.96 0.209963
13.964 0.20952
13.968 0.209076
13.972 0.20863
13.976 0.208183
13.98 0.207733
13.984 0.207282
13.988 0.206828
13.992 0.206373
13.996 0.205917
14 0.205459
14.004 0.204999
14.008 0.204538
14.012 0.204075
14.016 0.203611
14.02 0.203146
14.024 0.202679
14.028 0.202211
14.032 0.201742
14.036 0.201271
14.04 0.2008
14.044 0.200327
14.048 0.199853
14.052 0.199378
14.056 0.198903
14.06 0.198426
14.064 0.197948
14.068 0.197469
14.072 0.19699
14.076 0.19651
14.08 0.196029
14.084 0.195547
14.088 0.195065
14.092 0.194582
14.096 0.194098
14.1 0.193614
14.104 0.193129
14.108 0.192644
14.112 0.192158
14.116 0.191672
14.12 0.191185
14.124 0.190698
14.128 0.190211
14.132 0.189723
14.136 0.189235
14.14 0.188747
14.144 0.188259
14.148 0.18777
14.152 0.187282
14.156 0.186793
14.16 0.186304
14.164 0.185815
14.168 0.185326
14.172 0.184837
14.176 0.184348
14.18 0.183859
14.184 0.183371
14.188 0.182882
14.192 0.182393
14.196 0.181905
14.2 0.181417
14.204 0.180929
14.208 0.180441
14.212 0.179954
14.216 0.179467
14.22 0.17898
14.224 0.178494
14.228 0.178008
14.232 0.177522
14.236 0.177037
14.24 0.176552
14.244 0.176068
14.248 0.175584
14.252 0.1751
14.256 0.174618
14.26 0.174135
14.264 0.173654
14.268 0.173173
14.272 0.172692
14.276 0.172212
14.28 0.171733
14.284 0.171255
14.288 0.170777
14.292 0.1703
14.296 0.169824
14.3 0.169348
14.304 0.168873
14.308 0.168399
14.312 0.167926
14.316 0.167454
14.32 0.166982
14.324 0.166511
14.328 0.166041
14.332 0.165573
14.336 0.165104
14.34 0.164637
14.344 0.164171
14.348 0.163706
14.352 0.163242
14.356 0.162778
14.36 0.162316
14.364 0.161855
14.368 0.161395
14.372 0.160935
14.376 0.160477
14.38 0.16002
14.384 0.159564
14.388 0.159109
14.392 0.158655
14.396 0.158203
14.4 0.157751
14.404 0.157301
14.408 0.156851
14.412 0.156403
14.416 0.155956
14.42 0.15551
14.424 0.155066
14.428 0.154622
14.432 0.15418
14.436 0.153739
14.44 0.153299
14.444 0.152861
14.448 0.152423
14.452 0.151987
14.456 0.151552
14.46 0.151119
14.464 0.150687
14.468 0.150256
14.472 0.149826
14.476 0.149398
14.48 0.148971
14.484 0.148545
14.488 0.148121
14.492 0.147698
14.496 0.147276
14.5 0.146856
14.504 0.146437
14.508 0.146019
14.512 0.145603
14.516 0.145188
14.52 0.144774
14.524 0.144362
14.528 0.143952
14.532 0.143542
14.536 0.143134
14.54 0.142728
14.544 0.142323
14.548 0.141919
14.552 0.141517
14.556 0.141116
14.56 0.140716
14.564 0.140318
14.568 0.139922
14.572 0.139526
14.576 0.139133
14.58 0.13874
14.584 0.138349
14.588 0.13796
14.592 0.137572
14.596 0.137186
14.6 0.136801
14.604 0.136417
14.608 0.136035
14.612 0.135654
14.616 0.135275
14.62 0.134897
14.624 0.134521
14.628 0.134147
14.632 0.133773
14.636 0.133401
14.64 0.133031
14.644 0.132662
14.648 0.132295
14.652 0.131929
14.656 0.131565
14.66 0.131202
14.664 0.13084
14.668 0.13048
14.672 0.130122
14.676 0.129765
14.68 0.129409
14.684 0.129055
14.688 0.128703
14.692 0.128352
14.696 0.128002
14.7 0.127654
14.704 0.127308
14.708 0.126963
14.712 0.126619
14.716 0.126277
14.72 0.125936
14.724 0.125597
14.728 0.12526
14.732 0.124924
14.736 0.124589
14.74 0.124256
14.744 0.123924
14.748 0.123594
14.752 0.123265
14.756 0.122938
14.76 0.122612
14.764 0.122288
14.768 0.121965
14.772 0.121643
14.776 0.121324
14.78 0.121005
14.784 0.120688
14.788 0.120373
14.792 0.120059
14.796 0.119746
14.8 0.119435
14.804 0.119125
14.808 0.118817
14.812 0.118511
14.816 0.118205
14.82 0.117901
14.824 0.117599
14.828 0.117298
14.832 0.116999
14.836 0.116701
14.84 0.116404
14.844 0.116109
14.848 0.115815
14.852 0.115523
14.856 0.115232
14.86 0.114943
14.864 0.114655
14.868 0.114368
14.872 0.114083
14.876 0.113799
14.88 0.113517
14.884 0.113236
14.888 0.112957
14.892 0.112678
14.896 0.112402
14.9 0.112126
14.904 0.111853
14.908 0.11158
14.912 0.111309
14.916 0.111039
14.92 0.110771
14.924 0.110504
14.928 0.110238
14.932 0.109974
14.936 0.109711
14.94 0.10945
14.944 0.10919
14.948 0.108931
14.952 0.108674
14.956 0.108418
14.96 0.108163
14.964 0.10791
14.968 0.107658
14.972 0.107407
14.976 0.107158
14.98 0.10691
14.984 0.106664
14.988 0.106418
14.992 0.106174
14.996 0.105932
