-5 0.106507
-4.99 0.101986
-4.98 0.0973109
-4.97 0.0924968
-4.96 0.0875571
-4.95 0.0825067
-4.94 0.0773606
-4.93 0.0721344
-4.92 0.0668442
-4.91 0.0615062
-4.9 0.056137
-4.89 0.0507536
-4.88 0.0453728
-4.87 0.0400118
-4.86 0.0346877
-4.85 0.0294175
-4.84 0.0242183
-4.83 0.0191068
-4.82 0.0140996
-4.81 0.00921295
-4.8 0.00446282
-4.79 -0.000135368
-4.78 -0.00456666
-4.77 -0.00881667
-4.76 -0.0128716
-4.75 -0.0167185
-4.74 -0.020345
-4.73 -0.0237396
-4.72 -0.0268917
-4.71 -0.0297915
-4.7 -0.0324304
-4.69 -0.0348006
-4.68 -0.0368954
-4.67 -0.0387093
-4.66 -0.0402379
-4.65 -0.0414778
-4.64 -0.0424269
-4.63 -0.0430845
-4.62 -0.0434506
-4.61 -0.043527
-4.6 -0.0433165
-4.59 -0.042823
-4.58 -0.0420517
-4.57 -0.0410093
-4.56 -0.0397033
-4.55 -0.0381426
-4.54 -0.0363373
-4.53 -0.0342985
-4.52 -0.0320384
-4.51 -0.0295702
-4.5 -0.0269083
-4.49 -0.0240678
-4.48 -0.0210648
-4.47 -0.0179163
-4.46 -0.0146397
-4.45 -0.0112536
-4.44 -0.00777673
-4.43 -0.00422861
-4.42 -0.000629108
-4.41 0.00300156
-4.4 0.00664289
-4.39 0.0102742
-4.38 0.0138749
-4.37 0.0174241
-4.36 0.0209013
-4.35 0.0242861
-4.34 0.0275586
-4.33 0.0306989
-4.32 0.0336881
-4.31 0.0365076
-4.3 0.0391397
-4.29 0.0415673
-4.28 0.0437744
-4.27 0.0457458
-4.26 0.0474675
-4.25 0.0489267
-4.24 0.0501118
-4.23 0.0510123
-4.22 0.0516195
-4.21 0.0519257
-4.2 0.051925
-4.19 0.0516131
-4.18 0.0509871
-4.17 0.0500458
-4.16 0.0487898
-4.15 0.0472214
-4.14 0.0453446
-4.13 0.043165
-4.12 0.0406902
-4.11 0.0379295
-4.1 0.0348937
-4.09 0.0315956
-4.08 0.0280496
-4.07 0.0242717
-4.06 0.0202796
-4.05 0.0160925
-4.04 0.0117311
-4.03 0.00721763
-4.02 0.00257562
-4.01 -0.00217013
-4 -0.00699362
-3.99 -0.0118677
-3.98 -0.0167644
-3.97 -0.0216545
-3.96 -0.0265084
-3.95 -0.0312957
-3.94 -0.0359853
-3.93 -0.0405459
-3.92 -0.0449459
-3.91 -0.0491535
-3.9 -0.0531369
-3.89 -0.0568646
-3.88 -0.0603051
-3.87 -0.0634277
-3.86 -0.0662018
-3.85 -0.0685981
-3.84 -0.0705876
-3.83 -0.0721426
-3.82 -0.0732366
-3.81 -0.0738443
-3.8 -0.0739416
-3.79 -0.0735063
-3.78 -0.0725177
-3.77 -0.0709569
-3.76 -0.0688069
-3.75 -0.0660526
-3.74 -0.0626814
-3.73 -0.0586824
-3.72 -0.0540473
-3.71 -0.0487701
-3.7 -0.0428474
-3.69 -0.036278
-3.68 -0.0290634
-3.67 -0.0212077
-3.66 -0.0127176
-3.65 -0.00360246
-3.64 0.00612573
-3.63 0.0164524
-3.62 0.0273602
-3.61 0.0388294
-3.6 0.0508376
-3.59 0.0633597
-3.58 0.0763686
-3.57 0.0898342
-3.56 0.103725
-3.55 0.118006
-3.54 0.132641
-3.53 0.147592
-3.52 0.162818
-3.51 0.178278
-3.5 0.193928
-3.49 0.209722
-3.48 0.225615
-3.47 0.241558
-3.46 0.257504
-3.45 0.273403
-3.44 0.289206
-3.43 0.304861
-3.42 0.320319
-3.41 0.335529
-3.4 0.35044
-3.39 0.365003
-3.38 0.379167
-3.37 0.392885
-3.36 0.406109
-3.35 0.418791
-3.34 0.430887
-3.33 0.442352
-3.32 0.453145
-3.31 0.463226
-3.3 0.472556
-3.29 0.4811
-3.28 0.488824
-3.27 0.495698
-3.26 0.501692
-3.25 0.506782
-3.24 0.510945
-3.23 0.514162
-3.22 0.516416
-3.21 0.517695
-3.2 0.517989
-3.19 0.517291
-3.18 0.515599
-3.17 0.512914
-3.16 0.509239
-3.15 0.504581
-3.14 0.498953
-3.13 0.492369
-3.12 0.484846
-3.11 0.476407
-3.1 0.467075
-3.09 0.45688
-3.08 0.445851
-3.07 0.434024
-3.06 0.421435
-3.05 0.408124
-3.04 0.394135
-3.03 0.379511
-3.02 0.364302
-3.01 0.348555
-3 0.332324
-2.99 0.315661
-2.98 0.298621
-2.97 0.281261
-2.96 0.263638
-2.95 0.245812
-2.94 0.22784
-2.93 0.209783
-2.92 0.1917
-2.91 0.173652
-2.9 0.155698
-2.89 0.137896
-2.88 0.120307
-2.87 0.102986
-2.86 0.0859905
-2.85 0.0693751
-2.84 0.0531929
-2.83 0.0374951
-2.82 0.0223311
-2.81 0.00774772
-2.8 -0.00621055
-2.79 -0.0195019
-2.78 -0.0320875
-2.77 -0.0439313
-2.76 -0.0550005
-2.75 -0.0652657
-2.74 -0.0747007
-2.73 -0.0832831
-2.72 -0.0909939
-2.71 -0.0978179
-2.7 -0.103744
-2.69 -0.108764
-2.68 -0.112874
-2.67 -0.116074
-2.66 -0.11837
-2.65 -0.119767
-2.64 -0.120278
-2.63 -0.119919
-2.62 -0.118707
-2.61 -0.116668
-2.6 -0.113825
-2.59 -0.110209
-2.58 -0.105854
-2.57 -0.100794
-2.56 -0.0950691
-2.55 -0.0887212
-2.54 -0.0817946
-2.53 -0.074336
-2.52 -0.0663946
-2.51 -0.0580214
-2.5 -0.0492691
-2.49 -0.0401921
-2.48 -0.0308459
-2.47 -0.0212872
-2.46 -0.0115733
-2.45 -0.00176211
-2.44 0.00808832
-2.43 0.0179199
-2.42 0.0276748
-2.41 0.037296
-2.4 0.0467269
-2.39 0.0559123
-2.38 0.0647983
-2.37 0.0733326
-2.36 0.0814648
-2.35 0.0891466
-2.34 0.0963318
-2.33 0.102977
-2.32 0.109042
-2.31 0.114489
-2.3 0.119283
-2.29 0.123393
-2.28 0.126791
-2.27 0.129454
-2.26 0.131362
-2.25 0.132497
-2.24 0.132849
-2.23 0.132408
-2.22 0.131171
-2.21 0.129138
-2.2 0.126313
-2.19 0.122706
-2.18 0.118328
-2.17 0.113198
-2.16 0.107336
-2.15 0.100768
-2.14 0.0935231
-2.13 0.0856351
-2.12 0.0771408
-2.11 0.0680812
-2.1 0.0585003
-2.09 0.0484459
-2.08 0.0379687
-2.07 0.0271223
-2.06 0.0159632
-2.05 0.00455026
-2.04 -0.00705539
-2.03 -0.0187906
-2.02 -0.0305904
-2.01 -0.0423886
-2 -0.0541176
-1.99 -0.0657089
-1.98 -0.0770936
-1.97 -0.0882023
-1.96 -0.0989657
-1.95 -0.109315
-1.94 -0.119181
-1.93 -0.128498
-1.92 -0.137197
-1.91 -0.145216
-1.9 -0.152491
-1.89 -0.15896
-1.88 -0.164566
-1.87 -0.169253
-1.86 -0.172968
-1.85 -0.17566
-1.84 -0.177285
-1.83 -0.177799
-1.82 -0.177163
-1.81 -0.175343
-1.8 -0.172308
-1.79 -0.168032
-1.78 -0.162494
-1.77 -0.155677
-1.76 -0.147568
-1.75 -0.138161
-1.74 -0.127454
-1.73 -0.115449
-1.72 -0.102154
-1.71 -0.0875833
-1.7 -0.0717541
-1.69 -0.0546899
-1.68 -0.0364189
-1.67 -0.0169742
-1.66 0.00360609
-1.65 0.0252793
-1.64 0.0479981
-1.63 0.0717107
-1.62 0.096361
-1.61 0.121889
-1.6 0.14823
-1.59 0.175316
-1.58 0.203077
-1.57 0.231438
-1.56 0.260321
-1.55 0.289647
-1.54 0.319332
-1.53 0.349293
-1.52 0.379443
-1.51 0.409695
-1.5 0.43996
-1.49 0.470148
-1.48 0.500168
-1.47 0.529932
-1.46 0.559348
-1.45 0.588327
-1.44 0.616781
-1.43 0.644622
-1.42 0.671765
-1.41 0.698125
-1.4 0.72362
-1.39 0.748172
-1.38 0.771703
-1.37 0.79414
-1.36 0.815414
-1.35 0.835457
-1.34 0.854207
-1.33 0.871605
-1.32 0.887597
-1.31 0.902134
-1.3 0.91517
-1.29 0.926665
-1.28 0.936585
-1.27 0.944898
-1.26 0.951582
-1.25 0.956615
-1.24 0.959985
-1.23 0.961682
-1.22 0.961705
-1.21 0.960055
-1.2 0.95674
-1.19 0.951774
-1.18 0.945175
-1.17 0.936968
-1.16 0.927182
-1.15 0.915852
-1.14 0.903016
-1.13 0.888718
-1.12 0.873008
-1.11 0.855938
-1.1 0.837565
-1.09 0.817951
-1.08 0.797161
-1.07 0.775262
-1.06 0.752327
-1.05 0.72843
-1.04 0.703648
-1.03 0.678061
-1.02 0.651749
-1.01 0.624796
-1 0.597288
-0.99 0.569308
-0.98 0.540944
-0.97 0.512283
-0.96 0.483411
-0.95 0.454415
-0.94 0.425381
-0.93 0.396395
-0.92 0.36754
-0.91 0.338899
-0.9 0.310553
-0.89 0.282581
-0.88 0.255059
-0.87 0.22806
-0.86 0.201657
-0.85 0.175916
-0.84 0.150901
-0.83 0.126675
-0.82 0.103294
-0.81 0.0808107
-0.8 0.0592749
-0.79 0.0387314
-0.78 0.0192207
-0.77 0.000778681
-0.76 -0.0165631
-0.75 -0.0327778
-0.74 -0.0478433
-0.73 -0.0617422
-0.72 -0.0744617
-0.71 -0.085994
-0.7 -0.0963357
-0.69 -0.105488
-0.68 -0.113458
-0.67 -0.120254
-0.66 -0.125893
-0.65 -0.130394
-0.64 -0.133779
-0.63 -0.136076
-0.62 -0.137316
-0.61 -0.137534
-0.6 -0.136769
-0.59 -0.135061
-0.58 -0.132456
-0.57 -0.129001
-0.56 -0.124746
-0.55 -0.119743
-0.54 -0.114046
-0.53 -0.107712
-0.52 -0.100798
-0.51 -0.0933637
-0.5 -0.0854687
-0.49 -0.0771739
-0.48 -0.0685403
-0.47 -0.0596293
-0.46 -0.0505023
-0.45 -0.0412201
-0.44 -0.031843
-0.43 -0.0224305
-0.42 -0.0130408
-0.41 -0.00373073
-0.4 0.00544431
-0.39 0.0144309
-0.38 0.0231778
-0.37 0.0316357
-0.36 0.039758
-0.35 0.0475008
-0.34 0.0548227
-0.33 0.0616856
-0.32 0.0680543
-0.31 0.0738969
-0.3 0.0791847
-0.29 0.0838927
-0.28 0.087999
-0.27 0.0914856
-0.26 0.0943381
-0.25 0.0965454
-0.24 0.0981003
-0.23 0.0989993
-0.22 0.0992424
-0.21 0.098833
-0.2 0.0977784
-0.19 0.096089
-0.18 0.0937787
-0.17 0.0908648
-0.16 0.0873676
-0.15 0.0833105
-0.14 0.0787196
-0.13 0.0736241
-0.12 0.0680555
-0.11 0.0620478
-0.1 0.0556373
-0.09 0.0488622
-0.08 0.0417626
-0.07 0.0343803
-0.06 0.0267584
-0.05 0.0189415
-0.04 0.0109748
-0.03 0.00290457
-0.02 -0.00522248
-0.01 -0.0133593
0 -0.0214587
0.01 -0.0294736
0.02 -0.0373574
0.03 -0.0450638
0.04 -0.0525475
0.05 -0.059764
0.06 -0.0666701
0.07 -0.0732238
0.08 -0.079385
0.09 -0.0851149
0.1 -0.090377
0.11 -0.0951365
0.12 -0.0993612
0.13 -0.103021
0.14 -0.106088
0.15 -0.108538
0.16 -0.110349
0.17 -0.1115
0.18 -0.111976
0.19 -0.111763
0.2 -0.11085
0.21 -0.109229
0.22 -0.106897
0.23 -0.103851
0.24 -0.100094
0.25 -0.0956294
0.26 -0.0904656
0.27 -0.0846132
0.28 -0.0780855
0.29 -0.0708992
0.3 -0.0630733
0.31 -0.0546298
0.32 -0.0455931
0.33 -0.0359902
0.34 -0.0258503
0.35 -0.015205
0.36 -0.00408772
0.37 0.00746597
0.38 0.0194188
0.39 0.031732
0.4 0.0443652
0.41 0.0572769
0.42 0.0704243
0.43 0.0837641
0.44 0.0972518
0.45 0.110843
0.46 0.124491
0.47 0.138153
0.48 0.151782
0.49 0.165333
0.5 0.178761
0.51 0.192022
0.52 0.205074
0.53 0.217872
0.54 0.230377
0.55 0.242547
0.56 0.254343
0.57 0.265729
0.58 0.276668
0.59 0.287127
0.6 0.297074
0.61 0.306478
0.62 0.315312
0.63 0.323551
0.64 0.33117
0.65 0.338149
0.66 0.34447
0.67 0.350116
0.68 0.355074
0.69 0.359332
0.7 0.362883
0.71 0.365721
0.72 0.367842
0.73 0.369246
0.74 0.369935
0.75 0.369912
0.76 0.369185
0.77 0.367763
0.78 0.365657
0.79 0.362882
0.8 0.359452
0.81 0.355387
0.82 0.350706
0.83 0.345432
0.84 0.339587
0.85 0.333198
0.86 0.326291
0.87 0.318896
0.88 0.311041
0.89 0.302757
0.9 0.294076
0.91 0.285032
0.92 0.275656
0.93 0.265985
0.94 0.256051
0.95 0.245891
0.96 0.235538
0.97 0.225029
0.98 0.214398
0.99 0.203679
1 0.192908
1.01 0.182117
1.02 0.171341
1.03 0.160612
1.04 0.149961
1.05 0.139418
1.06 0.129015
1.07 0.118778
1.08 0.108736
1.09 0.0989135
1.1 0.0893354
1.11 0.0800247
1.12 0.0710025
1.13 0.0622886
1.14 0.0539012
1.15 0.0458565
1.16 0.0381694
1.17 0.0308526
1.18 0.0239173
1.19 0.0173729
1.2 0.011227
1.21 0.00548542
1.22 0.000152284
1.23 -0.00477006
1.24 -0.00928094
1.25 -0.0133814
1.26 -0.0170739
1.27 -0.0203628
1.28 -0.0232537
1.29 -0.0257538
1.3 -0.0278717
1.31 -0.0296171
1.32 -0.0310012
1.33 -0.0320363
1.34 -0.0327358
1.35 -0.0331141
1.36 -0.0331863
1.37 -0.0329687
1.38 -0.0324781
1.39 -0.031732
1.4 -0.0307484
1.41 -0.0295458
1.42 -0.0281432
1.43 -0.0265595
1.44 -0.0248142
1.45 -0.0229266
1.46 -0.0209161
1.47 -0.0188019
1.48 -0.0166032
1.49 -0.0143389
1.5 -0.0120274
1.51 -0.00968675
1.52 -0.00733462
1.53 -0.00498801
1.54 -0.00266333
1.55 -0.000376295
1.56 0.00185813
1.57 0.00402577
1.58 0.00611329
1.59 0.00810823
1.6 0.00999907
1.61 0.0117752
1.62 0.0134271
1.63 0.0149461
1.64 0.0163246
1.65 0.0175561
1.66 0.0186351
1.67 0.0195571
1.68 0.0203186
1.69 0.0209172
1.7 0.0213516
1.71 0.0216212
1.72 0.0217266
1.73 0.0216694
1.74 0.021452
1.75 0.0210776
1.76 0.0205504
1.77 0.0198754
1.78 0.0190584
1.79 0.0181057
1.8 0.0170244
1.81 0.0158224
1.82 0.0145079
1.83 0.0130898
1.84 0.0115774
1.85 0.00998027
1.86 0.00830859
1.87 0.00657268
1.88 0.00478313
1.89 0.0029507
1.9 0.00108628
1.91 -0.000799148
1.92 -0.00269462
1.93 -0.00458919
1.94 -0.00647201
1.95 -0.00833238
1.96 -0.0101598
1.97 -0.0119439
1.98 -0.0136749
1.99 -0.0153429
2 -0.0169387
2.01 -0.0184535
2.02 -0.0198786
2.03 -0.0212063
2.04 -0.0224289
2.05 -0.0235396
2.06 -0.0245318
2.07 -0.0253999
2.08 -0.0261385
2.09 -0.026743
2.1 -0.0272094
2.11 -0.0275343
2.12 -0.0277149
2.13 -0.027749
2.14 -0.0276352
2.15 -0.0273726
2.16 -0.0269609
2.17 -0.0264004
2.18 -0.0256921
2.19 -0.0248375
2.2 -0.0238388
2.21 -0.0226986
2.22 -0.0214201
2.23 -0.0200071
2.24 -0.0184636
2.25 -0.0167944
2.26 -0.0150045
2.27 -0.0130996
2.28 -0.0110853
2.29 -0.00896811
2.3 -0.0067544
2.31 -0.00445107
2.32 -0.00206521
2.33 0.00039586
2.34 0.00292463
2.35 0.00551343
2.36 0.00815446
2.37 0.0108398
2.38 0.0135616
2.39 0.0163117
2.4 0.0190823
2.41 0.0218652
2.42 0.0246527
2.43 0.0274368
2.44 0.03021
2.45 0.0329644
2.46 0.0356928
2.47 0.0383879
2.48 0.0410426
2.49 0.0436501
2.5 0.0462039
2.51 0.0486975
2.52 0.0511249
2.53 0.0534804
2.54 0.0557584
2.55 0.0579539
2.56 0.060062
2.57 0.0620781
2.58 0.0639982
2.59 0.0658182
2.6 0.0675349
2.61 0.069145
2.62 0.0706457
2.63 0.0720346
2.64 0.0733095
2.65 0.0744688
2.66 0.0755109
2.67 0.0764349
2.68 0.0772399
2.69 0.0779255
2.7 0.0784917
2.71 0.0789385
2.72 0.0792666
2.73 0.0794766
2.74 0.0795696
2.75 0.079547
2.76 0.0794103
2.77 0.0791614
2.78 0.0788023
2.79 0.0783354
2.8 0.077763
2.81 0.0770881
2.82 0.0763133
2.83 0.0754418
2.84 0.0744768
2.85 0.0734216
2.86 0.0722799
2.87 0.0710551
2.88 0.0697512
2.89 0.0683718
2.9 0.066921
2.91 0.0654027
2.92 0.0638212
2.93 0.0621805
2.94 0.0604848
2.95 0.0587383
2.96 0.0569454
2.97 0.0551104
2.98 0.0532374
2.99 0.0513309
3 0.0493951
3.01 0.0474343
3.02 0.0454527
3.03 0.0434547
3.04 0.0414443
3.05 0.0394258
3.06 0.0374032
3.07 0.0353805
3.08 0.0333618
3.09 0.0313509
3.1 0.0293517
3.11 0.027368
3.12 0.0254033
3.13 0.0234613
3.14 0.0215454
3.15 0.019659
3.16 0.0178053
3.17 0.0159876
3.18 0.0142087
3.19 0.0124717
3.2 0.0107793
3.21 0.00913413
3.22 0.00753872
3.23 0.00599544
3.24 0.00450651
3.25 0.003074
3.26 0.00169983
3.27 0.000385784
3.28 -0.000866543
3.29 -0.0020557
3.3 -0.00318041
3.31 -0.00423956
3.32 -0.0052322
3.33 -0.00615758
3.34 -0.00701508
3.35 -0.00780431
3.36 -0.00852501
3.37 -0.00917713
3.38 -0.00976078
3.39 -0.0102763
3.4 -0.010724
3.41 -0.0111048
3.42 -0.0114193
3.43 -0.0116686
3.44 -0.0118539
3.45 -0.0119765
3.46 -0.012038
3.47 -0.0120399
3.48 -0.0119842
3.49 -0.0118728
3.5 -0.0117079
3.51 -0.0114917
3.52 -0.0112267
3.53 -0.0109154
3.54 -0.0105605
3.55 -0.0101647
3.56 -0.00973095
3.57 -0.00926218
3.58 -0.00876145
3.59 -0.00823191
3.6 -0.00767674
3.61 -0.0070992
3.62 -0.00650258
3.63 -0.00589021
3.64 -0.0052654
3.65 -0.00463153
3.66 -0.00399192
3.67 -0.00334989
3.68 -0.00270874
3.69 -0.00207172
3.7 -0.00144201
3.71 -0.000822733
3.72 -0.000216939
3.73 0.000372427
3.74 0.000942518
3.75 0.00149061
3.76 0.00201409
3.77 0.00251051
3.78 0.00297755
3.79 0.00341305
3.8 0.00381502
3.81 0.00418166
3.82 0.00451133
3.83 0.0048026
3.84 0.00505422
3.85 0.00526517
3.86 0.00543461
3.87 0.00556193
3.88 0.00564674
3.89 0.00568885
3.9 0.00568829
3.91 0.00564533
3.92 0.00556043
3.93 0.00543429
3.94 0.00526782
3.95 0.00506212
3.96 0.00481851
3.97 0.00453852
3.98 0.00422386
3.99 0.00387641
4 0.00349827
4.01 0.00309166
4.02 0.00265899
4.03 0.0022028
4.04 0.00172577
4.05 0.0012307
4.06 0.000720499
4.07 0.00019818
4.08 -0.000333175
4.09 -0.000870411
4.1 -0.00141033
4.11 -0.00194968
4.12 -0.00248521
4.13 -0.00301365
4.14 -0.00353175
4.15 -0.00403628
4.16 -0.00452407
4.17 -0.00499198
4.18 -0.00543698
4.19 -0.00585611
4.2 -0.00624651
4.21 -0.00660545
4.22 -0.00693035
4.23 -0.00721874
4.24 -0.00746835
4.25 -0.00767706
4.26 -0.00784293
4.27 -0.00796424
4.28 -0.00803944
4.29 -0.00806722
4.3 -0.00804649
4.31 -0.00797637
4.32 -0.00785623
4.33 -0.00768566
4.34 -0.00746451
4.35 -0.00719287
4.36 -0.00687106
4.37 -0.00649966
4.38 -0.00607948
4.39 -0.00561158
4.4 -0.00509725
4.41 -0.00453802
4.42 -0.00393563
4.43 -0.00329206
4.44 -0.00260948
4.45 -0.00189028
4.46 -0.00113702
4.47 -0.000352455
4.48 0.0004605
4.49 0.00129877
4.5 0.00215915
4.51 0.0030383
4.52 0.00393277
4.53 0.00483902
4.54 0.00575344
4.55 0.00667233
4.56 0.00759197
4.57 0.0085086
4.58 0.00941848
4.59 0.0103178
4.6 0.0112029
4.61 0.0120701
4.62 0.0129157
4.63 0.0137362
4.64 0.0145281
4.65 0.0152882
4.66 0.0160131
4.67 0.0166998
4.68 0.0173454
4.69 0.0179472
4.7 0.0185026
4.71 0.0190091
4.72 0.0194648
4.73 0.0198676
4.74 0.0202158
4.75 0.0205079
4.76 0.0207427
4.77 0.0209192
4.78 0.0210367
4.79 0.0210947
4.8 0.0210929
4.81 0.0210315
4.82 0.0209107
4.83 0.020731
4.84 0.0204932
4.85 0.0201985
4.86 0.0198481
4.87 0.0194436
4.88 0.0189867
4.89 0.0184795
4.9 0.017924
4.91 0.0173229
4.92 0.0166785
4.93 0.0159938
4.94 0.0152717
4.95 0.0145152
4.96 0.0137276
4.97 0.0129122
4.98 0.0120725
4.99 0.011212
5 0.0103343
