0.012 0.99988
0.016 0.99984
0.02 0.9998
0.024 0.99976
0.028 0.99972
0.032 0.99968
0.036 0.99964
0.04 0.9996
0.044 0.99956
0.048 0.99952
0.052 0.99948
0.056 0.99944
0.06 0.9994
0.064 0.99936
0.068 0.99932
0.072 0.999281
0.076 0.999241
0.08 0.999201
0.084 0.999161
0.088 0.999121
0.092 0.999081
0.096 0.999041
0.1 0.999001
0.104 0.998961
0.108 0.998921
0.112 0.998881
0.116 0.998841
0.12 0.998801
0.124 0.998762
0.128 0.998722
0.132 0.998682
0.136 0.998642
0.14 0.998602
0.144 0.998562
0.148 0.998522
0.152 0.998482
0.156 0.998442
0.16 0.998403
0.164 0.998363
0.168 0.998323
0.172 0.998283
0.176 0.998243
0.18 0.998203
0.184 0.998163
0.188 0.998124
0.192 0.998084
0.196 0.998044
0.2 0.998004
0.204 0.997964
0.208 0.997924
0.212 0.997885
0.216 0.997845
0.22 0.997805
0.224 0.997765
0.228 0.997725
0.232 0.997686
0.236 0.997646
0.24 0.997606
0.244 0.997566
0.248 0.997526
0.252 0.997487
0.256 0.997447
0.26 0.997407
0.264 0.997367
0.268 0.997327
0.272 0.997288
0.276 0.997248
0.28 0.997208
0.284 0.997168
0.288 0.997129
0.292 0.997089
0.296 0.997049
0.3 0.997009
0.304 0.99697
0.308 0.99693
0.312 0.99689
0.316 0.99685
0.32 0.996811
0.324 0.996771
0.328 0.996731
0.332 0.996692
0.336 0.996652
0.34 0.996612
0.344 0.996572
0.348 0.996533
0.352 0.996493
0.356 0.996453
0.36 0.996414
0.364 0.996374
0.368 0.996334
0.372 0.996295
0.376 0.996255
0.38 0.996215
0.384 0.996176
0.388 0.996136
0.392 0.996096
0.396 0.996057
0.4 0.996017
0.404 0.995977
0.408 0.995938
0.412 0.995898
0.416 0.995858
0.42 0.995819
0.424 0.995779
0.428 0.99574
0.432 0.9957
0.436 0.99566
0.44 0.995621
0.444 0.995581
0.448 0.995542
0.452 0.995502
0.456 0.995462
0.46 0.995423
0.464 0.995383
0.468 0.995344
0.472 0.995304
0.476 0.995264
0.48 0.995225
0.484 0.995185
0.488 0.995146
0.492 0.995106
0.496 0.995067
0.5 0.995027
0.504 0.994987
0.508 0.994948
0.512 0.994908
0.516 0.994869
0.52 0.994829
0.524 0.99479
0.528 0.99475
0.532 0.994711
0.536 0.994671
0.54 0.994632
0.544 0.994592
0.548 0.994553
0.552 0.994513
0.556 0.994474
0.56 0.994434
0.564 0.994395
0.568 0.994355
0.572 0.994316
0.576 0.994276
0.58 0.994237
0.584 0.994197
0.588 0.994158
0.592 0.994118
0.596 0.994079
0.6 0.994039
0.604 0.994
0.608 0.993961
0.612 0.993921
0.616 0.993882
0.62 0.993842
0.624 0.993803
0.628 0.993763
0.632 0.993724
0.636 0.993685
0.64 0.993645
0.644 0.993606
0.648 0.993566
0.652 0.993527
0.656 0.993488
0.66 0.993448
0.664 0.993409
0.668 0.993369
0.672 0.99333
0.676 0.993291
0.68 0.993251
0.684 0.993212
0.688 0.993173
0.692 0.993133
0.696 0.993094
0.7 0.993055
0.704 0.993015
0.708 0.992976
0.712 0.992936
0.716 0.992897
0.72 0.992858
0.724 0.992819
0.728 0.992779
0.732 0.99274
0.736 0.992701
0.74 0.992661
0.744 0.992622
0.748 0.992583
0.752 0.992543
0.756 0.992504
0.76 0.992465
0.764 0.992426
0.768 0.992386
0.772 0.992347
0.776 0.992308
0.78 0.992268
0.784 0.992229
0.788 0.99219
0.792 0.992151
0.796 0.992111
0.8 0.992072
0.804 0.992033
0.808 0.991994
0.812 0.991955
0.816 0.991915
0.82 0.991876
0.824 0.991837
0.828 0.991798
0.832 0.991758
0.836 0.991719
0.84 0.99168
0.844 0.991641
0.848 0.991602
0.852 0.991562
0.856 0.991523
0.86 0.991484
0.864 0.991445
0.868 0.991406
0.872 0.991367
0.876 0.991328
0.88 0.991288
0.884 0.991249
0.888 0.99121
0.892 0.991171
0.896 0.991132
0.9 0.991093
0.904 0.991054
0.908 0.991014
0.912 0.990975
0.916 0.990936
0.92 0.990897
0.924 0.990858
0.928 0.990819
0.932 0.99078
0.936 0.990741
0.94 0.990702
0.944 0.990663
0.948 0.990624
0.952 0.990584
0.956 0.990545
0.96 0.990506
0.964 0.990467
0.968 0.990428
0.972 0.990389
0.976 0.99035
0.98 0.990311
0.984 0.990272
0.988 0.990233
0.992 0.990194
0.996 0.990155
1 0.990116
1.004 0.990077
1.008 0.990038
1.012 0.989999
1.016 0.98996
1.02 0.989921
1.024 0.989882
1.028 0.989843
1.032 0.989804
1.036 0.989765
1.04 0.989726
1.044 0.989687
1.048 0.989648
1.052 0.989609
1.056 0.98957
1.06 0.989531
1.064 0.989492
1.068 0.989454
1.072 0.989415
1.076 0.989376
1.08 0.989337
1.084 0.989298
1.088 0.989259
1.092 0.98922
1.096 0.989181
1.1 0.989142
1.104 0.989103
1.108 0.989064
1.112 0.989026
1.116 0.988987
1.12 0.988948
1.124 0.988909
1.128 0.98887
1.132 0.988831
1.136 0.988792
1.14 0.988754
1.144 0.988715
1.148 0.988676
1.152 0.988637
1.156 0.988598
1.16 0.988559
1.164 0.988521
1.168 0.988482
1.172 0.988443
1.176 0.988404
1.18 0.988365
1.184 0.988327
1.188 0.988288
1.192 0.988249
1.196 0.98821
1.2 0.988172
1.204 0.988133
1.208 0.988094
1.212 0.988055
1.216 0.988017
1.22 0.987978
1.224 0.987939
1.228 0.9879
1.232 0.987862
1.236 0.987823
1.24 0.987784
1.244 0.987745
1.248 0.987707
1.252 0.987668
1.256 0.987629
1.26 0.987591
1.264 0.987552
1.268 0.987513
1.272 0.987475
1.276 0.987436
1.28 0.987397
1.284 0.987359
1.288 0.98732
1.292 0.987281
1.296 0.987243
1.3 0.987204
1.304 0.987165
1.308 0.987127
1.312 0.987088
1.316 0.98705
1.32 0.987011
1.324 0.986972
1.328 0.986934
1.332 0.986895
1.336 0.986856
1.34 0.986818
1.344 0.986779
1.348 0.986741
1.352 0.986702
1.356 0.986664
1.36 0.986625
1.364 0.986586
1.368 0.986548
1.372 0.986509
1.376 0.986471
1.38 0.986432
1.384 0.986394
1.388 0.986355
1.392 0.986317
1.396 0.986278
1.4 0.98624
1.404 0.986201
1.408 0.986163
1.412 0.986124
1.416 0.986086
1.42 0.986047
1.424 0.986009
1.428 0.98597
1.432 0.985932
1.436 0.985893
1.44 0.985855
1.444 0.985816
1.448 0.985778
1.452 0.98574
1.456 0.985701
1.46 0.985663
1.464 0.985624
1.468 0.985586
1.472 0.985547
1.476 0.985509
1.48 0.985471
1.484 0.985432
1.488 0.985394
1.492 0.985355
1.496 0.985317
1.5 0.985279
1.504 0.98524
1.508 0.985202
1.512 0.985164
1.516 0.985125
1.52 0.985087
1.524 0.985049
1.528 0.98501
1.532 0.984972
1.536 0.984934
1.54 0.984895
1.544 0.984857
1.548 0.984819
1.552 0.98478
1.556 0.984742
1.56 0.984704
1.564 0.984665
1.568 0.984627
1.572 0.984589
1.576 0.984551
1.58 0.984512
1.584 0.984474
1.588 0.984436
1.592 0.984398
1.596 0.984359
1.6 0.984321
1.604 0.984283
1.608 0.984245
1.612 0.984206
1.616 0.984168
1.62 0.98413
1.624 0.984092
1.628 0.984054
1.632 0.984015
1.636 0.983977
1.64 0.983939
1.644 0.983901
1.648 0.983863
1.652 0.983824
1.656 0.983786
1.66 0.983748
1.664 0.98371
1.668 0.983672
1.672 0.983634
1.676 0.983596
1.68 0.983557
1.684 0.983519
1.688 0.983481
1.692 0.983443
1.696 0.983405
1.7 0.983367
1.704 0.983329
1.708 0.983291
1.712 0.983253
1.716 0.983215
1.72 0.983177
1.724 0.983138
1.728 0.9831
1.732 0.983062
1.736 0.983024
1.74 0.982986
1.744 0.982948
1.748 0.98291
1.752 0.982872
1.756 0.982834
1.76 0.982796
1.764 0.982758
1.768 0.98272
1.772 0.982682
1.776 0.982644
1.78 0.982606
1.784 0.982568
1.788 0.98253
1.792 0.982492
1.796 0.982454
1.8 0.982416
1.804 0.982378
1.808 0.982341
1.812 0.982303
1.816 0.982265
1.82 0.982227
1.824 0.982189
1.828 0.982151
1.832 0.982113
1.836 0.982075
1.84 0.982037
1.844 0.981999
1.848 0.981961
1.852 0.981924
1.856 0.981886
1.86 0.981848
1.864 0.98181
1.868 0.981772
1.872 0.981734
1.876 0.981696
1.88 0.981659
1.884 0.981621
1.888 0.981583
1.892 0.981545
1.896 0.981507
1.9 0.98147
1.904 0.981432
1.908 0.981394
1.912 0.981356
1.916 0.981318
1.92 0.981281
1.924 0.981243
1.928 0.981205
1.932 0.981167
1.936 0.98113
1.94 0.981092
1.944 0.981054
1.948 0.981016
1.952 0.980979
1.956 0.980941
1.96 0.980903
1.964 0.980866
1.968 0.980828
1.972 0.98079
1.976 0.980752
1.98 0.980715
1.984 0.980677
1.988 0.980639
1.992 0.980602
1.996 0.980564
2 0.980526
2.004 0.980489
2.008 0.980451
2.012 0.980414
2.016 0.980376
2.02 0.980338
2.024 0.980301
2.028 0.980263
2.032 0.980225
2.036 0.980188
2.04 0.98015
2.044 0.980113
2.048 0.980075
2.052 0.980038
2.056 0.98
2.06 0.979962
2.064 0.979925
2.068 0.979887
2.072 0.97985
2.076 0.979812
2.08 0.979775
2.084 0.979737
2.088 0.9797
2.092 0.979662
2.096 0.979625
2.1 0.979587
2.104 0.97955
2.108 0.979512
2.112 0.979475
2.116 0.979437
2.12 0.9794
2.124 0.979362
2.128 0.979325
2.132 0.979287
2.136 0.97925
2.14 0.979213
2.144 0.979175
2.148 0.979138
2.152 0.9791
2.156 0.979063
2.16 0.979026
2.164 0.978988
2.168 0.978951
2.172 0.978913
2.176 0.978876
2.18 0.978839
2.184 0.978801
2.188 0.978764
2.192 0.978727
2.196 0.978689
2.2 0.978652
2.204 0.978615
2.208 0.978577
2.212 0.97854
2.216 0.978503
2.22 0.978465
2.224 0.978428
2.228 0.978391
2.232 0.978353
2.236 0.978316
2.24 0.978279
2.244 0.978242
2.248 0.978204
2.252 0.978167
2.256 0.97813
2.26 0.978093
2.264 0.978055
2.268 0.978018
2.272 0.977981
2.276 0.977944
2.28 0.977907
2.284 0.977869
2.288 0.977832
2.292 0.977795
2.296 0.977758
2.3 0.977721
2.304 0.977683
2.308 0.977646
2.312 0.977609
2.316 0.977572
2.32 0.977535
2.324 0.977498
2.328 0.977461
2.332 0.977423
2.336 0.977386
2.34 0.977349
2.344 0.977312
2.348 0.977275
2.352 0.977238
2.356 0.977201
2.36 0.977164
2.364 0.977127
2.368 0.97709
2.372 0.977053
2.376 0.977016
2.38 0.976979
2.384 0.976942
2.388 0.976904
2.392 0.976867
2.396 0.97683
2.4 0.976793
2.404 0.976756
2.408 0.976719
2.412 0.976682
2.416 0.976645
2.42 0.976608
2.424 0.976572
2.428 0.976535
2.432 0.976498
2.436 0.976461
2.44 0.976424
2.444 0.976387
2.448 0.97635
2.452 0.976313
2.456 0.976276
2.46 0.976239
2.464 0.976202
2.468 0.976165
2.472 0.976128
2.476 0.976092
2.48 0.976055
2.484 0.976018
2.488 0.975981
2.492 0.975944
2.496 0.975907
2.5 0.97587
2.504 0.975834
2.508 0.975797
2.512 0.97576
2.516 0.975723
2.52 0.975686
2.524 0.97565
2.528 0.975613
2.532 0.975576
2.536 0.975539
2.54 0.975502
2.544 0.975466
2.548 0.975429
2.552 0.975392
2.556 0.975355
2.56 0.975319
2.564 0.975282
2.568 0.975245
2.572 0.975209
2.576 0.975172
2.58 0.975135
2.584 0.975098
2.588 0.975062
2.592 0.975025
2.596 0.974988
2.6 0.974952
2.604 0.974915
2.608 0.974878
2.612 0.974842
2.616 0.974805
2.62 0.974769
2.624 0.974732
2.628 0.974695
2.632 0.974659
2.636 0.974622
2.64 0.974585
2.644 0.974549
2.648 0.974512
2.652 0.974476
2.656 0.974439
2.66 0.974403
2.664 0.974366
2.668 0.97433
2.672 0.974293
2.676 0.974256
2.68 0.97422
2.684 0.974183
2.688 0.974147
2.692 0.97411
2.696 0.974074
2.7 0.974037
2.704 0.974001
2.708 0.973964
2.712 0.973928
2.716 0.973892
2.72 0.973855
2.724 0.973819
2.728 0.973782
2.732 0.973746
2.736 0.973709
2.74 0.973673
2.744 0.973636
2.748 0.9736
2.752 0.973564
2.756 0.973527
2.76 0.973491
2.764 0.973455
2.768 0.973418
2.772 0.973382
2.776 0.973345
2.78 0.973309
2.784 0.973273
2.788 0.973236
2.792 0.9732
2.796 0.973164
2.8 0.973127
2.804 0.973091
2.808 0.973055
2.812 0.973019
2.816 0.972982
2.82 0.972946
2.824 0.97291
2.828 0.972874
2.832 0.972837
2.836 0.972801
2.84 0.972765
2.844 0.972729
2.848 0.972692
2.852 0.972656
2.856 0.97262
2.86 0.972584
2.864 0.972548
2.868 0.972511
2.872 0.972475
2.876 0.972439
2.88 0.972403
2.884 0.972367
2.888 0.972331
2.892 0.972294
2.896 0.972258
2.9 0.972222
2.904 0.972186
2.908 0.97215
2.912 0.972114
2.916 0.972078
2.92 0.972042
2.924 0.972006
2.928 0.971969
2.932 0.971933
2.936 0.971897
2.94 0.971861
2.944 0.971825
2.948 0.971789
2.952 0.971753
2.956 0.971717
2.96 0.971681
2.964 0.971645
2.968 0.971609
2.972 0.971573
2.976 0.971537
2.98 0.971501
2.984 0.971465
2.988 0.971429
2.992 0.971393
2.996 0.971357
3 0.971321
3.004 0.971285
3.008 0.97125
3.012 0.971214
3.016 0.971178
3.02 0.971142
3.024 0.971106
3.028 0.97107
3.032 0.971034
3.036 0.970998
3.04 0.970962
3.044 0.970927
3.048 0.970891
3.052 0.970855
3.056 0.970819
3.06 0.970783
3.064 0.970747
3.068 0.970712
3.072 0.970676
3.076 0.97064
3.08 0.970604
3.084 0.970568
3.088 0.970533
3.092 0.970497
3.096 0.970461
3.1 0.970425
3.104 0.97039
3.108 0.970354
3.112 0.970318
3.116 0.970282
3.12 0.970247
3.124 0.970211
3.128 0.970175
3.132 0.97014
3.136 0.970104
3.14 0.970068
3.144 0.970033
3.148 0.969997
3.152 0.969961
3.156 0.969926
3.16 0.96989
3.164 0.969854
3.168 0.969819
3.172 0.969783
3.176 0.969747
3.18 0.969712
3.184 0.969676
3.188 0.969641
3.192 0.969605
3.196 0.96957
3.2 0.969534
3.204 0.969498
3.208 0.969463
3.212 0.969427
3.216 0.969392
3.22 0.969356
3.224 0.969321
3.228 0.969285
3.232 0.96925
3.236 0.969214
3.24 0.969179
3.244 0.969143
3.248 0.969108
3.252 0.969072
3.256 0.969037
3.26 0.969002
3.264 0.968966
3.268 0.968931
3.272 0.968895
3.276 0.96886
3.28 0.968824
3.284 0.968789
3.288 0.968754
3.292 0.968718
3.296 0.968683
3.3 0.968648
3.304 0.968612
3.308 0.968577
3.312 0.968542
3.316 0.968506
3.32 0.968471
3.324 0.968436
3.328 0.9684
3.332 0.968365
3.336 0.96833
3.34 0.968294
3.344 0.968259
3.348 0.968224
3.352 0.968189
3.356 0.968153
3.36 0.968118
3.364 0.968083
3.368 0.968048
3.372 0.968012
3.376 0.967977
3.38 0.967942
3.384 0.967907
3.388 0.967872
3.392 0.967836
3.396 0.967801
3.4 0.967766
3.404 0.967731
3.408 0.967696
3.412 0.967661
3.416 0.967626
3.42 0.96759
3.424 0.967555
3.428 0.96752
3.432 0.967485
3.436 0.96745
3.44 0.967415
3.444 0.96738
3.448 0.967345
3.452 0.96731
3.456 0.967275
3.46 0.96724
3.464 0.967205
3.468 0.96717
3.472 0.967135
3.476 0.967099
3.48 0.967064
3.484 0.967029
3.488 0.966995
3.492 0.96696
3.496 0.966925
3.5 0.96689
3.504 0.966855
3.508 0.96682
3.512 0.966785
3.516 0.96675
3.52 0.966715
3.524 0.96668
3.528 0.966645
3.532 0.96661
3.536 0.966575
3.54 0.96654
3.544 0.966506
3.548 0.966471
3.552 0.966436
3.556 0.966401
3.56 0.966366
3.564 0.966331
3.568 0.966296
3.572 0.966262
3.576 0.966227
3.58 0.966192
3.584 0.966157
3.588 0.966123
3.592 0.966088
3.596 0.966053
3.6 0.966018
3.604 0.965983
3.608 0.965949
3.612 0.965914
3.616 0.965879
3.62 0.965845
3.624 0.96581
3.628 0.965775
3.632 0.96574
3.636 0.965706
3.64 0.965671
3.644 0.965636
3.648 0.965602
3.652 0.965567
3.656 0.965532
3.66 0.965498
3.664 0.965463
3.668 0.965429
3.672 0.965394
3.676 0.965359
3.68 0.965325
3.684 0.96529
3.688 0.965256
3.692 0.965221
3.696 0.965187
3.7 0.965152
3.704 0.965117
3.708 0.965083
3.712 0.965048
3.716 0.965014
3.72 0.964979
3.724 0.964945
3.728 0.96491
3.732 0.964876
3.736 0.964841
3.74 0.964807
3.744 0.964773
3.748 0.964738
3.752 0.964704
3.756 0.964669
3.76 0.964635
3.764 0.9646
3.768 0.964566
3.772 0.964532
3.776 0.964497
3.78 0.964463
3.784 0.964428
3.788 0.964394
3.792 0.96436
3.796 0.964325
3.8 0.964291
3.804 0.964257
3.808 0.964222
3.812 0.964188
3.816 0.964154
3.82 0.964119
3.824 0.964085
3.828 0.964051
3.832 0.964017
3.836 0.963982
3.84 0.963948
3.844 0.963914
3.848 0.96388
3.852 0.963845
3.856 0.963811
3.86 0.963777
3.864 0.963743
3.868 0.963709
3.872 0.963674
3.876 0.96364
3.88 0.963606
3.884 0.963572
3.888 0.963538
3.892 0.963504
3.896 0.963469
3.9 0.963435
3.904 0.963401
3.908 0.963367
3.912 0.963333
3.916 0.963299
3.92 0.963265
3.924 0.963231
3.928 0.963197
3.932 0.963163
3.936 0.963129
3.94 0.963095
3.944 0.963061
3.948 0.963027
3.952 0.962993
3.956 0.962959
3.96 0.962925
3.964 0.962891
3.968 0.962857
3.972 0.962823
3.976 0.962789
3.98 0.962755
3.984 0.962721
3.988 0.962687
3.992 0.962653
3.996 0.962619
4 0.962585
4.004 0.962551
4.008 0.962517
4.012 0.962483
4.016 0.96245
4.02 0.962416
4.024 0.962382
4.028 0.962348
4.032 0.962314
4.036 0.96228
4.04 0.962247
4.044 0.962213
4.048 0.962179
4.052 0.962145
4.056 0.962111
4.06 0.962078
4.064 0.962044
4.068 0.96201
4.072 0.961976
4.076 0.961943
4.08 0.961909
4.084 0.961875
4.088 0.961841
4.092 0.961808
4.096 0.961774
4.1 0.96174
4.104 0.961707
4.108 0.961673
4.112 0.961639
4.116 0.961606
4.12 0.961572
4.124 0.961538
4.128 0.961505
4.132 0.961471
4.136 0.961438
4.14 0.961404
4.144 0.96137
4.148 0.961337
4.152 0.961303
4.156 0.96127
4.16 0.961236
4.164 0.961203
4.168 0.961169
4.172 0.961136
4.176 0.961102
4.18 0.961068
4.184 0.961035
4.188 0.961001
4.192 0.960968
4.196 0.960935
4.2 0.960901
4.204 0.960868
4.208 0.960834
4.212 0.960801
4.216 0.960767
4.22 0.960734
4.224 0.960701
4.228 0.960667
4.232 0.960634
4.236 0.9606
4.24 0.960567
4.244 0.960534
4.248 0.9605
4.252 0.960467
4.256 0.960434
4.26 0.9604
4.264 0.960367
4.268 0.960334
4.272 0.9603
4.276 0.960267
4.28 0.960234
4.284 0.9602
4.288 0.960167
4.292 0.960134
4.296 0.960101
4.3 0.960067
4.304 0.960034
4.308 0.960001
4.312 0.959968
4.316 0.959935
4.32 0.959901
4.324 0.959868
4.328 0.959835
4.332 0.959802
4.336 0.959769
4.34 0.959736
4.344 0.959702
4.348 0.959669
4.352 0.959636
4.356 0.959603
4.36 0.95957
4.364 0.959537
4.368 0.959504
4.372 0.959471
4.376 0.959438
4.38 0.959405
4.384 0.959372
4.388 0.959339
4.392 0.959306
4.396 0.959273
4.4 0.95924
4.404 0.959207
4.408 0.959174
4.412 0.959141
4.416 0.959108
4.42 0.959075
4.424 0.959042
4.428 0.959009
4.432 0.958976
4.436 0.958943
4.44 0.95891
4.444 0.958877
4.448 0.958844
4.452 0.958811
4.456 0.958778
4.46 0.958746
4.464 0.958713
4.468 0.95868
4.472 0.958647
4.476 0.958614
4.48 0.958581
4.484 0.958549
4.488 0.958516
4.492 0.958483
4.496 0.95845
4.5 0.958417
4.504 0.958385
4.508 0.958352
4.512 0.958319
4.516 0.958286
4.52 0.958254
4.524 0.958221
4.528 0.958188
4.532 0.958156
4.536 0.958123
4.54 0.95809
4.544 0.958058
4.548 0.958025
4.552 0.957992
4.556 0.95796
4.56 0.957927
4.564 0.957894
4.568 0.957862
4.572 0.957829
4.576 0.957796
4.58 0.957764
4.584 0.957731
4.588 0.957699
4.592 0.957666
4.596 0.957634
4.6 0.957601
4.604 0.957569
4.608 0.957536
4.612 0.957504
4.616 0.957471
4.62 0.957439
4.624 0.957406
4.628 0.957374
4.632 0.957341
4.636 0.957309
4.64 0.957276
4.644 0.957244
4.648 0.957211
4.652 0.957179
4.656 0.957147
4.66 0.957114
4.664 0.957082
4.668 0.957049
4.672 0.957017
4.676 0.956985
4.68 0.956952
4.684 0.95692
4.688 0.956888
4.692 0.956855
4.696 0.956823
4.7 0.956791
4.704 0.956758
4.708 0.956726
4.712 0.956694
4.716 0.956662
4.72 0.956629
4.724 0.956597
4.728 0.956565
4.732 0.956533
4.736 0.9565
4.74 0.956468
4.744 0.956436
4.748 0.956404
4.752 0.956372
4.756 0.956339
4.76 0.956307
4.764 0.956275
4.768 0.956243
4.772 0.956211
4.776 0.956179
4.78 0.956147
4.784 0.956115
4.788 0.956082
4.792 0.95605
4.796 0.956018
4.8 0.955986
4.804 0.955954
4.808 0.955922
4.812 0.95589
4.816 0.955858
4.82 0.955826
4.824 0.955794
4.828 0.955762
4.832 0.95573
4.836 0.955698
4.84 0.955666
4.844 0.955634
4.848 0.955602
4.852 0.95557
4.856 0.955538
4.86 0.955507
4.864 0.955475
4.868 0.955443
4.872 0.955411
4.876 0.955379
4.88 0.955347
4.884 0.955315
4.888 0.955283
4.892 0.955252
4.896 0.95522
4.9 0.955188
4.904 0.955156
4.908 0.955124
4.912 0.955092
4.916 0.955061
4.92 0.955029
4.924 0.954997
4.928 0.954965
4.932 0.954934
4.936 0.954902
4.94 0.95487
4.944 0.954839
4.948 0.954807
4.952 0.954775
4.956 0.954743
4.96 0.954712
4.964 0.95468
4.968 0.954648
4.972 0.954617
4.976 0.954585
4.98 0.954554
4.984 0.954522
4.988 0.95449
4.992 0.954459
4.996 0.954427
5 0.954396
5.004 0.954364
5.008 0.954333
5.012 0.954301
5.016 0.954269
5.02 0.954238
5.024 0.954206
5.028 0.954175
5.032 0.954143
5.036 0.954112
5.04 0.95408
5.044 0.954049
5.048 0.954018
5.052 0.953986
5.056 0.953955
5.06 0.953923
5.064 0.953892
5.068 0.95386
5.072 0.953829
5.076 0.953798
5.08 0.953766
5.084 0.953735
5.088 0.953704
5.092 0.953672
5.096 0.953641
5.1 0.95361
5.104 0.953578
5.108 0.953547
5.112 0.953516
5.116 0.953484
5.12 0.953453
5.124 0.953422
5.128 0.953391
5.132 0.953359
5.136 0.953328
5.14 0.953297
5.144 0.953266
5.148 0.953234
5.152 0.953203
5.156 0.953172
5.16 0.953141
5.164 0.95311
5.168 0.953079
5.172 0.953047
5.176 0.953016
5.18 0.952985
5.184 0.952954
5.188 0.952923
5.192 0.952892
5.196 0.952861
5.2 0.95283
5.204 0.952799
5.208 0.952768
5.212 0.952737
5.216 0.952706
5.22 0.952675
5.224 0.952644
5.228 0.952613
5.232 0.952582
5.236 0.952551
5.24 0.95252
5.244 0.952489
5.248 0.952458
5.252 0.952427
5.256 0.952396
5.26 0.952365
5.264 0.952334
5.268 0.952303
5.272 0.952272
5.276 0.952241
5.28 0.95221
5.284 0.95218
5.288 0.952149
5.292 0.952118
5.296 0.952087
5.3 0.952056
5.304 0.952025
5.308 0.951995
5.312 0.951964
5.316 0.951933
5.32 0.951902
5.324 0.951872
5.328 0.951841
5.332 0.95181
5.336 0.951779
5.34 0.951749
5.344 0.951718
5.348 0.951687
5.352 0.951657
5.356 0.951626
5.36 0.951595
5.364 0.951565
5.368 0.951534
5.372 0.951503
5.376 0.951473
5.38 0.951442
5.384 0.951411
5.388 0.951381
5.392 0.95135
5.396 0.95132
5.4 0.951289
5.404 0.951259
5.408 0.951228
5.412 0.951197
5.416 0.951167
5.42 0.951136
5.424 0.951106
5.428 0.951075
5.432 0.951045
5.436 0.951015
5.44 0.950984
5.444 0.950954
5.448 0.950923
5.452 0.950893
5.456 0.950862
5.46 0.950832
5.464 0.950802
5.468 0.950771
5.472 0.950741
5.476 0.95071
5.48 0.95068
5.484 0.95065
5.488 0.950619
5.492 0.950589
5.496 0.950559
5.5 0.950528
5.504 0.950498
5.508 0.950468
5.512 0.950438
5.516 0.950407
5.52 0.950377
5.524 0.950347
5.528 0.950317
5.532 0.950286
5.536 0.950256
5.54 0.950226
5.544 0.950196
5.548 0.950166
5.552 0.950135
5.556 0.950105
5.56 0.950075
5.564 0.950045
5.568 0.950015
5.572 0.949985
5.576 0.949955
5.58 0.949925
5.584 0.949894
5.588 0.949864
5.592 0.949834
5.596 0.949804
5.6 0.949774
5.604 0.949744
5.608 0.949714
5.612 0.949684
5.616 0.949654
5.62 0.949624
5.624 0.949594
5.628 0.949564
5.632 0.949534
5.636 0.949504
5.64 0.949474
5.644 0.949445
5.648 0.949415
5.652 0.949385
5.656 0.949355
5.66 0.949325
5.664 0.949295
5.668 0.949265
5.672 0.949235
5.676 0.949205
5.68 0.949176
5.684 0.949146
5.688 0.949116
5.692 0.949086
5.696 0.949056
5.7 0.949027
5.704 0.948997
5.708 0.948967
5.712 0.948937
5.716 0.948908
5.72 0.948878
5.724 0.948848
5.728 0.948819
5.732 0.948789
5.736 0.948759
5.74 0.948729
5.744 0.9487
5.748 0.94867
5.752 0.948641
5.756 0.948611
5.76 0.948581
5.764 0.948552
5.768 0.948522
5.772 0.948493
5.776 0.948463
5.78 0.948433
5.784 0.948404
5.788 0.948374
5.792 0.948345
5.796 0.948315
5.8 0.948286
5.804 0.948256
5.808 0.948227
5.812 0.948197
5.816 0.948168
5.82 0.948138
5.824 0.948109
5.828 0.948079
5.832 0.94805
5.836 0.948021
5.84 0.947991
5.844 0.947962
5.848 0.947932
5.852 0.947903
5.856 0.947874
5.86 0.947844
5.864 0.947815
5.868 0.947786
5.872 0.947756
5.876 0.947727
5.88 0.947698
5.884 0.947668
5.888 0.947639
5.892 0.94761
5.896 0.947581
5.9 0.947551
5.904 0.947522
5.908 0.947493
5.912 0.947464
5.916 0.947435
5.92 0.947405
5.924 0.947376
5.928 0.947347
5.932 0.947318
5.936 0.947289
5.94 0.94726
5.944 0.947231
5.948 0.947201
5.952 0.947172
5.956 0.947143
5.96 0.947114
5.964 0.947085
5.968 0.947056
5.972 0.947027
5.976 0.946998
5.98 0.946969
5.984 0.94694
5.988 0.946911
5.992 0.946882
5.996 0.946853
6 0.946824
6.004 0.946795
6.008 0.946766
6.012 0.946737
6.016 0.946708
6.02 0.946679
6.024 0.94665
6.028 0.946621
6.032 0.946593
6.036 0.946564
6.04 0.946535
6.044 0.946506
6.048 0.946477
6.052 0.946448
6.056 0.94642
6.06 0.946391
6.064 0.946362
6.068 0.946333
6.072 0.946304
6.076 0.946276
6.08 0.946247
6.084 0.946218
6.088 0.946189
6.092 0.946161
6.096 0.946132
6.1 0.946103
6.104 0.946075
6.108 0.946046
6.112 0.946017
6.116 0.945989
6.12 0.94596
6.124 0.945931
6.128 0.945903
6.132 0.945874
6.136 0.945846
6.14 0.945817
6.144 0.945788
6.148 0.94576
6.152 0.945731
6.156 0.945703
6.16 0.945674
6.164 0.945646
6.168 0.945617
6.172 0.945589
6.176 0.94556
6.18 0.945532
6.184 0.945503
6.188 0.945475
6.192 0.945446
6.196 0.945418
6.2 0.945389
6.204 0.945361
6.208 0.945333
6.212 0.945304
6.216 0.945276
6.22 0.945248
6.224 0.945219
6.228 0.945191
6.232 0.945163
6.236 0.945134
6.24 0.945106
6.244 0.945078
6.248 0.945049
6.252 0.945021
6.256 0.944993
6.26 0.944965
6.264 0.944936
6.268 0.944908
6.272 0.94488
6.276 0.944852
6.28 0.944823
6.284 0.944795
6.288 0.944767
6.292 0.944739
6.296 0.944711
6.3 0.944683
6.304 0.944655
6.308 0.944626
6.312 0.944598
6.316 0.94457
6.32 0.944542
6.324 0.944514
6.328 0.944486
6.332 0.944458
6.336 0.94443
6.34 0.944402
6.344 0.944374
6.348 0.944346
6.352 0.944318
6.356 0.94429
6.36 0.944262
6.364 0.944234
6.368 0.944206
6.372 0.944178
6.376 0.94415
6.38 0.944122
6.384 0.944094
6.388 0.944066
6.392 0.944038
6.396 0.944011
6.4 0.943983
6.404 0.943955
6.408 0.943927
6.412 0.943899
6.416 0.943871
6.42 0.943844
6.424 0.943816
6.428 0.943788
6.432 0.94376
6.436 0.943733
6.44 0.943705
6.444 0.943677
6.448 0.943649
6.452 0.943622
6.456 0.943594
6.46 0.943566
6.464 0.943539
6.468 0.943511
6.472 0.943483
6.476 0.943456
6.48 0.943428
6.484 0.9434
6.488 0.943373
6.492 0.943345
6.496 0.943318
6.5 0.94329
6.504 0.943262
6.508 0.943235
6.512 0.943207
6.516 0.94318
6.52 0.943152
6.524 0.943125
6.528 0.943097
6.532 0.94307
6.536 0.943042
6.54 0.943015
6.544 0.942987
6.548 0.94296
6.552 0.942932
6.556 0.942905
6.56 0.942878
6.564 0.94285
6.568 0.942823
6.572 0.942796
6.576 0.942768
6.58 0.942741
6.584 0.942713
6.588 0.942686
6.592 0.942659
6.596 0.942632
6.6 0.942604
6.604 0.942577
6.608 0.94255
6.612 0.942522
6.616 0.942495
6.62 0.942468
6.624 0.942441
6.628 0.942414
6.632 0.942386
6.636 0.942359
6.64 0.942332
6.644 0.942305
6.648 0.942278
6.652 0.94225
6.656 0.942223
6.66 0.942196
6.664 0.942169
6.668 0.942142
6.672 0.942115
6.676 0.942088
6.68 0.942061
6.684 0.942034
6.688 0.942007
6.692 0.94198
6.696 0.941953
6.7 0.941926
6.704 0.941899
6.708 0.941872
6.712 0.941845
6.716 0.941818
6.72 0.941791
6.724 0.941764
6.728 0.941737
6.732 0.94171
6.736 0.941683
6.74 0.941656
6.744 0.941629
6.748 0.941603
6.752 0.941576
6.756 0.941549
6.76 0.941522
6.764 0.941495
6.768 0.941468
6.772 0.941442
6.776 0.941415
6.78 0.941388
6.784 0.941361
6.788 0.941335
6.792 0.941308
6.796 0.941281
6.8 0.941254
6.804 0.941228
6.808 0.941201
6.812 0.941174
6.816 0.941148
6.82 0.941121
6.824 0.941094
6.828 0.941068
6.832 0.941041
6.836 0.941014
6.84 0.940988
6.844 0.940961
6.848 0.940935
6.852 0.940908
6.856 0.940882
6.86 0.940855
6.864 0.940829
6.868 0.940802
6.872 0.940775
6.876 0.940749
6.88 0.940723
6.884 0.940696
6.888 0.94067
6.892 0.940643
6.896 0.940617
6.9 0.94059
6.904 0.940564
6.908 0.940537
6.912 0.940511
6.916 0.940485
6.92 0.940458
6.924 0.940432
6.928 0.940406
6.932 0.940379
6.936 0.940353
6.94 0.940327
6.944 0.9403
6.948 0.940274
6.952 0.940248
6.956 0.940222
6.96 0.940195
6.964 0.940169
6.968 0.940143
6.972 0.940117
6.976 0.94009
6.98 0.940064
6.984 0.940038
6.988 0.940012
6.992 0.939986
6.996 0.93996
7 0.939934
7.004 0.939907
7.008 0.939881
7.012 0.939855
7.016 0.939829
7.02 0.939803
7.024 0.939777
7.028 0.939751
7.032 0.939725
7.036 0.939699
7.04 0.939673
7.044 0.939647
7.048 0.939621
7.052 0.939595
7.056 0.939569
7.06 0.939543
7.064 0.939517
7.068 0.939491
7.072 0.939465
7.076 0.939439
7.08 0.939413
7.084 0.939388
7.088 0.939362
7.092 0.939336
7.096 0.93931
7.1 0.939284
7.104 0.939258
7.108 0.939233
7.112 0.939207
7.116 0.939181
7.12 0.939155
7.124 0.939129
7.128 0.939104
7.132 0.939078
7.136 0.939052
7.14 0.939026
7.144 0.939001
7.148 0.938975
7.152 0.938949
7.156 0.938924
7.16 0.938898
7.164 0.938872
7.168 0.938847
7.172 0.938821
7.176 0.938796
7.18 0.93877
7.184 0.938744
7.188 0.938719
7.192 0.938693
7.196 0.938668
7.2 0.938642
7.204 0.938617
7.208 0.938591
7.212 0.938566
7.216 0.93854
7.22 0.938515
7.224 0.938489
7.228 0.938464
7.232 0.938438
7.236 0.938413
7.24 0.938388
7.244 0.938362
7.248 0.938337
7.252 0.938311
7.256 0.938286
7.26 0.938261
7.264 0.938235
7.268 0.93821
7.272 0.938185
7.276 0.938159
7.28 0.938134
7.284 0.938109
7.288 0.938083
7.292 0.938058
7.296 0.938033
7.3 0.938008
7.304 0.937983
7.308 0.937957
7.312 0.937932
7.316 0.937907
7.32 0.937882
7.324 0.937857
7.328 0.937831
7.332 0.937806
7.336 0.937781
7.34 0.937756
7.344 0.937731
7.348 0.937706
7.352 0.937681
7.356 0.937656
7.36 0.937631
7.364 0.937606
7.368 0.937581
7.372 0.937556
7.376 0.937531
7.38 0.937506
7.384 0.937481
7.388 0.937456
7.392 0.937431
7.396 0.937406
7.4 0.937381
7.404 0.937356
7.408 0.937331
7.412 0.937306
7.416 0.937281
7.42 0.937256
7.424 0.937231
7.428 0.937207
7.432 0.937182
7.436 0.937157
7.44 0.937132
7.444 0.937107
7.448 0.937083
7.452 0.937058
7.456 0.937033
7.46 0.937008
7.464 0.936984
7.468 0.936959
7.472 0.936934
7.476 0.936909
7.48 0.936885
7.484 0.93686
7.488 0.936835
7.492 0.936811
7.496 0.936786
7.5 0.936761
7.504 0.936737
7.508 0.936712
7.512 0.936688
7.516 0.936663
7.52 0.936638
7.524 0.936614
7.528 0.936589
7.532 0.936565
7.536 0.93654
7.54 0.936516
7.544 0.936491
7.548 0.936467
7.552 0.936442
7.556 0.936418
7.56 0.936393
7.564 0.936369
7.568 0.936345
7.572 0.93632
7.576 0.936296
7.58 0.936271
7.584 0.936247
7.588 0.936223
7.592 0.936198
7.596 0.936174
7.6 0.93615
7.604 0.936125
7.608 0.936101
7.612 0.936077
7.616 0.936052
7.62 0.936028
7.624 0.936004
7.628 0.93598
7.632 0.935955
7.636 0.935931
7.64 0.935907
7.644 0.935883
7.648 0.935859
7.652 0.935835
7.656 0.93581
7.66 0.935786
7.664 0.935762
7.668 0.935738
7.672 0.935714
7.676 0.93569
7.68 0.935666
7.684 0.935642
7.688 0.935618
7.692 0.935594
7.696 0.93557
7.7 0.935546
7.704 0.935522
7.708 0.935498
7.712 0.935474
7.716 0.93545
7.72 0.935426
7.724 0.935402
7.728 0.935378
7.732 0.935354
7.736 0.93533
7.74 0.935306
7.744 0.935282
7.748 0.935258
7.752 0.935234
7.756 0.935211
7.76 0.935187
7.764 0.935163
7.768 0.935139
7.772 0.935115
7.776 0.935092
7.78 0.935068
7.784 0.935044
7.788 0.93502
7.792 0.934997
7.796 0.934973
7.8 0.934949
7.804 0.934925
7.808 0.934902
7.812 0.934878
7.816 0.934854
7.82 0.934831
7.824 0.934807
7.828 0.934784
7.832 0.93476
7.836 0.934736
7.84 0.934713
7.844 0.934689
7.848 0.934666
7.852 0.934642
7.856 0.934619
7.86 0.934595
7.864 0.934572
7.868 0.934548
7.872 0.934525
7.876 0.934501
7.88 0.934478
7.884 0.934454
7.888 0.934431
7.892 0.934407
7.896 0.934384
7.9 0.934361
7.904 0.934337
7.908 0.934314
7.912 0.93429
7.916 0.934267
7.92 0.934244
7.924 0.93422
7.928 0.934197
7.932 0.934174
7.936 0.934151
7.94 0.934127
7.944 0.934104
7.948 0.934081
7.952 0.934058
7.956 0.934034
7.96 0.934011
7.964 0.933988
7.968 0.933965
7.972 0.933942
7.976 0.933918
7.98 0.933895
7.984 0.933872
7.988 0.933849
7.992 0.933826
7.996 0.933803
8 0.93378
8.004 0.933757
8.008 0.933734
8.012 0.933711
8.016 0.933687
8.02 0.933664
8.024 0.933641
8.028 0.933618
8.032 0.933595
8.036 0.933573
8.04 0.93355
8.044 0.933527
8.048 0.933504
8.052 0.933481
8.056 0.933458
8.06 0.933435
8.064 0.933412
8.068 0.933389
8.072 0.933366
8.076 0.933343
8.08 0.933321
8.084 0.933298
8.088 0.933275
8.092 0.933252
8.096 0.933229
8.1 0.933207
8.104 0.933184
8.108 0.933161
8.112 0.933138
8.116 0.933116
8.12 0.933093
8.124 0.93307
8.128 0.933048
8.132 0.933025
8.136 0.933002
8.14 0.93298
8.144 0.932957
8.148 0.932934
8.152 0.932912
8.156 0.932889
8.16 0.932867
8.164 0.932844
8.168 0.932822
8.172 0.932799
8.176 0.932776
8.18 0.932754
8.184 0.932731
8.188 0.932709
8.192 0.932687
8.196 0.932664
8.2 0.932642
8.204 0.932619
8.208 0.932597
8.212 0.932574
8.216 0.932552
8.22 0.93253
8.224 0.932507
8.228 0.932485
8.232 0.932462
8.236 0.93244
8.24 0.932418
8.244 0.932395
8.248 0.932373
8.252 0.932351
8.256 0.932329
8.26 0.932306
8.264 0.932284
8.268 0.932262
8.272 0.93224
8.276 0.932217
8.28 0.932195
8.284 0.932173
8.288 0.932151
8.292 0.932129
8.296 0.932107
8.3 0.932084
8.304 0.932062
8.308 0.93204
8.312 0.932018
8.316 0.931996
8.32 0.931974
8.324 0.931952
8.328 0.93193
8.332 0.931908
8.336 0.931886
8.34 0.931864
8.344 0.931842
8.348 0.93182
8.352 0.931798
8.356 0.931776
8.36 0.931754
8.364 0.931732
8.368 0.93171
8.372 0.931688
8.376 0.931666
8.38 0.931644
8.384 0.931623
8.388 0.931601
8.392 0.931579
8.396 0.931557
8.4 0.931535
8.404 0.931513
8.408 0.931492
8.412 0.93147
8.416 0.931448
8.42 0.931426
8.424 0.931405
8.428 0.931383
8.432 0.931361
8.436 0.931339
8.44 0.931318
8.444 0.931296
8.448 0.931274
8.452 0.931253
8.456 0.931231
8.46 0.931209
8.464 0.931188
8.468 0.931166
8.472 0.931145
8.476 0.931123
8.48 0.931102
8.484 0.93108
8.488 0.931058
8.492 0.931037
8.496 0.931015
8.5 0.930994
8.504 0.930972
8.508 0.930951
8.512 0.93093
8.516 0.930908
8.52 0.930887
8.524 0.930865
8.528 0.930844
8.532 0.930822
8.536 0.930801
8.54 0.93078
8.544 0.930758
8.548 0.930737
8.552 0.930716
8.556 0.930694
8.56 0.930673
8.564 0.930652
8.568 0.930631
8.572 0.930609
8.576 0.930588
8.58 0.930567
8.584 0.930546
8.588 0.930524
8.592 0.930503
8.596 0.930482
8.6 0.930461
8.604 0.93044
8.608 0.930418
8.612 0.930397
8.616 0.930376
8.62 0.930355
8.624 0.930334
8.628 0.930313
8.632 0.930292
8.636 0.930271
8.64 0.93025
8.644 0.930229
8.648 0.930208
8.652 0.930187
8.656 0.930166
8.66 0.930145
8.664 0.930124
8.668 0.930103
8.672 0.930082
8.676 0.930061
8.68 0.93004
8.684 0.930019
8.688 0.929998
8.692 0.929977
8.696 0.929957
8.7 0.929936
8.704 0.929915
8.708 0.929894
8.712 0.929873
8.716 0.929852
8.72 0.929832
8.724 0.929811
8.728 0.92979
8.732 0.929769
8.736 0.929749
8.74 0.929728
8.744 0.929707
8.748 0.929687
8.752 0.929666
8.756 0.929645
8.76 0.929625
8.764 0.929604
8.768 0.929583
8.772 0.929563
8.776 0.929542
8.78 0.929521
8.784 0.929501
8.788 0.92948
8.792 0.92946
8.796 0.929439
8.8 0.929419
8.804 0.929398
8.808 0.929378
8.812 0.929357
8.816 0.929337
8.82 0.929316
8.824 0.929296
8.828 0.929275
8.832 0.929255
8.836 0.929235
8.84 0.929214
8.844 0.929194
8.848 0.929173
8.852 0.929153
8.856 0.929133
8.86 0.929112
8.864 0.929092
8.868 0.929072
8.872 0.929052
8.876 0.929031
8.88 0.929011
8.884 0.928991
8.888 0.928971
8.892 0.92895
8.896 0.92893
8.9 0.92891
8.904 0.92889
8.908 0.92887
8.912 0.928849
8.916 0.928829
8.92 0.928809
8.924 0.928789
8.928 0.928769
8.932 0.928749
8.936 0.928729
8.94 0.928709
8.944 0.928689
8.948 0.928669
8.952 0.928649
8.956 0.928629
8.96 0.928609
8.964 0.928589
8.968 0.928569
8.972 0.928549
8.976 0.928529
8.98 0.928509
8.984 0.928489
8.988 0.928469
8.992 0.928449
8.996 0.928429
9 0.928409
9.004 0.928389
9.008 0.92837
9.012 0.92835
9.016 0.92833
9.02 0.92831
9.024 0.92829
9.028 0.928271
9.032 0.928251
9.036 0.928231
9.04 0.928211
9.044 0.928192
9.048 0.928172
9.052 0.928152
9.056 0.928133
9.06 0.928113
9.064 0.928093
9.068 0.928074
9.072 0.928054
9.076 0.928034
9.08 0.928015
9.084 0.927995
9.088 0.927976
9.092 0.927956
9.096 0.927936
9.1 0.927917
9.104 0.927897
9.108 0.927878
9.112 0.927858
9.116 0.927839
9.12 0.927819
9.124 0.9278
9.128 0.927781
9.132 0.927761
9.136 0.927742
9.14 0.927722
9.144 0.927703
9.148 0.927683
9.152 0.927664
9.156 0.927645
9.16 0.927625
9.164 0.927606
9.168 0.927587
9.172 0.927567
9.176 0.927548
9.18 0.927529
9.184 0.92751
9.188 0.92749
9.192 0.927471
9.196 0.927452
9.2 0.927433
9.204 0.927414
9.208 0.927394
9.212 0.927375
9.216 0.927356
9.22 0.927337
9.224 0.927318
9.228 0.927299
9.232 0.92728
9.236 0.927261
9.24 0.927241
9.244 0.927222
9.248 0.927203
9.252 0.927184
9.256 0.927165
9.26 0.927146
9.264 0.927127
9.268 0.927108
9.272 0.927089
9.276 0.92707
9.28 0.927051
9.284 0.927032
9.288 0.927014
9.292 0.926995
9.296 0.926976
9.3 0.926957
9.304 0.926938
9.308 0.926919
9.312 0.9269
9.316 0.926882
9.32 0.926863
9.324 0.926844
9.328 0.926825
9.332 0.926806
9.336 0.926788
9.34 0.926769
9.344 0.92675
9.348 0.926731
9.352 0.926713
9.356 0.926694
9.36 0.926675
9.364 0.926657
9.368 0.926638
9.372 0.926619
9.376 0.926601
9.38 0.926582
9.384 0.926564
9.388 0.926545
9.392 0.926526
9.396 0.926508
9.4 0.926489
9.404 0.926471
9.408 0.926452
9.412 0.926434
9.416 0.926415
9.42 0.926397
9.424 0.926378
9.428 0.92636
9.432 0.926342
9.436 0.926323
9.44 0.926305
9.444 0.926286
9.448 0.926268
9.452 0.92625
9.456 0.926231
9.46 0.926213
9.464 0.926195
9.468 0.926176
9.472 0.926158
9.476 0.92614
9.48 0.926121
9.484 0.926103
9.488 0.926085
9.492 0.926067
9.496 0.926048
9.5 0.92603
9.504 0.926012
9.508 0.925994
9.512 0.925976
9.516 0.925958
9.52 0.925939
9.524 0.925921
9.528 0.925903
9.532 0.925885
9.536 0.925867
9.54 0.925849
9.544 0.925831
9.548 0.925813
9.552 0.925795
9.556 0.925777
9.56 0.925759
9.564 0.925741
9.568 0.925723
9.572 0.925705
9.576 0.925687
9.58 0.925669
9.584 0.925651
9.588 0.925633
9.592 0.925615
9.596 0.925597
9.6 0.925579
9.604 0.925562
9.608 0.925544
9.612 0.925526
9.616 0.925508
9.62 0.92549
9.624 0.925472
9.628 0.925455
9.632 0.925437
9.636 0.925419
9.64 0.925401
9.644 0.925384
9.648 0.925366
9.652 0.925348
9.656 0.925331
9.66 0.925313
9.664 0.925295
9.668 0.925278
9.672 0.92526
9.676 0.925242
9.68 0.925225
9.684 0.925207
9.688 0.92519
9.692 0.925172
9.696 0.925155
9.7 0.925137
9.704 0.925119
9.708 0.925102
9.712 0.925084
9.716 0.925067
9.72 0.92505
9.724 0.925032
9.728 0.925015
9.732 0.924997
9.736 0.92498
9.74 0.924962
9.744 0.924945
9.748 0.924928
9.752 0.92491
9.756 0.924893
9.76 0.924876
9.764 0.924858
9.768 0.924841
9.772 0.924824
9.776 0.924806
9.78 0.924789
9.784 0.924772
9.788 0.924755
9.792 0.924737
9.796 0.92472
9.8 0.924703
9.804 0.924686
9.808 0.924669
9.812 0.924652
9.816 0.924634
9.82 0.924617
9.824 0.9246
9.828 0.924583
9.832 0.924566
9.836 0.924549
9.84 0.924532
9.844 0.924515
9.848 0.924498
9.852 0.924481
9.856 0.924464
9.86 0.924447
9.864 0.92443
9.868 0.924413
9.872 0.924396
9.876 0.924379
9.88 0.924362
9.884 0.924345
9.888 0.924328
9.892 0.924311
9.896 0.924294
9.9 0.924278
9.904 0.924261
9.908 0.924244
9.912 0.924227
9.916 0.92421
9.92 0.924193
9.924 0.924177
9.928 0.92416
9.932 0.924143
9.936 0.924126
9.94 0.92411
9.944 0.924093
9.948 0.924076
9.952 0.92406
9.956 0.924043
9.96 0.924026
9.964 0.92401
9.968 0.923993
9.972 0.923976
9.976 0.92396
9.98 0.923943
9.984 0.923927
9.988 0.92391
9.992 0.923894
9.996 0.923877
10 0.923861
10.004 0.923844
10.008 0.923828
10.012 0.923811
10.016 0.923795
10.02 0.923778
10.024 0.923762
10.028 0.923745
10.032 0.923729
10.036 0.923713
10.04 0.923696
10.044 0.92368
10.048 0.923663
10.052 0.923647
10.056 0.923631
10.06 0.923614
10.064 0.923598
10.068 0.923582
10.072 0.923566
10.076 0.923549
10.08 0.923533
10.084 0.923517
10.088 0.923501
10.092 0.923484
10.096 0.923468
10.1 0.923452
10.104 0.923436
10.108 0.92342
10.112 0.923404
10.116 0.923388
10.12 0.923371
10.124 0.923355
10.128 0.923339
10.132 0.923323
10.136 0.923307
10.14 0.923291
10.144 0.923275
10.148 0.923259
10.152 0.923243
10.156 0.923227
10.16 0.923211
10.164 0.923195
10.168 0.923179
10.172 0.923163
10.176 0.923147
10.18 0.923131
10.184 0.923116
10.188 0.9231
10.192 0.923084
10.196 0.923068
10.2 0.923052
10.204 0.923036
10.208 0.923021
10.212 0.923005
10.216 0.922989
10.22 0.922973
10.224 0.922957
10.228 0.922942
10.232 0.922926
10.236 0.92291
10.24 0.922895
10.244 0.922879
10.248 0.922863
10.252 0.922848
10.256 0.922832
10.26 0.922816
10.264 0.922801
10.268 0.922785
10.272 0.922769
10.276 0.922754
10.28 0.922738
10.284 0.922723
10.288 0.922707
10.292 0.922692
10.296 0.922676
10.3 0.922661
10.304 0.922645
10.308 0.92263
10.312 0.922614
10.316 0.922599
10.32 0.922583
10.324 0.922568
10.328 0.922553
10.332 0.922537
10.336 0.922522
10.34 0.922507
10.344 0.922491
10.348 0.922476
10.352 0.922461
10.356 0.922445
10.36 0.92243
10.364 0.922415
10.368 0.9224
10.372 0.922384
10.376 0.922369
10.38 0.922354
10.384 0.922339
10.388 0.922323
10.392 0.922308
10.396 0.922293
10.4 0.922278
10.404 0.922263
10.408 0.922248
10.412 0.922233
10.416 0.922218
10.42 0.922202
10.424 0.922187
10.428 0.922172
10.432 0.922157
10.436 0.922142
10.44 0.922127
10.444 0.922112
10.448 0.922097
10.452 0.922082
10.456 0.922067
10.46 0.922052
10.464 0.922037
10.468 0.922023
10.472 0.922008
10.476 0.921993
10.48 0.921978
10.484 0.921963
10.488 0.921948
10.492 0.921933
10.496 0.921919
10.5 0.921904
10.504 0.921889
10.508 0.921874
10.512 0.921859
10.516 0.921845
10.52 0.92183
10.524 0.921815
10.528 0.921801
10.532 0.921786
10.536 0.921771
10.54 0.921756
10.544 0.921742
10.548 0.921727
10.552 0.921713
10.556 0.921698
10.56 0.921683
10.564 0.921669
10.568 0.921654
10.572 0.92164
10.576 0.921625
10.58 0.921611
10.584 0.921596
10.588 0.921582
10.592 0.921567
10.596 0.921553
10.6 0.921538
10.604 0.921524
10.608 0.921509
10.612 0.921495
10.616 0.921481
10.62 0.921466
10.624 0.921452
10.628 0.921437
10.632 0.921423
10.636 0.921409
10.64 0.921394
10.644 0.92138
10.648 0.921366
10.652 0.921352
10.656 0.921337
10.66 0.921323
10.664 0.921309
10.668 0.921295
10.672 0.92128
10.676 0.921266
10.68 0.921252
10.684 0.921238
10.688 0.921224
10.692 0.92121
10.696 0.921195
10.7 0.921181
10.704 0.921167
10.708 0.921153
10.712 0.921139
10.716 0.921125
10.72 0.921111
10.724 0.921097
10.728 0.921083
10.732 0.921069
10.736 0.921055
10.74 0.921041
10.744 0.921027
10.748 0.921013
10.752 0.920999
10.756 0.920985
10.76 0.920971
10.764 0.920957
10.768 0.920944
10.772 0.92093
10.776 0.920916
10.78 0.920902
10.784 0.920888
10.788 0.920874
10.792 0.920861
10.796 0.920847
10.8 0.920833
10.804 0.920819
10.808 0.920806
10.812 0.920792
10.816 0.920778
10.82 0.920764
10.824 0.920751
10.828 0.920737
10.832 0.920723
10.836 0.92071
10.84 0.920696
10.844 0.920683
10.848 0.920669
10.852 0.920655
10.856 0.920642
10.86 0.920628
10.864 0.920615
10.868 0.920601
10.872 0.920588
10.876 0.920574
10.88 0.920561
10.884 0.920547
10.888 0.920534
10.892 0.92052
10.896 0.920507
10.9 0.920493
10.904 0.92048
10.908 0.920467
10.912 0.920453
10.916 0.92044
10.92 0.920427
10.924 0.920413
10.928 0.9204
10.932 0.920387
10.936 0.920373
10.94 0.92036
10.944 0.920347
10.948 0.920334
10.952 0.92032
10.956 0.920307
10.96 0.920294
10.964 0.920281
10.968 0.920268
10.972 0.920254
10.976 0.920241
10.98 0.920228
10.984 0.920215
10.988 0.920202
10.992 0.920189
10.996 0.920176
11 0.920163
11.004 0.92015
11.008 0.920137
11.012 0.920123
11.016 0.92011
11.02 0.920097
11.024 0.920084
11.028 0.920072
11.032 0.920059
11.036 0.920046
11.04 0.920033
11.044 0.92002
11.048 0.920007
11.052 0.919994
11.056 0.919981
11.06 0.919968
11.064 0.919955
11.068 0.919943
11.072 0.91993
11.076 0.919917
11.08 0.919904
11.084 0.919891
11.088 0.919879
11.092 0.919866
11.096 0.919853
11.1 0.91984
11.104 0.919828
11.108 0.919815
11.112 0.919802
11.116 0.91979
11.12 0.919777
11.124 0.919764
11.128 0.919752
11.132 0.919739
11.136 0.919727
11.14 0.919714
11.144 0.919701
11.148 0.919689
11.152 0.919676
11.156 0.919664
11.16 0.919651
11.164 0.919639
11.168 0.919626
11.172 0.919614
11.176 0.919601
11.18 0.919589
11.184 0.919577
11.188 0.919564
11.192 0.919552
11.196 0.919539
11.2 0.919527
11.204 0.919515
11.208 0.919502
11.212 0.91949
11.216 0.919478
11.22 0.919465
11.224 0.919453
11.228 0.919441
11.232 0.919429
11.236 0.919416
11.24 0.919404
11.244 0.919392
11.248 0.91938
11.252 0.919368
11.256 0.919355
11.26 0.919343
11.264 0.919331
11.268 0.919319
11.272 0.919307
11.276 0.919295
11.28 0.919283
11.284 0.919271
11.288 0.919258
11.292 0.919246
11.296 0.919234
11.3 0.919222
11.304 0.91921
11.308 0.919198
11.312 0.919186
11.316 0.919174
11.32 0.919162
11.324 0.919151
11.328 0.919139
11.332 0.919127
11.336 0.919115
11.34 0.919103
11.344 0.919091
11.348 0.919079
11.352 0.919067
11.356 0.919056
11.36 0.919044
11.364 0.919032
11.368 0.91902
11.372 0.919008
11.376 0.918997
11.38 0.918985
11.384 0.918973
11.388 0.918961
11.392 0.91895
11.396 0.918938
11.4 0.918926
11.404 0.918915
11.408 0.918903
11.412 0.918892
11.416 0.91888
11.42 0.918868
11.424 0.918857
11.428 0.918845
11.432 0.918834
11.436 0.918822
11.44 0.918811
11.444 0.918799
11.448 0.918788
11.452 0.918776
11.456 0.918765
11.46 0.918753
11.464 0.918742
11.468 0.91873
11.472 0.918719
11.476 0.918707
11.48 0.918696
11.484 0.918685
11.488 0.918673
11.492 0.918662
11.496 0.918651
11.5 0.918639
11.504 0.918628
11.508 0.918617
11.512 0.918605
11.516 0.918594
11.52 0.918583
11.524 0.918572
11.528 0.91856
11.532 0.918549
11.536 0.918538
11.54 0.918527
11.544 0.918516
11.548 0.918505
11.552 0.918493
11.556 0.918482
11.56 0.918471
11.564 0.91846
11.568 0.918449
11.572 0.918438
11.576 0.918427
11.58 0.918416
11.584 0.918405
11.588 0.918394
11.592 0.918383
11.596 0.918372
11.6 0.918361
11.604 0.91835
11.608 0.918339
11.612 0.918328
11.616 0.918317
11.62 0.918306
11.624 0.918295
11.628 0.918285
11.632 0.918274
11.636 0.918263
11.64 0.918252
11.644 0.918241
11.648 0.91823
11.652 0.91822
11.656 0.918209
11.66 0.918198
11.664 0.918187
11.668 0.918177
11.672 0.918166
11.676 0.918155
11.68 0.918145
11.684 0.918134
11.688 0.918123
11.692 0.918113
11.696 0.918102
11.7 0.918091
11.704 0.918081
11.708 0.91807
11.712 0.91806
11.716 0.918049
11.72 0.918039
11.724 0.918028
11.728 0.918017
11.732 0.918007
11.736 0.917997
11.74 0.917986
11.744 0.917976
11.748 0.917965
11.752 0.917955
11.756 0.917944
11.76 0.917934
11.764 0.917923
11.768 0.917913
11.772 0.917903
11.776 0.917892
11.78 0.917882
11.784 0.917872
11.788 0.917861
11.792 0.917851
11.796 0.917841
11.8 0.917831
11.804 0.91782
11.808 0.91781
11.812 0.9178
11.816 0.91779
11.82 0.91778
11.824 0.917769
11.828 0.917759
11.832 0.917749
11.836 0.917739
11.84 0.917729
11.844 0.917719
11.848 0.917709
11.852 0.917699
11.856 0.917688
11.86 0.917678
11.864 0.917668
11.868 0.917658
11.872 0.917648
11.876 0.917638
11.88 0.917628
11.884 0.917618
11.888 0.917608
11.892 0.917599
11.896 0.917589
11.9 0.917579
11.904 0.917569
11.908 0.917559
11.912 0.917549
11.916 0.917539
11.92 0.917529
11.924 0.91752
11.928 0.91751
11.932 0.9175
11.936 0.91749
11.94 0.91748
11.944 0.917471
11.948 0.917461
11.952 0.917451
11.956 0.917441
11.96 0.917432
11.964 0.917422
11.968 0.917412
11.972 0.917403
11.976 0.917393
11.98 0.917383
11.984 0.917374
11.988 0.917364
11.992 0.917355
11.996 0.917345
12 0.917336
12.004 0.917326
12.008 0.917316
12.012 0.917307
12.016 0.917297
12.02 0.917288
12.024 0.917279
12.028 0.917269
12.032 0.91726
12.036 0.91725
12.04 0.917241
12.044 0.917231
12.048 0.917222
12.052 0.917213
12.056 0.917203
12.06 0.917194
12.064 0.917185
12.068 0.917175
12.072 0.917166
12.076 0.917157
12.08 0.917147
12.084 0.917138
12.088 0.917129
12.092 0.91712
12.096 0.91711
12.1 0.917101
12.104 0.917092
12.108 0.917083
12.112 0.917074
12.116 0.917065
12.12 0.917055
12.124 0.917046
12.128 0.917037
12.132 0.917028
12.136 0.917019
12.14 0.91701
12.144 0.917001
12.148 0.916992
12.152 0.916983
12.156 0.916974
12.16 0.916965
12.164 0.916956
12.168 0.916947
12.172 0.916938
12.176 0.916929
12.18 0.91692
12.184 0.916911
12.188 0.916902
12.192 0.916893
12.196 0.916885
12.2 0.916876
12.204 0.916867
12.208 0.916858
12.212 0.916849
12.216 0.916841
12.22 0.916832
12.224 0.916823
12.228 0.916814
12.232 0.916805
12.236 0.916797
12.24 0.916788
12.244 0.916779
12.248 0.916771
12.252 0.916762
12.256 0.916753
12.26 0.916745
12.264 0.916736
12.268 0.916728
12.272 0.916719
12.276 0.91671
12.28 0.916702
12.284 0.916693
12.288 0.916685
12.292 0.916676
12.296 0.916668
12.3 0.916659
12.304 0.916651
12.308 0.916642
12.312 0.916634
12.316 0.916625
12.32 0.916617
12.324 0.916608
12.328 0.9166
12.332 0.916592
12.336 0.916583
12.34 0.916575
12.344 0.916567
12.348 0.916558
12.352 0.91655
12.356 0.916542
12.36 0.916533
12.364 0.916525
12.368 0.916517
12.372 0.916509
12.376 0.9165
12.38 0.916492
12.384 0.916484
12.388 0.916476
12.392 0.916468
12.396 0.916459
12.4 0.916451
12.404 0.916443
12.408 0.916435
12.412 0.916427
12.416 0.916419
12.42 0.916411
12.424 0.916403
12.428 0.916395
12.432 0.916387
12.436 0.916379
12.44 0.916371
12.444 0.916363
12.448 0.916355
12.452 0.916347
12.456 0.916339
12.46 0.916331
12.464 0.916323
12.468 0.916315
12.472 0.916307
12.476 0.916299
12.48 0.916291
12.484 0.916284
12.488 0.916276
12.492 0.916268
12.496 0.91626
12.5 0.916252
12.504 0.916245
12.508 0.916237
12.512 0.916229
12.516 0.916221
12.52 0.916214
12.524 0.916206
12.528 0.916198
12.532 0.916191
12.536 0.916183
12.54 0.916175
12.544 0.916168
12.548 0.91616
12.552 0.916152
12.556 0.916145
12.56 0.916137
12.564 0.91613
12.568 0.916122
12.572 0.916115
12.576 0.916107
12.58 0.9161
12.584 0.916092
12.588 0.916085
12.592 0.916077
12.596 0.91607
12.6 0.916062
12.604 0.916055
12.608 0.916047
12.612 0.91604
12.616 0.916033
12.62 0.916025
12.624 0.916018
12.628 0.916011
12.632 0.916003
12.636 0.915996
12.64 0.915989
12.644 0.915981
12.648 0.915974
12.652 0.915967
12.656 0.91596
12.66 0.915952
12.664 0.915945
12.668 0.915938
12.672 0.915931
12.676 0.915924
12.68 0.915917
12.684 0.915909
12.688 0.915902
12.692 0.915895
12.696 0.915888
12.7 0.915881
12.704 0.915874
12.708 0.915867
12.712 0.91586
12.716 0.915853
12.72 0.915846
12.724 0.915839
12.728 0.915832
12.732 0.915825
12.736 0.915818
12.74 0.915811
12.744 0.915804
12.748 0.915797
12.752 0.91579
12.756 0.915783
12.76 0.915777
12.764 0.91577
12.768 0.915763
12.772 0.915756
12.776 0.915749
12.78 0.915742
12.784 0.915736
12.788 0.915729
12.792 0.915722
12.796 0.915715
12.8 0.915709
12.804 0.915702
12.808 0.915695
12.812 0.915689
12.816 0.915682
12.82 0.915675
12.824 0.915669
12.828 0.915662
12.832 0.915655
12.836 0.915649
12.84 0.915642
12.844 0.915636
12.848 0.915629
12.852 0.915622
12.856 0.915616
12.86 0.915609
12.864 0.915603
12.868 0.915596
12.872 0.91559
12.876 0.915584
12.88 0.915577
12.884 0.915571
12.888 0.915564
12.892 0.915558
12.896 0.915551
12.9 0.915545
12.904 0.915539
12.908 0.915532
12.912 0.915526
12.916 0.91552
12.92 0.915513
12.924 0.915507
12.928 0.915501
12.932 0.915495
12.936 0.915488
12.94 0.915482
12.944 0.915476
12.948 0.91547
12.952 0.915464
12.956 0.915457
12.96 0.915451
12.964 0.915445
12.968 0.915439
12.972 0.915433
12.976 0.915427
12.98 0.915421
12.984 0.915415
12.988 0.915408
12.992 0.915402
12.996 0.915396
13 0.91539
13.004 0.915384
13.008 0.915378
13.012 0.915372
13.016 0.915366
13.02 0.915361
13.024 0.915355
13.028 0.915349
13.032 0.915343
13.036 0.915337
13.04 0.915331
13.044 0.915325
13.048 0.915319
13.052 0.915313
13.056 0.915308
13.06 0.915302
13.064 0.915296
13.068 0.91529
13.072 0.915284
13.076 0.915279
13.08 0.915273
13.084 0.915267
13.088 0.915262
13.092 0.915256
13.096 0.91525
13.1 0.915245
13.104 0.915239
13.108 0.915233
13.112 0.915228
13.116 0.915222
13.12 0.915216
13.124 0.915211
13.128 0.915205
13.132 0.9152
13.136 0.915194
13.14 0.915189
13.144 0.915183
13.148 0.915178
13.152 0.915172
13.156 0.915167
13.16 0.915161
13.164 0.915156
13.168 0.91515
13.172 0.915145
13.176 0.91514
13.18 0.915134
13.184 0.915129
13.188 0.915123
13.192 0.915118
13.196 0.915113
13.2 0.915108
13.204 0.915102
13.208 0.915097
13.212 0.915092
13.216 0.915086
13.22 0.915081
13.224 0.915076
13.228 0.915071
13.232 0.915066
13.236 0.91506
13.24 0.915055
13.244 0.91505
13.248 0.915045
13.252 0.91504
13.256 0.915035
13.26 0.91503
13.264 0.915024
13.268 0.915019
13.272 0.915014
13.276 0.915009
13.28 0.915004
13.284 0.914999
13.288 0.914994
13.292 0.914989
13.296 0.914984
13.3 0.914979
13.304 0.914974
13.308 0.914969
13.312 0.914965
13.316 0.91496
13.32 0.914955
13.324 0.91495
13.328 0.914945
13.332 0.91494
13.336 0.914935
13.34 0.914931
13.344 0.914926
13.348 0.914921
13.352 0.914916
13.356 0.914911
13.36 0.914907
13.364 0.914902
13.368 0.914897
13.372 0.914893
13.376 0.914888
13.38 0.914883
13.384 0.914879
13.388 0.914874
13.392 0.914869
13.396 0.914865
13.4 0.91486
13.404 0.914855
13.408 0.914851
13.412 0.914846
13.416 0.914842
13.42 0.914837
13.424 0.914833
13.428 0.914828
13.432 0.914824
13.436 0.914819
13.44 0.914815
13.444 0.91481
13.448 0.914806
13.452 0.914801
13.456 0.914797
13.46 0.914793
13.464 0.914788
13.468 0.914784
13.472 0.91478
13.476 0.914775
13.48 0.914771
13.484 0.914767
13.488 0.914762
13.492 0.914758
13.496 0.914754
13.5 0.914749
13.504 0.914745
13.508 0.914741
13.512 0.914737
13.516 0.914733
13.52 0.914728
13.524 0.914724
13.528 0.91472
13.532 0.914716
13.536 0.914712
13.54 0.914708
13.544 0.914704
13.548 0.9147
13.552 0.914696
13.556 0.914691
13.56 0.914687
13.564 0.914683
13.568 0.914679
13.572 0.914675
13.576 0.914671
13.58 0.914667
13.584 0.914663
13.588 0.91466
13.592 0.914656
13.596 0.914652
13.6 0.914648
13.604 0.914644
13.608 0.91464
13.612 0.914636
13.616 0.914632
13.62 0.914629
13.624 0.914625
13.628 0.914621
13.632 0.914617
13.636 0.914613
13.64 0.91461
13.644 0.914606
13.648 0.914602
13.652 0.914598
13.656 0.914595
13.66 0.914591
13.664 0.914587
13.668 0.914584
13.672 0.91458
13.676 0.914576
13.68 0.914573
13.684 0.914569
13.688 0.914566
13.692 0.914562
13.696 0.914558
13.7 0.914555
13.704 0.914551
13.708 0.914548
13.712 0.914544
13.716 0.914541
13.72 0.914537
13.724 0.914534
13.728 0.914531
13.732 0.914527
13.736 0.914524
13.74 0.91452
13.744 0.914517
13.748 0.914513
13.752 0.91451
13.756 0.914507
13.76 0.914503
13.764 0.9145
13.768 0.914497
13.772 0.914494
13.776 0.91449
13.78 0.914487
13.784 0.914484
13.788 0.91448
13.792 0.914477
13.796 0.914474
13.8 0.914471
13.804 0.914468
13.808 0.914465
13.812 0.914461
13.816 0.914458
13.82 0.914455
13.824 0.914452
13.828 0.914449
13.832 0.914446
13.836 0.914443
13.84 0.91444
13.844 0.914437
13.848 0.914434
13.852 0.914431
13.856 0.914428
13.86 0.914425
13.864 0.914422
13.868 0.914419
13.872 0.914416
13.876 0.914413
13.88 0.91441
13.884 0.914407
13.888 0.914404
13.892 0.914401
13.896 0.914398
13.9 0.914396
13.904 0.914393
13.908 0.91439
13.912 0.914387
13.916 0.914384
13.92 0.914382
13.924 0.914379
13.928 0.914376
13.932 0.914373
13.936 0.914371
13.94 0.914368
13.944 0.914365
13.948 0.914363
13.952 0.91436
13.956 0.914357
13.96 0.914355
13.964 0.914352
13.968 0.914349
13.972 0.914347
13.976 0.914344
13.98 0.914342
13.984 0.914339
13.988 0.914337
13.992 0.914334
13.996 0.914332
14 0.914329
14.004 0.914327
14.008 0.914324
14.012 0.914322
14.016 0.914319
14.02 0.914317
14.024 0.914314
14.028 0.914312
14.032 0.91431
14.036 0.914307
14.04 0.914305
14.044 0.914303
14.048 0.9143
14.052 0.914298
14.056 0.914296
14.06 0.914293
14.064 0.914291
14.068 0.914289
14.072 0.914287
14.076 0.914284
14.08 0.914282
14.084 0.91428
14.088 0.914278
14.092 0.914276
14.096 0.914274
14.1 0.914271
14.104 0.914269
14.108 0.914267
14.112 0.914265
14.116 0.914263
14.12 0.914261
14.124 0.914259
14.128 0.914257
14.132 0.914255
14.136 0.914253
14.14 0.914251
14.144 0.914249
14.148 0.914247
14.152 0.914245
14.156 0.914243
14.16 0.914241
14.164 0.914239
14.168 0.914237
14.172 0.914235
14.176 0.914233
14.18 0.914232
14.184 0.91423
14.188 0.914228
14.192 0.914226
14.196 0.914224
14.2 0.914222
14.204 0.914221
14.208 0.914219
14.212 0.914217
14.216 0.914215
14.22 0.914214
14.224 0.914212
14.228 0.91421
14.232 0.914209
14.236 0.914207
14.24 0.914205
14.244 0.914204
14.248 0.914202
14.252 0.9142
14.256 0.914199
14.26 0.914197
14.264 0.914196
14.268 0.914194
14.272 0.914193
14.276 0.914191
14.28 0.91419
14.284 0.914188
14.288 0.914187
14.292 0.914185
14.296 0.914184
14.3 0.914182
14.304 0.914181
14.308 0.914179
14.312 0.914178
14.316 0.914177
14.32 0.914175
14.324 0.914174
14.328 0.914173
14.332 0.914171
14.336 0.91417
14.34 0.914169
14.344 0.914167
14.348 0.914166
14.352 0.914165
14.356 0.914164
14.36 0.914162
14.364 0.914161
14.368 0.91416
14.372 0.914159
14.376 0.914158
14.38 0.914156
14.384 0.914155
14.388 0.914154
14.392 0.914153
14.396 0.914152
14.4 0.914151
14.404 0.91415
14.408 0.914149
14.412 0.914148
14.416 0.914147
14.42 0.914146
14.424 0.914145
14.428 0.914144
14.432 0.914143
14.436 0.914142
14.44 0.914141
14.444 0.91414
14.448 0.914139
14.452 0.914138
14.456 0.914137
14.46 0.914136
14.464 0.914135
14.468 0.914134
14.472 0.914134
14.476 0.914133
14.48 0.914132
14.484 0.914131
14.488 0.91413
14.492 0.91413
14.496 0.914129
14.5 0.914128
14.504 0.914127
14.508 0.914127
14.512 0.914126
14.516 0.914125
14.52 0.914125
14.524 0.914124
14.528 0.914123
14.532 0.914123
14.536 0.914122
14.54 0.914121
14.544 0.914121
14.548 0.91412
14.552 0.91412
14.556 0.914119
14.56 0.914119
14.564 0.914118
14.568 0.914118
14.572 0.914117
14.576 0.914117
14.58 0.914116
14.584 0.914116
14.588 0.914115
14.592 0.914115
14.596 0.914114
14.6 0.914114
14.604 0.914114
14.608 0.914113
14.612 0.914113
14.616 0.914113
14.62 0.914112
14.624 0.914112
14.628 0.914112
14.632 0.914111
14.636 0.914111
14.64 0.914111
14.644 0.914111
14.648 0.91411
14.652 0.91411
14.656 0.91411
14.66 0.91411
14.664 0.91411
14.668 0.91411
14.672 0.914109
14.676 0.914109
14.68 0.914109
14.684 0.914109
14.688 0.914109
14.692 0.914109
14.696 0.914109
14.7 0.914109
14.704 0.914109
14.708 0.914109
14.712 0.914109
14.716 0.914109
14.72 0.914109
14.724 0.914109
14.728 0.914109
14.732 0.914109
14.736 0.914109
14.74 0.914109
14.744 0.914109
14.748 0.914109
14.752 0.914109
14.756 0.91411
14.76 0.91411
14.764 0.91411
14.768 0.91411
14.772 0.91411
14.776 0.914111
14.78 0.914111
14.784 0.914111
14.788 0.914111
14.792 0.914112
14.796 0.914112
14.8 0.914112
14.804 0.914112
14.808 0.914113
14.812 0.914113
14.816 0.914113
14.82 0.914114
14.824 0.914114
14.828 0.914115
14.832 0.914115
14.836 0.914115
14.84 0.914116
14.844 0.914116
14.848 0.914117
14.852 0.914117
14.856 0.914118
14.86 0.914118
14.864 0.914119
14.868 0.914119
14.872 0.91412
14.876 0.91412
14.88 0.914121
14.884 0.914122
14.888 0.914122
14.892 0.914123
14.896 0.914124
14.9 0.914124
14.904 0.914125
14.908 0.914125
14.912 0.914126
14.916 0.914127
14.92 0.914128
14.924 0.914128
14.928 0.914129
14.932 0.91413
14.936 0.914131
14.94 0.914131
14.944 0.914132
14.948 0.914133
14.952 0.914134
14.956 0.914135
14.96 0.914136
14.964 0.914136
14.968 0.914137
14.972 0.914138
14.976 0.914139
14.98 0.91414
14.984 0.914141
14.988 0.914142
14.992 0.914143
14.996 0.914144
