0.012 -4.5247 -4.52505
0.016 -4.5241 -4.5245
0.02 -4.52351 -4.52395
0.024 -4.52292 -4.5234
0.028 -4.52232 -4.52286
0.032 -4.52173 -4.52231
0.036 -4.52114 -4.52176
0.04 -4.52055 -4.52121
0.044 -4.51995 -4.52066
0.048 -4.51936 -4.52011
0.052 -4.51877 -4.51957
0.056 -4.51817 -4.51902
0.06 -4.51758 -4.51847
0.064 -4.51699 -4.51792
0.068 -4.5164 -4.51737
0.072 -4.5158 -4.51683
0.076 -4.51521 -4.51628
0.08 -4.51462 -4.51573
0.084 -4.51402 -4.51518
0.088 -4.51343 -4.51463
0.092 -4.51284 -4.51408
0.096 -4.51225 -4.51354
0.1 -4.51165 -4.51299
0.104 -4.51106 -4.51244
0.108 -4.51047 -4.51189
0.112 -4.50987 -4.51134
0.116 -4.50928 -4.51079
0.12 -4.50869 -4.51024
0.124 -4.50809 -4.50969
0.128 -4.5075 -4.50914
0.132 -4.5069 -4.50859
0.136 -4.50631 -4.50804
0.14 -4.50572 -4.50749
0.144 -4.50512 -4.50694
0.148 -4.50453 -4.50639
0.152 -4.50393 -4.50584
0.156 -4.50334 -4.50529
0.16 -4.50274 -4.50474
0.164 -4.50215 -4.50419
0.168 -4.50155 -4.50364
0.172 -4.50096 -4.50309
0.176 -4.50036 -4.50254
0.18 -4.49977 -4.50198
0.184 -4.49917 -4.50143
0.188 -4.49857 -4.50088
0.192 -4.49798 -4.50033
0.196 -4.49738 -4.49977
0.2 -4.49678 -4.49922
0.204 -4.49619 -4.49867
0.208 -4.49559 -4.49811
0.212 -4.49499 -4.49756
0.216 -4.49439 -4.497
0.22 -4.49379 -4.49645
0.224 -4.4932 -4.49589
0.228 -4.4926 -4.49534
0.232 -4.492 -4.49478
0.236 -4.4914 -4.49423
0.24 -4.4908 -4.49367
0.244 -4.4902 -4.49311
0.248 -4.4896 -4.49256
0.252 -4.489 -4.492
0.256 -4.4884 -4.49144
0.26 -4.48779 -4.49088
0.264 -4.48719 -4.49032
0.268 -4.48659 -4.48976
0.272 -4.48599 -4.48921
0.276 -4.48539 -4.48865
0.28 -4.48478 -4.48809
0.284 -4.48418 -4.48752
0.288 -4.48358 -4.48696
0.292 -4.48297 -4.4864
0.296 -4.48237 -4.48584
0.3 -4.48176 -4.48528
0.304 -4.48116 -4.48471
0.308 -4.48055 -4.48415
0.312 -4.47994 -4.48359
0.316 -4.47934 -4.48302
0.32 -4.47873 -4.48246
0.324 -4.47812 -4.48189
0.328 -4.47751 -4.48132
0.332 -4.4769 -4.48076
0.336 -4.4763 -4.48019
0.34 -4.47569 -4.47962
0.344 -4.47508 -4.47906
0.348 -4.47447 -4.47849
0.352 -4.47385 -4.47792
0.356 -4.47324 -4.47735
0.36 -4.47263 -4.47678
0.364 -4.47202 -4.47621
0.368 -4.47141 -4.47563
0.372 -4.47079 -4.47506
0.376 -4.47018 -4.47449
0.38 -4.46956 -4.47392
0.384 -4.46895 -4.47334
0.388 -4.46833 -4.47277
0.392 -4.46772 -4.47219
0.396 -4.4671 -4.47162
0.4 -4.46648 -4.47104
0.404 -4.46587 -4.47046
0.408 -4.46525 -4.46989
0.412 -4.46463 -4.46931
0.416 -4.46401 -4.46873
0.42 -4.46339 -4.46815
0.424 -4.46277 -4.46757
0.428 -4.46215 -4.46699
0.432 -4.46152 -4.46641
0.436 -4.4609 -4.46582
0.44 -4.46028 -4.46524
0.444 -4.45965 -4.46466
0.448 -4.45903 -4.46407
0.452 -4.4584 -4.46349
0.456 -4.45778 -4.4629
0.46 -4.45715 -4.46231
0.464 -4.45653 -4.46173
0.468 -4.4559 -4.46114
0.472 -4.45527 -4.46055
0.476 -4.45464 -4.45996
0.48 -4.45401 -4.45937
0.484 -4.45338 -4.45878
0.488 -4.45275 -4.45819
0.492 -4.45212 -4.45759
0.496 -4.45148 -4.457
0.5 -4.45085 -4.45641
0.504 -4.45022 -4.45581
0.508 -4.44958 -4.45521
0.512 -4.44895 -4.45462
0.516 -4.44831 -4.45402
0.52 -4.44768 -4.45342
0.524 -4.44704 -4.45282
0.528 -4.4464 -4.45222
0.532 -4.44576 -4.45162
0.536 -4.44512 -4.45102
0.54 -4.44448 -4.45042
0.544 -4.44384 -4.44981
0.548 -4.4432 -4.44921
0.552 -4.44255 -4.4486
0.556 -4.44191 -4.448
0.56 -4.44127 -4.44739
0.564 -4.44062 -4.44678
0.568 -4.43997 -4.44617
0.572 -4.43933 -4.44556
0.576 -4.43868 -4.44495
0.58 -4.43803 -4.44434
0.584 -4.43738 -4.44373
0.588 -4.43673 -4.44312
0.592 -4.43608 -4.4425
0.596 -4.43543 -4.44189
0.6 -4.43478 -4.44127
0.604 -4.43412 -4.44065
0.608 -4.43347 -4.44004
0.612 -4.43281 -4.43942
0.616 -4.43216 -4.4388
0.62 -4.4315 -4.43817
0.624 -4.43084 -4.43755
0.628 -4.43018 -4.43693
0.632 -4.42952 -4.43631
0.636 -4.42886 -4.43568
0.64 -4.4282 -4.43505
0.644 -4.42754 -4.43443
0.648 -4.42688 -4.4338
0.652 -4.42621 -4.43317
0.656 -4.42555 -4.43254
0.66 -4.42488 -4.43191
0.664 -4.42421 -4.43128
0.668 -4.42355 -4.43064
0.672 -4.42288 -4.43001
0.676 -4.42221 -4.42937
0.68 -4.42154 -4.42874
0.684 -4.42087 -4.4281
0.688 -4.42019 -4.42746
0.692 -4.41952 -4.42682
0.696 -4.41885 -4.42618
0.7 -4.41817 -4.42554
0.704 -4.41749 -4.4249
0.708 -4.41682 -4.42425
0.712 -4.41614 -4.42361
0.716 -4.41546 -4.42296
0.72 -4.41478 -4.42231
0.724 -4.4141 -4.42167
0.728 -4.41342 -4.42102
0.732 -4.41273 -4.42037
0.736 -4.41205 -4.41971
0.74 -4.41136 -4.41906
0.744 -4.41068 -4.41841
0.748 -4.40999 -4.41775
0.752 -4.4093 -4.4171
0.756 -4.40861 -4.41644
0.76 -4.40792 -4.41578
0.764 -4.40723 -4.41512
0.768 -4.40654 -4.41446
0.772 -4.40584 -4.4138
0.776 -4.40515 -4.41313
0.78 -4.40445 -4.41247
0.784 -4.40376 -4.4118
0.788 -4.40306 -4.41114
0.792 -4.40236 -4.41047
0.796 -4.40166 -4.4098
0.8 -4.40096 -4.40913
0.804 -4.40026 -4.40846
0.808 -4.39955 -4.40778
0.812 -4.39885 -4.40711
0.816 -4.39814 -4.40643
0.82 -4.39744 -4.40576
0.824 -4.39673 -4.40508
0.828 -4.39602 -4.4044
0.832 -4.39531 -4.40372
0.836 -4.3946 -4.40304
0.84 -4.39389 -4.40236
0.844 -4.39317 -4.40167
0.848 -4.39246 -4.40099
0.852 -4.39175 -4.4003
0.856 -4.39103 -4.39961
0.86 -4.39031 -4.39892
0.864 -4.38959 -4.39823
0.868 -4.38887 -4.39754
0.872 -4.38815 -4.39685
0.876 -4.38743 -4.39615
0.88 -4.38671 -4.39546
0.884 -4.38598 -4.39476
0.888 -4.38526 -4.39406
0.892 -4.38453 -4.39336
0.896 -4.3838 -4.39266
0.9 -4.38307 -4.39196
0.904 -4.38234 -4.39126
0.908 -4.38161 -4.39055
0.912 -4.38088 -4.38985
0.916 -4.38014 -4.38914
0.92 -4.37941 -4.38843
0.924 -4.37867 -4.38772
0.928 -4.37793 -4.38701
0.932 -4.37719 -4.38629
0.936 -4.37645 -4.38558
0.94 -4.37571 -4.38486
0.944 -4.37497 -4.38415
0.948 -4.37423 -4.38343
0.952 -4.37348 -4.38271
0.956 -4.37274 -4.38199
0.96 -4.37199 -4.38127
0.964 -4.37124 -4.38054
0.968 -4.37049 -4.37982
0.972 -4.36974 -4.37909
0.976 -4.36899 -4.37836
0.98 -4.36824 -4.37763
0.984 -4.36748 -4.3769
0.988 -4.36672 -4.37617
0.992 -4.36597 -4.37544
0.996 -4.36521 -4.3747
1 -4.36445 -4.37397
1.004 -4.36369 -4.37323
1.008 -4.36293 -4.37249
1.012 -4.36216 -4.37175
1.016 -4.3614 -4.37101
1.02 -4.36063 -4.37026
1.024 -4.35987 -4.36952
1.028 -4.3591 -4.36877
1.032 -4.35833 -4.36803
1.036 -4.35756 -4.36728
1.04 -4.35678 -4.36653
1.044 -4.35601 -4.36577
1.048 -4.35524 -4.36502
1.052 -4.35446 -4.36427
1.056 -4.35368 -4.36351
1.06 -4.3529 -4.36275
1.064 -4.35212 -4.36199
1.068 -4.35134 -4.36123
1.072 -4.35056 -4.36047
1.076 -4.34978 -4.35971
1.08 -4.34899 -4.35894
1.084 -4.3482 -4.35818
1.088 -4.34742 -4.35741
1.092 -4.34663 -4.35664
1.096 -4.34584 -4.35587
1.1 -4.34504 -4.3551
1.104 -4.34425 -4.35432
1.108 -4.34346 -4.35355
1.112 -4.34266 -4.35277
1.116 -4.34186 -4.35199
1.12 -4.34107 -4.35121
1.124 -4.34027 -4.35043
1.128 -4.33946 -4.34965
1.132 -4.33866 -4.34886
1.136 -4.33786 -4.34808
1.14 -4.33705 -4.34729
1.144 -4.33625 -4.3465
1.148 -4.33544 -4.34571
1.152 -4.33463 -4.34492
1.156 -4.33382 -4.34413
1.16 -4.33301 -4.34333
1.164 -4.33219 -4.34253
1.168 -4.33138 -4.34174
1.172 -4.33056 -4.34094
1.176 -4.32975 -4.34014
1.18 -4.32893 -4.33933
1.184 -4.32811 -4.33853
1.188 -4.32729 -4.33773
1.192 -4.32647 -4.33692
1.196 -4.32564 -4.33611
1.2 -4.32482 -4.3353
1.204 -4.32399 -4.33449
1.208 -4.32316 -4.33368
1.212 -4.32233 -4.33286
1.216 -4.3215 -4.33204
1.22 -4.32067 -4.33123
1.224 -4.31984 -4.33041
1.228 -4.319 -4.32959
1.232 -4.31816 -4.32876
1.236 -4.31733 -4.32794
1.24 -4.31649 -4.32712
1.244 -4.31565 -4.32629
1.248 -4.31481 -4.32546
1.252 -4.31396 -4.32463
1.256 -4.31312 -4.3238
1.26 -4.31227 -4.32297
1.264 -4.31142 -4.32213
1.268 -4.31058 -4.32129
1.272 -4.30973 -4.32046
1.276 -4.30887 -4.31962
1.28 -4.30802 -4.31878
1.284 -4.30717 -4.31793
1.288 -4.30631 -4.31709
1.292 -4.30545 -4.31624
1.296 -4.3046 -4.3154
1.3 -4.30374 -4.31455
1.304 -4.30287 -4.3137
1.308 -4.30201 -4.31285
1.312 -4.30115 -4.31199
1.316 -4.30028 -4.31114
1.32 -4.29942 -4.31028
1.324 -4.29855 -4.30942
1.328 -4.29768 -4.30856
1.332 -4.29681 -4.3077
1.336 -4.29594 -4.30684
1.34 -4.29506 -4.30597
1.344 -4.29419 -4.30511
1.348 -4.29331 -4.30424
1.352 -4.29243 -4.30337
1.356 -4.29155 -4.3025
1.36 -4.29067 -4.30163
1.364 -4.28979 -4.30076
1.368 -4.28891 -4.29988
1.372 -4.28802 -4.299
1.376 -4.28714 -4.29812
1.38 -4.28625 -4.29724
1.384 -4.28536 -4.29636
1.388 -4.28447 -4.29548
1.392 -4.28358 -4.29459
1.396 -4.28268 -4.29371
1.4 -4.28179 -4.29282
1.404 -4.28089 -4.29193
1.408 -4.27999 -4.29104
1.412 -4.2791 -4.29015
1.416 -4.2782 -4.28925
1.42 -4.27729 -4.28836
1.424 -4.27639 -4.28746
1.428 -4.27549 -4.28656
1.432 -4.27458 -4.28566
1.436 -4.27367 -4.28476
1.44 -4.27276 -4.28385
1.444 -4.27185 -4.28295
1.448 -4.27094 -4.28204
1.452 -4.27003 -4.28113
1.456 -4.26912 -4.28022
1.46 -4.2682 -4.27931
1.464 -4.26728 -4.2784
1.468 -4.26636 -4.27748
1.472 -4.26544 -4.27657
1.476 -4.26452 -4.27565
1.48 -4.2636 -4.27473
1.484 -4.26268 -4.27381
1.488 -4.26175 -4.27288
1.492 -4.26082 -4.27196
1.496 -4.25989 -4.27103
1.5 -4.25897 -4.27011
1.504 -4.25803 -4.26918
1.508 -4.2571 -4.26825
1.512 -4.25617 -4.26731
1.516 -4.25523 -4.26638
1.52 -4.2543 -4.26545
1.524 -4.25336 -4.26451
1.528 -4.25242 -4.26357
1.532 -4.25148 -4.26263
1.536 -4.25054 -4.26169
1.54 -4.24959 -4.26075
1.544 -4.24865 -4.2598
1.548 -4.2477 -4.25885
1.552 -4.24675 -4.25791
1.556 -4.2458 -4.25696
1.56 -4.24485 -4.25601
1.564 -4.2439 -4.25505
1.568 -4.24295 -4.2541
1.572 -4.24199 -4.25314
1.576 -4.24104 -4.25219
1.58 -4.24008 -4.25123
1.584 -4.23912 -4.25027
1.588 -4.23816 -4.24931
1.592 -4.2372 -4.24834
1.596 -4.23624 -4.24738
1.6 -4.23527 -4.24641
1.604 -4.23431 -4.24544
1.608 -4.23334 -4.24447
1.612 -4.23237 -4.2435
1.616 -4.2314 -4.24253
1.62 -4.23043 -4.24156
1.624 -4.22946 -4.24058
1.628 -4.22848 -4.2396
1.632 -4.22751 -4.23862
1.636 -4.22653 -4.23764
1.64 -4.22556 -4.23666
1.644 -4.22458 -4.23568
1.648 -4.2236 -4.23469
1.652 -4.22261 -4.23371
1.656 -4.22163 -4.23272
1.66 -4.22065 -4.23173
1.664 -4.21966 -4.23074
1.668 -4.21867 -4.22975
1.672 -4.21768 -4.22875
1.676 -4.21669 -4.22776
1.68 -4.2157 -4.22676
1.684 -4.21471 -4.22576
1.688 -4.21372 -4.22476
1.692 -4.21272 -4.22376
1.696 -4.21172 -4.22276
1.7 -4.21073 -4.22175
1.704 -4.20973 -4.22075
1.708 -4.20873 -4.21974
1.712 -4.20772 -4.21873
1.716 -4.20672 -4.21772
1.72 -4.20572 -4.21671
1.724 -4.20471 -4.21569
1.728 -4.2037 -4.21468
1.732 -4.20269 -4.21366
1.736 -4.20169 -4.21264
1.74 -4.20067 -4.21162
1.744 -4.19966 -4.2106
1.748 -4.19865 -4.20958
1.752 -4.19763 -4.20856
1.756 -4.19662 -4.20753
1.76 -4.1956 -4.2065
1.764 -4.19458 -4.20548
1.768 -4.19356 -4.20445
1.772 -4.19254 -4.20341
1.776 -4.19152 -4.20238
1.78 -4.19049 -4.20135
1.784 -4.18947 -4.20031
1.788 -4.18844 -4.19927
1.792 -4.18741 -4.19824
1.796 -4.18638 -4.1972
1.8 -4.18535 -4.19615
1.804 -4.18432 -4.19511
1.808 -4.18329 -4.19407
1.812 -4.18225 -4.19302
1.816 -4.18122 -4.19197
1.82 -4.18018 -4.19093
1.824 -4.17914 -4.18988
1.828 -4.1781 -4.18882
1.832 -4.17706 -4.18777
1.836 -4.17602 -4.18672
1.84 -4.17498 -4.18566
1.844 -4.17393 -4.1846
1.848 -4.17289 -4.18355
1.852 -4.17184 -4.18249
1.856 -4.17079 -4.18142
1.86 -4.16975 -4.18036
1.864 -4.1687 -4.1793
1.868 -4.16764 -4.17823
1.872 -4.16659 -4.17717
1.876 -4.16554 -4.1761
1.88 -4.16448 -4.17503
1.884 -4.16343 -4.17396
1.888 -4.16237 -4.17288
1.892 -4.16131 -4.17181
1.896 -4.16025 -4.17074
1.9 -4.15919 -4.16966
1.904 -4.15813 -4.16858
1.908 -4.15706 -4.1675
1.912 -4.156 -4.16642
1.916 -4.15493 -4.16534
1.92 -4.15386 -4.16426
1.924 -4.1528 -4.16317
1.928 -4.15173 -4.16209
1.932 -4.15066 -4.161
1.936 -4.14958 -4.15991
1.94 -4.14851 -4.15882
1.944 -4.14744 -4.15773
1.948 -4.14636 -4.15664
1.952 -4.14529 -4.15554
1.956 -4.14421 -4.15445
1.96 -4.14313 -4.15335
1.964 -4.14205 -4.15225
1.968 -4.14097 -4.15115
1.972 -4.13989 -4.15005
1.976 -4.1388 -4.14895
1.98 -4.13772 -4.14785
1.984 -4.13663 -4.14675
1.988 -4.13555 -4.14564
1.992 -4.13446 -4.14453
1.996 -4.13337 -4.14343
2 -4.13228 -4.14232
2.004 -4.13119 -4.14121
2.008 -4.1301 -4.14009
2.012 -4.129 -4.13898
2.016 -4.12791 -4.13787
2.02 -4.12681 -4.13675
2.024 -4.12572 -4.13563
2.028 -4.12462 -4.13452
2.032 -4.12352 -4.1334
2.036 -4.12242 -4.13228
2.04 -4.12132 -4.13115
2.044 -4.12022 -4.13003
2.048 -4.11912 -4.12891
2.052 -4.11801 -4.12778
2.056 -4.11691 -4.12666
2.06 -4.1158 -4.12553
2.064 -4.11469 -4.1244
2.068 -4.11359 -4.12327
2.072 -4.11248 -4.12214
2.076 -4.11137 -4.121
2.08 -4.11026 -4.11987
2.084 -4.10914 -4.11874
2.088 -4.10803 -4.1176
2.092 -4.10692 -4.11646
2.096 -4.1058 -4.11532
2.1 -4.10468 -4.11418
2.104 -4.10357 -4.11304
2.108 -4.10245 -4.1119
2.112 -4.10133 -4.11076
2.116 -4.10021 -4.10962
2.12 -4.09909 -4.10847
2.124 -4.09797 -4.10732
2.128 -4.09684 -4.10618
2.132 -4.09572 -4.10503
2.136 -4.09459 -4.10388
2.14 -4.09347 -4.10273
2.144 -4.09234 -4.10158
2.148 -4.09121 -4.10042
2.152 -4.09008 -4.09927
2.156 -4.08895 -4.09811
2.16 -4.08782 -4.09696
2.164 -4.08669 -4.0958
2.168 -4.08556 -4.09464
2.172 -4.08442 -4.09348
2.176 -4.08329 -4.09232
2.18 -4.08215 -4.09116
2.184 -4.08102 -4.09
2.188 -4.07988 -4.08883
2.192 -4.07874 -4.08767
2.196 -4.0776 -4.0865
2.2 -4.07646 -4.08534
2.204 -4.07532 -4.08417
2.208 -4.07418 -4.083
2.212 -4.07304 -4.08183
2.216 -4.0719 -4.08066
2.22 -4.07075 -4.07949
2.224 -4.06961 -4.07831
2.228 -4.06846 -4.07714
2.232 -4.06731 -4.07597
2.236 -4.06617 -4.07479
2.24 -4.06502 -4.07361
2.244 -4.06387 -4.07243
2.248 -4.06272 -4.07126
2.252 -4.06157 -4.07008
2.256 -4.06042 -4.0689
2.26 -4.05926 -4.06771
2.264 -4.05811 -4.06653
2.268 -4.05695 -4.06535
2.272 -4.0558 -4.06416
2.276 -4.05464 -4.06298
2.28 -4.05349 -4.06179
2.284 -4.05233 -4.0606
2.288 -4.05117 -4.05942
2.292 -4.05001 -4.05823
2.296 -4.04885 -4.05704
2.3 -4.04769 -4.05585
2.304 -4.04653 -4.05466
2.308 -4.04537 -4.05346
2.312 -4.04421 -4.05227
2.316 -4.04304 -4.05107
2.32 -4.04188 -4.04988
2.324 -4.04071 -4.04868
2.328 -4.03955 -4.04749
2.332 -4.03838 -4.04629
2.336 -4.03721 -4.04509
2.34 -4.03605 -4.04389
2.344 -4.03488 -4.04269
2.348 -4.03371 -4.04149
2.352 -4.03254 -4.04029
2.356 -4.03137 -4.03909
2.36 -4.0302 -4.03788
2.364 -4.02903 -4.03668
2.368 -4.02785 -4.03547
2.372 -4.02668 -4.03427
2.376 -4.02551 -4.03306
2.38 -4.02433 -4.03185
2.384 -4.02316 -4.03064
2.388 -4.02198 -4.02944
2.392 -4.0208 -4.02823
2.396 -4.01963 -4.02702
2.4 -4.01845 -4.0258
2.404 -4.01727 -4.02459
2.408 -4.01609 -4.02338
2.412 -4.01491 -4.02217
2.416 -4.01373 -4.02095
2.42 -4.01255 -4.01974
2.424 -4.01137 -4.01852
2.428 -4.01019 -4.01731
2.432 -4.009 -4.01609
2.436 -4.00782 -4.01487
2.44 -4.00664 -4.01365
2.444 -4.00545 -4.01243
2.448 -4.00427 -4.01121
2.452 -4.00308 -4.00999
2.456 -4.0019 -4.00877
2.46 -4.00071 -4.00755
2.464 -3.99952 -4.00633
2.468 -3.99833 -4.00511
2.472 -3.99715 -4.00388
2.476 -3.99596 -4.00266
2.48 -3.99477 -4.00143
2.484 -3.99358 -4.00021
2.488 -3.99239 -3.99898
2.492 -3.9912 -3.99776
2.496 -3.99001 -3.99653
2.5 -3.98881 -3.9953
2.504 -3.98762 -3.99407
2.508 -3.98643 -3.99284
2.512 -3.98524 -3.99161
2.516 -3.98404 -3.99038
2.52 -3.98285 -3.98915
2.524 -3.98166 -3.98792
2.528 -3.98046 -3.98669
2.532 -3.97926 -3.98546
2.536 -3.97807 -3.98422
2.54 -3.97687 -3.98299
2.544 -3.97568 -3.98176
2.548 -3.97448 -3.98052
2.552 -3.97328 -3.97929
2.556 -3.97208 -3.97805
2.56 -3.97089 -3.97682
2.564 -3.96969 -3.97558
2.568 -3.96849 -3.97434
2.572 -3.96729 -3.97311
2.576 -3.96609 -3.97187
2.58 -3.96489 -3.97063
2.584 -3.96369 -3.96939
2.588 -3.96249 -3.96815
2.592 -3.96129 -3.96691
2.596 -3.96008 -3.96567
2.6 -3.95888 -3.96443
2.604 -3.95768 -3.96319
2.608 -3.95648 -3.96195
2.612 -3.95528 -3.96071
2.616 -3.95407 -3.95947
2.62 -3.95287 -3.95822
2.624 -3.95166 -3.95698
2.628 -3.95046 -3.95574
2.632 -3.94926 -3.9545
2.636 -3.94805 -3.95325
2.64 -3.94685 -3.95201
2.644 -3.94564 -3.95076
2.648 -3.94444 -3.94952
2.652 -3.94323 -3.94827
2.656 -3.94202 -3.94703
2.66 -3.94082 -3.94578
2.664 -3.93961 -3.94453
2.668 -3.93841 -3.94329
2.672 -3.9372 -3.94204
2.676 -3.93599 -3.94079
2.68 -3.93478 -3.93955
2.684 -3.93358 -3.9383
2.688 -3.93237 -3.93705
2.692 -3.93116 -3.9358
2.696 -3.92995 -3.93455
2.7 -3.92874 -3.9333
2.704 -3.92754 -3.93206
2.708 -3.92633 -3.93081
2.712 -3.92512 -3.92956
2.716 -3.92391 -3.92831
2.72 -3.9227 -3.92706
2.724 -3.92149 -3.92581
2.728 -3.92028 -3.92456
2.732 -3.91907 -3.92331
2.736 -3.91786 -3.92206
2.74 -3.91665 -3.9208
2.744 -3.91544 -3.91955
2.748 -3.91423 -3.9183
2.752 -3.91302 -3.91705
2.756 -3.91181 -3.9158
2.76 -3.9106 -3.91455
2.764 -3.90939 -3.91329
2.768 -3.90818 -3.91204
2.772 -3.90697 -3.91079
2.776 -3.90576 -3.90954
2.78 -3.90455 -3.90829
2.784 -3.90334 -3.90703
2.788 -3.90213 -3.90578
2.792 -3.90092 -3.90453
2.796 -3.89971 -3.90327
2.8 -3.8985 -3.90202
2.804 -3.89729 -3.90077
2.808 -3.89607 -3.89952
2.812 -3.89486 -3.89826
2.816 -3.89365 -3.89701
2.82 -3.89244 -3.89576
2.824 -3.89123 -3.8945
2.828 -3.89002 -3.89325
2.832 -3.88881 -3.892
2.836 -3.8876 -3.89074
2.84 -3.88639 -3.88949
2.844 -3.88518 -3.88824
2.848 -3.88397 -3.88698
2.852 -3.88276 -3.88573
2.856 -3.88155 -3.88448
2.86 -3.88034 -3.88322
2.864 -3.87912 -3.88197
2.868 -3.87791 -3.88072
2.872 -3.8767 -3.87946
2.876 -3.87549 -3.87821
2.88 -3.87428 -3.87696
2.884 -3.87307 -3.8757
2.888 -3.87186 -3.87445
2.892 -3.87065 -3.8732
2.896 -3.86945 -3.87194
2.9 -3.86824 -3.87069
2.904 -3.86703 -3.86944
2.908 -3.86582 -3.86819
2.912 -3.86461 -3.86693
2.916 -3.8634 -3.86568
2.92 -3.86219 -3.86443
2.924 -3.86098 -3.86318
2.928 -3.85977 -3.86193
2.932 -3.85857 -3.86067
2.936 -3.85736 -3.85942
2.94 -3.85615 -3.85817
2.944 -3.85494 -3.85692
2.948 -3.85374 -3.85567
2.952 -3.85253 -3.85442
2.956 -3.85132 -3.85317
2.96 -3.85011 -3.85192
2.964 -3.84891 -3.85067
2.968 -3.8477 -3.84942
2.972 -3.8465 -3.84817
2.976 -3.84529 -3.84692
2.98 -3.84408 -3.84567
2.984 -3.84288 -3.84442
2.988 -3.84167 -3.84317
2.992 -3.84047 -3.84192
2.996 -3.83927 -3.84067
3 -3.83806 -3.83942
3.004 -3.83686 -3.83818
3.008 -3.83565 -3.83693
3.012 -3.83445 -3.83568
3.016 -3.83325 -3.83443
3.02 -3.83205 -3.83319
3.024 -3.83084 -3.83194
3.028 -3.82964 -3.83069
3.032 -3.82844 -3.82945
3.036 -3.82724 -3.8282
3.04 -3.82604 -3.82696
3.044 -3.82484 -3.82571
3.048 -3.82364 -3.82447
3.052 -3.82244 -3.82323
3.056 -3.82124 -3.82198
3.06 -3.82004 -3.82074
3.064 -3.81884 -3.8195
3.068 -3.81764 -3.81825
3.072 -3.81644 -3.81701
3.076 -3.81525 -3.81577
3.08 -3.81405 -3.81453
3.084 -3.81285 -3.81329
3.088 -3.81166 -3.81205
3.092 -3.81046 -3.81081
3.096 -3.80927 -3.80957
3.1 -3.80807 -3.80833
3.104 -3.80688 -3.80709
3.108 -3.80568 -3.80585
3.112 -3.80449 -3.80461
3.116 -3.8033 -3.80337
3.12 -3.8021 -3.80214
3.124 -3.80091 -3.8009
3.128 -3.79972 -3.79967
3.132 -3.79853 -3.79843
3.136 -3.79734 -3.79719
3.14 -3.79615 -3.79596
3.144 -3.79496 -3.79473
3.148 -3.79377 -3.79349
3.152 -3.79258 -3.79226
3.156 -3.79139 -3.79103
3.16 -3.7902 -3.7898
3.164 -3.78902 -3.78856
3.168 -3.78783 -3.78733
3.172 -3.78665 -3.7861
3.176 -3.78546 -3.78487
3.18 -3.78428 -3.78364
3.184 -3.78309 -3.78242
3.188 -3.78191 -3.78119
3.192 -3.78072 -3.77996
3.196 -3.77954 -3.77873
3.2 -3.77836 -3.77751
3.204 -3.77718 -3.77628
3.208 -3.776 -3.77506
3.212 -3.77482 -3.77383
3.216 -3.77364 -3.77261
3.22 -3.77246 -3.77139
3.224 -3.77128 -3.77017
3.228 -3.7701 -3.76894
3.232 -3.76893 -3.76772
3.236 -3.76775 -3.7665
3.24 -3.76658 -3.76528
3.244 -3.7654 -3.76406
3.248 -3.76423 -3.76285
3.252 -3.76305 -3.76163
3.256 -3.76188 -3.76041
3.26 -3.76071 -3.7592
3.264 -3.75954 -3.75798
3.268 -3.75837 -3.75677
3.272 -3.7572 -3.75555
3.276 -3.75603 -3.75434
3.28 -3.75486 -3.75313
3.284 -3.75369 -3.75191
3.288 -3.75252 -3.7507
3.292 -3.75136 -3.74949
3.296 -3.75019 -3.74828
3.3 -3.74903 -3.74707
3.304 -3.74786 -3.74587
3.308 -3.7467 -3.74466
3.312 -3.74553 -3.74345
3.316 -3.74437 -3.74225
3.32 -3.74321 -3.74104
3.324 -3.74205 -3.73984
3.328 -3.74089 -3.73864
3.332 -3.73973 -3.73743
3.336 -3.73857 -3.73623
3.34 -3.73742 -3.73503
3.344 -3.73626 -3.73383
3.348 -3.7351 -3.73263
3.352 -3.73395 -3.73143
3.356 -3.7328 -3.73024
3.36 -3.73164 -3.72904
3.364 -3.73049 -3.72785
3.368 -3.72934 -3.72665
3.372 -3.72819 -3.72546
3.376 -3.72704 -3.72426
3.38 -3.72589 -3.72307
3.384 -3.72474 -3.72188
3.388 -3.72359 -3.72069
3.392 -3.72245 -3.7195
3.396 -3.7213 -3.71831
3.4 -3.72016 -3.71713
3.404 -3.71901 -3.71594
3.408 -3.71787 -3.71475
3.412 -3.71673 -3.71357
3.416 -3.71559 -3.71239
3.42 -3.71445 -3.7112
3.424 -3.71331 -3.71002
3.428 -3.71217 -3.70884
3.432 -3.71103 -3.70766
3.436 -3.7099 -3.70648
3.44 -3.70876 -3.70531
3.444 -3.70763 -3.70413
3.448 -3.70649 -3.70295
3.452 -3.70536 -3.70178
3.456 -3.70423 -3.7006
3.46 -3.7031 -3.69943
3.464 -3.70197 -3.69826
3.468 -3.70084 -3.69709
3.472 -3.69971 -3.69592
3.476 -3.69858 -3.69475
3.48 -3.69746 -3.69358
3.484 -3.69633 -3.69242
3.488 -3.69521 -3.69125
3.492 -3.69409 -3.69009
3.496 -3.69296 -3.68892
3.5 -3.69184 -3.68776
3.504 -3.69072 -3.6866
3.508 -3.6896 -3.68544
3.512 -3.68849 -3.68428
3.516 -3.68737 -3.68312
3.52 -3.68625 -3.68197
3.524 -3.68514 -3.68081
3.528 -3.68403 -3.67966
3.532 -3.68291 -3.6785
3.536 -3.6818 -3.67735
3.54 -3.68069 -3.6762
3.544 -3.67958 -3.67505
3.548 -3.67847 -3.6739
3.552 -3.67737 -3.67275
3.556 -3.67626 -3.67161
3.56 -3.67515 -3.67046
3.564 -3.67405 -3.66932
3.568 -3.67295 -3.66818
3.572 -3.67185 -3.66703
3.576 -3.67075 -3.66589
3.58 -3.66965 -3.66475
3.584 -3.66855 -3.66362
3.588 -3.66745 -3.66248
3.592 -3.66635 -3.66134
3.596 -3.66526 -3.66021
3.6 -3.66416 -3.65908
3.604 -3.66307 -3.65794
3.608 -3.66198 -3.65681
3.612 -3.66089 -3.65568
3.616 -3.6598 -3.65455
3.62 -3.65871 -3.65343
3.624 -3.65763 -3.6523
3.628 -3.65654 -3.65118
3.632 -3.65545 -3.65005
3.636 -3.65437 -3.64893
3.64 -3.65329 -3.64781
3.644 -3.65221 -3.64669
3.648 -3.65113 -3.64557
3.652 -3.65005 -3.64446
3.656 -3.64897 -3.64334
3.66 -3.6479 -3.64223
3.664 -3.64682 -3.64111
3.668 -3.64575 -3.64
3.672 -3.64467 -3.63889
3.676 -3.6436 -3.63778
3.68 -3.64253 -3.63667
3.684 -3.64146 -3.63557
3.688 -3.6404 -3.63446
3.692 -3.63933 -3.63336
3.696 -3.63826 -3.63225
3.7 -3.6372 -3.63115
3.704 -3.63614 -3.63005
3.708 -3.63508 -3.62895
3.712 -3.63402 -3.62786
3.716 -3.63296 -3.62676
3.72 -3.6319 -3.62567
3.724 -3.63084 -3.62457
3.728 -3.62979 -3.62348
3.732 -3.62873 -3.62239
3.736 -3.62768 -3.6213
3.74 -3.62663 -3.62022
3.744 -3.62558 -3.61913
3.748 -3.62453 -3.61805
3.752 -3.62348 -3.61696
3.756 -3.62244 -3.61588
3.76 -3.62139 -3.6148
3.764 -3.62035 -3.61372
3.768 -3.61931 -3.61264
3.772 -3.61827 -3.61157
3.776 -3.61723 -3.61049
3.78 -3.61619 -3.60942
3.784 -3.61515 -3.60835
3.788 -3.61412 -3.60728
3.792 -3.61308 -3.60621
3.796 -3.61205 -3.60514
3.8 -3.61102 -3.60408
3.804 -3.60999 -3.60301
3.808 -3.60896 -3.60195
3.812 -3.60794 -3.60089
3.816 -3.60691 -3.59983
3.82 -3.60588 -3.59877
3.824 -3.60486 -3.59771
3.828 -3.60384 -3.59666
3.832 -3.60282 -3.5956
3.836 -3.6018 -3.59455
3.84 -3.60078 -3.5935
3.844 -3.59977 -3.59245
3.848 -3.59875 -3.5914
3.852 -3.59774 -3.59035
3.856 -3.59673 -3.58931
3.86 -3.59572 -3.58827
3.864 -3.59471 -3.58722
3.868 -3.5937 -3.58618
3.872 -3.59269 -3.58514
3.876 -3.59169 -3.58411
3.88 -3.59069 -3.58307
3.884 -3.58968 -3.58204
3.888 -3.58868 -3.581
3.892 -3.58768 -3.57997
3.896 -3.58669 -3.57894
3.9 -3.58569 -3.57792
3.904 -3.5847 -3.57689
3.908 -3.5837 -3.57587
3.912 -3.58271 -3.57484
3.916 -3.58172 -3.57382
3.92 -3.58073 -3.5728
3.924 -3.57974 -3.57178
3.928 -3.57876 -3.57077
3.932 -3.57777 -3.56975
3.936 -3.57679 -3.56874
3.94 -3.57581 -3.56772
3.944 -3.57483 -3.56671
3.948 -3.57385 -3.56571
3.952 -3.57287 -3.5647
3.956 -3.5719 -3.56369
3.96 -3.57092 -3.56269
3.964 -3.56995 -3.56169
3.968 -3.56898 -3.56069
3.972 -3.56801 -3.55969
3.976 -3.56704 -3.55869
3.98 -3.56608 -3.55769
3.984 -3.56511 -3.5567
3.988 -3.56415 -3.55571
3.992 -3.56319 -3.55472
3.996 -3.56223 -3.55373
4 -3.56127 -3.55274
4.004 -3.56031 -3.55175
4.008 -3.55935 -3.55077
4.012 -3.5584 -3.54979
4.016 -3.55745 -3.54881
4.02 -3.5565 -3.54783
4.024 -3.55555 -3.54685
4.028 -3.5546 -3.54588
4.032 -3.55365 -3.5449
4.036 -3.55271 -3.54393
4.04 -3.55176 -3.54296
4.044 -3.55082 -3.54199
4.048 -3.54988 -3.54102
4.052 -3.54894 -3.54006
4.056 -3.54801 -3.53909
4.06 -3.54707 -3.53813
4.064 -3.54614 -3.53717
4.068 -3.5452 -3.53621
4.072 -3.54427 -3.53526
4.076 -3.54334 -3.5343
4.08 -3.54242 -3.53335
4.084 -3.54149 -3.53239
4.088 -3.54056 -3.53144
4.092 -3.53964 -3.5305
4.096 -3.53872 -3.52955
4.1 -3.5378 -3.52861
4.104 -3.53688 -3.52766
4.108 -3.53597 -3.52672
4.112 -3.53505 -3.52578
4.116 -3.53414 -3.52484
4.12 -3.53323 -3.52391
4.124 -3.53232 -3.52297
4.128 -3.53141 -3.52204
4.132 -3.5305 -3.52111
4.136 -3.5296 -3.52018
4.14 -3.52869 -3.51925
4.144 -3.52779 -3.51833
4.148 -3.52689 -3.5174
4.152 -3.52599 -3.51648
4.156 -3.52509 -3.51556
4.16 -3.5242 -3.51464
4.164 -3.5233 -3.51373
4.168 -3.52241 -3.51281
4.172 -3.52152 -3.5119
4.176 -3.52063 -3.51099
4.18 -3.51974 -3.51008
4.184 -3.51886 -3.50917
4.188 -3.51798 -3.50827
4.192 -3.51709 -3.50736
4.196 -3.51621 -3.50646
4.2 -3.51533 -3.50556
4.204 -3.51446 -3.50466
4.208 -3.51358 -3.50376
4.212 -3.51271 -3.50287
4.216 -3.51183 -3.50198
4.22 -3.51096 -3.50108
4.224 -3.51009 -3.5002
4.228 -3.50923 -3.49931
4.232 -3.50836 -3.49842
4.236 -3.5075 -3.49754
4.24 -3.50663 -3.49666
4.244 -3.50577 -3.49578
4.248 -3.50491 -3.4949
4.252 -3.50406 -3.49402
4.256 -3.5032 -3.49314
4.26 -3.50235 -3.49227
4.264 -3.50149 -3.4914
4.268 -3.50064 -3.49053
4.272 -3.49979 -3.48966
4.276 -3.49895 -3.4888
4.28 -3.4981 -3.48793
4.284 -3.49726 -3.48707
4.288 -3.49641 -3.48621
4.292 -3.49557 -3.48535
4.296 -3.49474 -3.4845
4.3 -3.4939 -3.48364
4.304 -3.49306 -3.48279
4.308 -3.49223 -3.48194
4.312 -3.4914 -3.48109
4.316 -3.49057 -3.48024
4.32 -3.48974 -3.4794
4.324 -3.48891 -3.47855
4.328 -3.48808 -3.47771
4.332 -3.48726 -3.47687
4.336 -3.48644 -3.47604
4.34 -3.48562 -3.4752
4.344 -3.4848 -3.47437
4.348 -3.48398 -3.47353
4.352 -3.48317 -3.4727
4.356 -3.48236 -3.47187
4.36 -3.48154 -3.47105
4.364 -3.48073 -3.47022
4.368 -3.47993 -3.4694
4.372 -3.47912 -3.46858
4.376 -3.47831 -3.46776
4.38 -3.47751 -3.46694
4.384 -3.47671 -3.46613
4.388 -3.47591 -3.46531
4.392 -3.47511 -3.4645
4.396 -3.47432 -3.46369
4.4 -3.47352 -3.46288
4.404 -3.47273 -3.46208
4.408 -3.47194 -3.46127
4.412 -3.47115 -3.46047
4.416 -3.47036 -3.45967
4.42 -3.46957 -3.45887
4.424 -3.46879 -3.45808
4.428 -3.46801 -3.45728
4.432 -3.46723 -3.45649
4.436 -3.46645 -3.4557
4.44 -3.46567 -3.45491
4.444 -3.4649 -3.45412
4.448 -3.46412 -3.45334
4.452 -3.46335 -3.45256
4.456 -3.46258 -3.45177
4.46 -3.46181 -3.451
4.464 -3.46104 -3.45022
4.468 -3.46028 -3.44944
4.472 -3.45952 -3.44867
4.476 -3.45875 -3.4479
4.48 -3.45799 -3.44713
4.484 -3.45724 -3.44636
4.488 -3.45648 -3.44559
4.492 -3.45573 -3.44483
4.496 -3.45497 -3.44407
4.5 -3.45422 -3.44331
4.504 -3.45347 -3.44255
4.508 -3.45272 -3.44179
4.512 -3.45198 -3.44104
4.516 -3.45123 -3.44028
4.52 -3.45049 -3.43953
4.524 -3.44975 -3.43879
4.528 -3.44901 -3.43804
4.532 -3.44827 -3.43729
4.536 -3.44754 -3.43655
4.54 -3.4468 -3.43581
4.544 -3.44607 -3.43507
4.548 -3.44534 -3.43433
4.552 -3.44461 -3.4336
4.556 -3.44389 -3.43286
4.56 -3.44316 -3.43213
4.564 -3.44244 -3.4314
4.568 -3.44172 -3.43067
4.572 -3.441 -3.42995
4.576 -3.44028 -3.42922
4.58 -3.43956 -3.4285
4.584 -3.43885 -3.42778
4.588 -3.43813 -3.42706
4.592 -3.43742 -3.42635
4.596 -3.43671 -3.42563
4.6 -3.43601 -3.42492
4.604 -3.4353 -3.42421
4.608 -3.43459 -3.4235
4.612 -3.43389 -3.42279
4.616 -3.43319 -3.42209
4.62 -3.43249 -3.42139
4.624 -3.4318 -3.42069
4.628 -3.4311 -3.41999
4.632 -3.43041 -3.41929
4.636 -3.42971 -3.41859
4.64 -3.42902 -3.4179
4.644 -3.42833 -3.41721
4.648 -3.42765 -3.41652
4.652 -3.42696 -3.41583
4.656 -3.42628 -3.41515
4.66 -3.4256 -3.41446
4.664 -3.42492 -3.41378
4.668 -3.42424 -3.4131
4.672 -3.42356 -3.41242
4.676 -3.42289 -3.41175
4.68 -3.42221 -3.41107
4.684 -3.42154 -3.4104
4.688 -3.42087 -3.40973
4.692 -3.42021 -3.40906
4.696 -3.41954 -3.40839
4.7 -3.41887 -3.40773
4.704 -3.41821 -3.40706
4.708 -3.41755 -3.4064
4.712 -3.41689 -3.40574
4.716 -3.41623 -3.40509
4.72 -3.41558 -3.40443
4.724 -3.41492 -3.40378
4.728 -3.41427 -3.40313
4.732 -3.41362 -3.40248
4.736 -3.41297 -3.40183
4.74 -3.41233 -3.40118
4.744 -3.41168 -3.40054
4.748 -3.41104 -3.3999
4.752 -3.41039 -3.39926
4.756 -3.40975 -3.39862
4.76 -3.40911 -3.39798
4.764 -3.40848 -3.39735
4.768 -3.40784 -3.39671
4.772 -3.40721 -3.39608
4.776 -3.40658 -3.39545
4.78 -3.40595 -3.39483
4.784 -3.40532 -3.3942
4.788 -3.40469 -3.39358
4.792 -3.40407 -3.39296
4.796 -3.40344 -3.39234
4.8 -3.40282 -3.39172
4.804 -3.4022 -3.3911
4.808 -3.40158 -3.39049
4.812 -3.40097 -3.38988
4.816 -3.40035 -3.38927
4.82 -3.39974 -3.38866
4.824 -3.39913 -3.38805
4.828 -3.39852 -3.38745
4.832 -3.39791 -3.38685
4.836 -3.3973 -3.38624
4.84 -3.3967 -3.38565
4.844 -3.3961 -3.38505
4.848 -3.39549 -3.38445
4.852 -3.3949 -3.38386
4.856 -3.3943 -3.38327
4.86 -3.3937 -3.38268
4.864 -3.39311 -3.38209
4.868 -3.39251 -3.3815
4.872 -3.39192 -3.38092
4.876 -3.39133 -3.38034
4.88 -3.39074 -3.37976
4.884 -3.39016 -3.37918
4.888 -3.38957 -3.3786
4.892 -3.38899 -3.37803
4.896 -3.38841 -3.37745
4.9 -3.38783 -3.37688
4.904 -3.38725 -3.37631
4.908 -3.38668 -3.37574
4.912 -3.3861 -3.37518
4.916 -3.38553 -3.37461
4.92 -3.38496 -3.37405
4.924 -3.38439 -3.37349
4.928 -3.38382 -3.37293
4.932 -3.38325 -3.37238
4.936 -3.38269 -3.37182
4.94 -3.38213 -3.37127
4.944 -3.38156 -3.37072
4.948 -3.38101 -3.37017
4.952 -3.38045 -3.36962
4.956 -3.37989 -3.36907
4.96 -3.37934 -3.36853
4.964 -3.37878 -3.36799
4.968 -3.37823 -3.36745
4.972 -3.37768 -3.36691
4.976 -3.37713 -3.36637
4.98 -3.37659 -3.36584
4.984 -3.37604 -3.3653
4.988 -3.3755 -3.36477
4.992 -3.37496 -3.36424
4.996 -3.37442 -3.36371
5 -3.37388 -3.36319
5.004 -3.37334 -3.36266
5.008 -3.3728 -3.36214
5.012 -3.37227 -3.36162
5.016 -3.37174 -3.3611
5.02 -3.37121 -3.36058
5.024 -3.37068 -3.36007
5.028 -3.37015 -3.35955
5.032 -3.36963 -3.35904
5.036 -3.3691 -3.35853
5.04 -3.36858 -3.35802
5.044 -3.36806 -3.35751
5.048 -3.36754 -3.35701
5.052 -3.36702 -3.35651
5.056 -3.3665 -3.356
5.06 -3.36599 -3.3555
5.064 -3.36548 -3.35501
5.068 -3.36496 -3.35451
5.072 -3.36446 -3.35402
5.076 -3.36395 -3.35352
5.08 -3.36344 -3.35303
5.084 -3.36293 -3.35254
5.088 -3.36243 -3.35205
5.092 -3.36193 -3.35157
5.096 -3.36143 -3.35108
5.1 -3.36093 -3.3506
5.104 -3.36043 -3.35012
5.108 -3.35994 -3.34964
5.112 -3.35944 -3.34916
5.116 -3.35895 -3.34869
5.12 -3.35846 -3.34821
5.124 -3.35797 -3.34774
5.128 -3.35748 -3.34727
5.132 -3.35699 -3.3468
5.136 -3.35651 -3.34633
5.14 -3.35602 -3.34587
5.144 -3.35554 -3.3454
5.148 -3.35506 -3.34494
5.152 -3.35458 -3.34448
5.156 -3.3541 -3.34402
5.16 -3.35363 -3.34356
5.164 -3.35315 -3.34311
5.168 -3.35268 -3.34265
5.172 -3.35221 -3.3422
5.176 -3.35174 -3.34175
5.18 -3.35127 -3.3413
5.184 -3.3508 -3.34085
5.188 -3.35034 -3.34041
5.192 -3.34987 -3.33996
5.196 -3.34941 -3.33952
5.2 -3.34895 -3.33908
5.204 -3.34849 -3.33864
5.208 -3.34803 -3.3382
5.212 -3.34757 -3.33777
5.216 -3.34712 -3.33733
5.22 -3.34666 -3.3369
5.224 -3.34621 -3.33647
5.228 -3.34576 -3.33604
5.232 -3.34531 -3.33561
5.236 -3.34486 -3.33519
5.24 -3.34442 -3.33476
5.244 -3.34397 -3.33434
5.248 -3.34353 -3.33392
5.252 -3.34308 -3.3335
5.256 -3.34264 -3.33308
5.26 -3.3422 -3.33266
5.264 -3.34177 -3.33224
5.268 -3.34133 -3.33183
5.272 -3.34089 -3.33142
5.276 -3.34046 -3.33101
5.28 -3.34003 -3.3306
5.284 -3.3396 -3.33019
5.288 -3.33917 -3.32978
5.292 -3.33874 -3.32938
5.296 -3.33831 -3.32898
5.3 -3.33789 -3.32858
5.304 -3.33746 -3.32818
5.308 -3.33704 -3.32778
5.312 -3.33662 -3.32738
5.316 -3.3362 -3.32699
5.32 -3.33578 -3.32659
5.324 -3.33536 -3.3262
5.328 -3.33495 -3.32581
5.332 -3.33453 -3.32542
5.336 -3.33412 -3.32503
5.34 -3.33371 -3.32465
5.344 -3.3333 -3.32426
5.348 -3.33289 -3.32388
5.352 -3.33248 -3.3235
5.356 -3.33208 -3.32311
5.36 -3.33167 -3.32274
5.364 -3.33127 -3.32236
5.368 -3.33087 -3.32198
5.372 -3.33047 -3.32161
5.376 -3.33007 -3.32124
5.38 -3.32967 -3.32086
5.384 -3.32927 -3.32049
5.388 -3.32887 -3.32012
5.392 -3.32848 -3.31976
5.396 -3.32809 -3.31939
5.4 -3.3277 -3.31903
5.404 -3.32731 -3.31866
5.408 -3.32692 -3.3183
5.412 -3.32653 -3.31794
5.416 -3.32614 -3.31758
5.42 -3.32576 -3.31723
5.424 -3.32537 -3.31687
5.428 -3.32499 -3.31652
5.432 -3.32461 -3.31616
5.436 -3.32423 -3.31581
5.44 -3.32385 -3.31546
5.444 -3.32347 -3.31511
5.448 -3.32309 -3.31477
5.452 -3.32272 -3.31442
5.456 -3.32235 -3.31407
5.46 -3.32197 -3.31373
5.464 -3.3216 -3.31339
5.468 -3.32123 -3.31305
5.472 -3.32086 -3.31271
5.476 -3.32049 -3.31237
5.48 -3.32013 -3.31203
5.484 -3.31976 -3.3117
5.488 -3.3194 -3.31136
5.492 -3.31904 -3.31103
5.496 -3.31867 -3.3107
5.5 -3.31831 -3.31037
5.504 -3.31795 -3.31004
5.508 -3.3176 -3.30971
5.512 -3.31724 -3.30939
5.516 -3.31688 -3.30906
5.52 -3.31653 -3.30874
5.524 -3.31617 -3.30842
5.528 -3.31582 -3.3081
5.532 -3.31547 -3.30778
5.536 -3.31512 -3.30746
5.54 -3.31477 -3.30714
5.544 -3.31443 -3.30683
5.548 -3.31408 -3.30651
5.552 -3.31373 -3.3062
5.556 -3.31339 -3.30589
5.56 -3.31305 -3.30557
5.564 -3.3127 -3.30526
5.568 -3.31236 -3.30496
5.572 -3.31202 -3.30465
5.576 -3.31168 -3.30434
5.58 -3.31135 -3.30404
5.584 -3.31101 -3.30374
5.588 -3.31068 -3.30343
5.592 -3.31034 -3.30313
5.596 -3.31001 -3.30283
5.6 -3.30968 -3.30253
5.604 -3.30935 -3.30224
5.608 -3.30902 -3.30194
5.612 -3.30869 -3.30164
5.616 -3.30836 -3.30135
5.62 -3.30803 -3.30106
5.624 -3.30771 -3.30077
5.628 -3.30738 -3.30048
5.632 -3.30706 -3.30019
5.636 -3.30674 -3.2999
5.64 -3.30641 -3.29961
5.644 -3.30609 -3.29932
5.648 -3.30577 -3.29904
5.652 -3.30546 -3.29876
5.656 -3.30514 -3.29847
5.66 -3.30482 -3.29819
5.664 -3.30451 -3.29791
5.668 -3.30419 -3.29763
5.672 -3.30388 -3.29735
5.676 -3.30357 -3.29708
5.68 -3.30326 -3.2968
5.684 -3.30295 -3.29653
5.688 -3.30264 -3.29625
5.692 -3.30233 -3.29598
5.696 -3.30202 -3.29571
5.7 -3.30172 -3.29544
5.704 -3.30141 -3.29517
5.708 -3.30111 -3.2949
5.712 -3.3008 -3.29463
5.716 -3.3005 -3.29437
5.72 -3.3002 -3.2941
5.724 -3.2999 -3.29384
5.728 -3.2996 -3.29357
5.732 -3.2993 -3.29331
5.736 -3.299 -3.29305
5.74 -3.2987 -3.29279
5.744 -3.29841 -3.29253
5.748 -3.29811 -3.29227
5.752 -3.29782 -3.29201
5.756 -3.29753 -3.29176
5.76 -3.29723 -3.2915
5.764 -3.29694 -3.29125
5.768 -3.29665 -3.291
5.772 -3.29636 -3.29074
5.776 -3.29607 -3.29049
5.78 -3.29578 -3.29024
5.784 -3.2955 -3.28999
5.788 -3.29521 -3.28974
5.792 -3.29493 -3.2895
5.796 -3.29464 -3.28925
5.8 -3.29436 -3.289
5.804 -3.29407 -3.28876
5.808 -3.29379 -3.28851
5.812 -3.29351 -3.28827
5.816 -3.29323 -3.28803
5.82 -3.29295 -3.28779
5.824 -3.29267 -3.28755
5.828 -3.29239 -3.28731
5.832 -3.29212 -3.28707
5.836 -3.29184 -3.28683
5.84 -3.29157 -3.28659
5.844 -3.29129 -3.28636
5.848 -3.29102 -3.28612
5.852 -3.29074 -3.28589
5.856 -3.29047 -3.28566
5.86 -3.2902 -3.28542
5.864 -3.28993 -3.28519
5.868 -3.28966 -3.28496
5.872 -3.28939 -3.28473
5.876 -3.28912 -3.2845
5.88 -3.28885 -3.28427
5.884 -3.28859 -3.28404
5.888 -3.28832 -3.28382
5.892 -3.28805 -3.28359
5.896 -3.28779 -3.28337
5.9 -3.28752 -3.28314
5.904 -3.28726 -3.28292
5.908 -3.287 -3.28269
5.912 -3.28674 -3.28247
5.916 -3.28647 -3.28225
5.92 -3.28621 -3.28203
5.924 -3.28595 -3.28181
5.928 -3.28569 -3.28159
5.932 -3.28544 -3.28137
5.936 -3.28518 -3.28115
5.94 -3.28492 -3.28094
5.944 -3.28466 -3.28072
5.948 -3.28441 -3.2805
5.952 -3.28415 -3.28029
5.956 -3.2839 -3.28008
5.96 -3.28364 -3.27986
5.964 -3.28339 -3.27965
5.968 -3.28314 -3.27944
5.972 -3.28288 -3.27923
5.976 -3.28263 -3.27901
5.98 -3.28238 -3.2788
5.984 -3.28213 -3.27859
5.988 -3.28188 -3.27839
5.992 -3.28163 -3.27818
5.996 -3.28138 -3.27797
6 -3.28114 -3.27776
6.004 -3.28089 -3.27756
6.008 -3.28064 -3.27735
6.012 -3.2804 -3.27715
6.016 -3.28015 -3.27694
6.02 -3.27991 -3.27674
6.024 -3.27966 -3.27653
6.028 -3.27942 -3.27633
6.032 -3.27917 -3.27613
6.036 -3.27893 -3.27593
6.04 -3.27869 -3.27573
6.044 -3.27845 -3.27553
6.048 -3.2782 -3.27533
6.052 -3.27796 -3.27513
6.056 -3.27772 -3.27493
6.06 -3.27748 -3.27473
6.064 -3.27724 -3.27453
6.068 -3.27701 -3.27433
6.072 -3.27677 -3.27414
6.076 -3.27653 -3.27394
6.08 -3.27629 -3.27375
6.084 -3.27605 -3.27355
6.088 -3.27582 -3.27336
6.092 -3.27558 -3.27316
6.096 -3.27535 -3.27297
6.1 -3.27511 -3.27278
6.104 -3.27488 -3.27258
6.108 -3.27464 -3.27239
6.112 -3.27441 -3.2722
6.116 -3.27418 -3.27201
6.12 -3.27394 -3.27182
6.124 -3.27371 -3.27163
6.128 -3.27348 -3.27144
6.132 -3.27325 -3.27125
6.136 -3.27302 -3.27106
6.14 -3.27278 -3.27087
6.144 -3.27255 -3.27068
6.148 -3.27232 -3.27049
6.152 -3.27209 -3.2703
6.156 -3.27186 -3.27012
6.16 -3.27164 -3.26993
6.164 -3.27141 -3.26974
6.168 -3.27118 -3.26956
6.172 -3.27095 -3.26937
6.176 -3.27072 -3.26919
6.18 -3.2705 -3.269
6.184 -3.27027 -3.26882
6.188 -3.27004 -3.26863
6.192 -3.26982 -3.26845
6.196 -3.26959 -3.26827
6.2 -3.26937 -3.26808
6.204 -3.26914 -3.2679
6.208 -3.26892 -3.26772
6.212 -3.26869 -3.26754
6.216 -3.26847 -3.26735
6.22 -3.26824 -3.26717
6.224 -3.26802 -3.26699
6.228 -3.2678 -3.26681
6.232 -3.26757 -3.26663
6.236 -3.26735 -3.26645
6.24 -3.26713 -3.26627
6.244 -3.2669 -3.26609
6.248 -3.26668 -3.26591
6.252 -3.26646 -3.26573
6.256 -3.26624 -3.26555
6.26 -3.26602 -3.26537
6.264 -3.2658 -3.26519
6.268 -3.26557 -3.26501
6.272 -3.26535 -3.26484
6.276 -3.26513 -3.26466
6.28 -3.26491 -3.26448
6.284 -3.26469 -3.2643
6.288 -3.26447 -3.26413
6.292 -3.26425 -3.26395
6.296 -3.26403 -3.26377
6.3 -3.26381 -3.26359
6.304 -3.2636 -3.26342
6.308 -3.26338 -3.26324
6.312 -3.26316 -3.26306
6.316 -3.26294 -3.26289
6.32 -3.26272 -3.26271
6.324 -3.2625 -3.26254
6.328 -3.26228 -3.26236
6.332 -3.26207 -3.26218
6.336 -3.26185 -3.26201
6.34 -3.26163 -3.26183
6.344 -3.26141 -3.26166
6.348 -3.26119 -3.26148
6.352 -3.26098 -3.26131
6.356 -3.26076 -3.26113
6.36 -3.26054 -3.26096
6.364 -3.26032 -3.26078
6.368 -3.26011 -3.26061
6.372 -3.25989 -3.26043
6.376 -3.25967 -3.26026
6.38 -3.25946 -3.26008
6.384 -3.25924 -3.25991
6.388 -3.25902 -3.25973
6.392 -3.25881 -3.25956
6.396 -3.25859 -3.25938
6.4 -3.25837 -3.25921
6.404 -3.25816 -3.25904
6.408 -3.25794 -3.25886
6.412 -3.25772 -3.25869
6.416 -3.25751 -3.25851
6.42 -3.25729 -3.25834
6.424 -3.25707 -3.25816
6.428 -3.25686 -3.25799
6.432 -3.25664 -3.25781
6.436 -3.25643 -3.25764
6.44 -3.25621 -3.25747
6.444 -3.25599 -3.25729
6.448 -3.25578 -3.25712
6.452 -3.25556 -3.25694
6.456 -3.25534 -3.25677
6.46 -3.25513 -3.25659
6.464 -3.25491 -3.25642
6.468 -3.25469 -3.25624
6.472 -3.25448 -3.25607
6.476 -3.25426 -3.25589
6.48 -3.25404 -3.25572
6.484 -3.25383 -3.25554
6.488 -3.25361 -3.25537
6.492 -3.25339 -3.25519
6.496 -3.25318 -3.25501
6.5 -3.25296 -3.25484
6.504 -3.25274 -3.25466
6.508 -3.25252 -3.25449
6.512 -3.25231 -3.25431
6.516 -3.25209 -3.25413
6.52 -3.25187 -3.25396
6.524 -3.25165 -3.25378
6.528 -3.25144 -3.2536
6.532 -3.25122 -3.25343
6.536 -3.251 -3.25325
6.54 -3.25078 -3.25307
6.544 -3.25056 -3.2529
6.548 -3.25035 -3.25272
6.552 -3.25013 -3.25254
6.556 -3.24991 -3.25236
6.56 -3.24969 -3.25218
6.564 -3.24947 -3.252
6.568 -3.24925 -3.25183
6.572 -3.24903 -3.25165
6.576 -3.24881 -3.25147
6.58 -3.24859 -3.25129
6.584 -3.24837 -3.25111
6.588 -3.24815 -3.25093
6.592 -3.24793 -3.25075
6.596 -3.24771 -3.25057
6.6 -3.24749 -3.25039
6.604 -3.24727 -3.25021
6.608 -3.24705 -3.25002
6.612 -3.24683 -3.24984
6.616 -3.2466 -3.24966
6.62 -3.24638 -3.24948
6.624 -3.24616 -3.2493
6.628 -3.24594 -3.24911
6.632 -3.24572 -3.24893
6.636 -3.24549 -3.24875
6.64 -3.24527 -3.24856
6.644 -3.24505 -3.24838
6.648 -3.24482 -3.2482
6.652 -3.2446 -3.24801
6.656 -3.24437 -3.24783
6.66 -3.24415 -3.24764
6.664 -3.24392 -3.24746
6.668 -3.2437 -3.24727
6.672 -3.24347 -3.24708
6.676 -3.24325 -3.2469
6.68 -3.24302 -3.24671
6.684 -3.2428 -3.24652
6.688 -3.24257 -3.24633
6.692 -3.24234 -3.24614
6.696 -3.24211 -3.24596
6.7 -3.24189 -3.24577
6.704 -3.24166 -3.24558
6.708 -3.24143 -3.24539
6.712 -3.2412 -3.2452
6.716 -3.24097 -3.24501
6.72 -3.24074 -3.24481
6.724 -3.24051 -3.24462
6.728 -3.24028 -3.24443
6.732 -3.24005 -3.24424
6.736 -3.23982 -3.24405
6.74 -3.23959 -3.24385
6.744 -3.23936 -3.24366
6.748 -3.23913 -3.24346
6.752 -3.23889 -3.24327
6.756 -3.23866 -3.24307
6.76 -3.23843 -3.24288
6.764 -3.2382 -3.24268
6.768 -3.23796 -3.24248
6.772 -3.23773 -3.24229
6.776 -3.23749 -3.24209
6.78 -3.23726 -3.24189
6.784 -3.23702 -3.24169
6.788 -3.23678 -3.24149
6.792 -3.23655 -3.24129
6.796 -3.23631 -3.24109
6.8 -3.23607 -3.24089
6.804 -3.23584 -3.24069
6.808 -3.2356 -3.24049
6.812 -3.23536 -3.24029
6.816 -3.23512 -3.24008
6.82 -3.23488 -3.23988
6.824 -3.23464 -3.23967
6.828 -3.2344 -3.23947
6.832 -3.23416 -3.23926
6.836 -3.23392 -3.23906
6.84 -3.23367 -3.23885
6.844 -3.23343 -3.23864
6.848 -3.23319 -3.23844
6.852 -3.23294 -3.23823
6.856 -3.2327 -3.23802
6.86 -3.23246 -3.23781
6.864 -3.23221 -3.2376
6.868 -3.23196 -3.23739
6.872 -3.23172 -3.23718
6.876 -3.23147 -3.23697
6.88 -3.23122 -3.23675
6.884 -3.23098 -3.23654
6.888 -3.23073 -3.23633
6.892 -3.23048 -3.23611
6.896 -3.23023 -3.2359
6.9 -3.22998 -3.23568
6.904 -3.22973 -3.23546
6.908 -3.22948 -3.23525
6.912 -3.22923 -3.23503
6.916 -3.22897 -3.23481
6.92 -3.22872 -3.23459
6.924 -3.22847 -3.23437
6.928 -3.22821 -3.23415
6.932 -3.22796 -3.23393
6.936 -3.2277 -3.23371
6.94 -3.22745 -3.23349
6.944 -3.22719 -3.23326
6.948 -3.22693 -3.23304
6.952 -3.22668 -3.23281
6.956 -3.22642 -3.23259
6.96 -3.22616 -3.23236
6.964 -3.2259 -3.23213
6.968 -3.22564 -3.23191
6.972 -3.22538 -3.23168
6.976 -3.22512 -3.23145
6.98 -3.22486 -3.23122
6.984 -3.22459 -3.23099
6.988 -3.22433 -3.23076
6.992 -3.22407 -3.23053
6.996 -3.2238 -3.23029
7 -3.22354 -3.23006
7.004 -3.22327 -3.22982
7.008 -3.22301 -3.22959
7.012 -3.22274 -3.22935
7.016 -3.22247 -3.22912
7.02 -3.2222 -3.22888
7.024 -3.22193 -3.22864
7.028 -3.22166 -3.2284
7.032 -3.22139 -3.22816
7.036 -3.22112 -3.22792
7.04 -3.22085 -3.22768
7.044 -3.22058 -3.22744
7.048 -3.2203 -3.22719
7.052 -3.22003 -3.22695
7.056 -3.21976 -3.22671
7.06 -3.21948 -3.22646
7.064 -3.2192 -3.22621
7.068 -3.21893 -3.22597
7.072 -3.21865 -3.22572
7.076 -3.21837 -3.22547
7.08 -3.21809 -3.22522
7.084 -3.21781 -3.22497
7.088 -3.21753 -3.22472
7.092 -3.21725 -3.22446
7.096 -3.21697 -3.22421
7.1 -3.21669 -3.22396
7.104 -3.2164 -3.2237
7.108 -3.21612 -3.22345
7.112 -3.21583 -3.22319
7.116 -3.21555 -3.22293
7.12 -3.21526 -3.22267
7.124 -3.21498 -3.22241
7.128 -3.21469 -3.22215
7.132 -3.2144 -3.22189
7.136 -3.21411 -3.22163
7.14 -3.21382 -3.22137
7.144 -3.21353 -3.2211
7.148 -3.21324 -3.22084
7.152 -3.21294 -3.22057
7.156 -3.21265 -3.22031
7.16 -3.21236 -3.22004
7.164 -3.21206 -3.21977
7.168 -3.21177 -3.2195
7.172 -3.21147 -3.21923
7.176 -3.21117 -3.21896
7.18 -3.21087 -3.21869
7.184 -3.21058 -3.21841
7.188 -3.21028 -3.21814
7.192 -3.20998 -3.21787
7.196 -3.20967 -3.21759
7.2 -3.20937 -3.21731
7.204 -3.20907 -3.21703
7.208 -3.20876 -3.21676
7.212 -3.20846 -3.21648
7.216 -3.20815 -3.2162
7.22 -3.20785 -3.21591
7.224 -3.20754 -3.21563
7.228 -3.20723 -3.21535
7.232 -3.20692 -3.21506
7.236 -3.20662 -3.21478
7.24 -3.2063 -3.21449
7.244 -3.20599 -3.2142
7.248 -3.20568 -3.21391
7.252 -3.20537 -3.21362
7.256 -3.20505 -3.21333
7.26 -3.20474 -3.21304
7.264 -3.20442 -3.21275
7.268 -3.20411 -3.21246
7.272 -3.20379 -3.21216
7.276 -3.20347 -3.21187
7.28 -3.20315 -3.21157
7.284 -3.20283 -3.21127
7.288 -3.20251 -3.21097
7.292 -3.20219 -3.21067
7.296 -3.20187 -3.21037
7.3 -3.20154 -3.21007
7.304 -3.20122 -3.20977
7.308 -3.2009 -3.20946
7.312 -3.20057 -3.20916
7.316 -3.20024 -3.20885
7.32 -3.19991 -3.20855
7.324 -3.19959 -3.20824
7.328 -3.19926 -3.20793
7.332 -3.19893 -3.20762
7.336 -3.19859 -3.20731
7.34 -3.19826 -3.207
7.344 -3.19793 -3.20668
7.348 -3.19759 -3.20637
7.352 -3.19726 -3.20605
7.356 -3.19692 -3.20574
7.36 -3.19659 -3.20542
7.364 -3.19625 -3.2051
7.368 -3.19591 -3.20478
7.372 -3.19557 -3.20446
7.376 -3.19523 -3.20414
7.38 -3.19489 -3.20381
7.384 -3.19454 -3.20349
7.388 -3.1942 -3.20317
7.392 -3.19386 -3.20284
7.396 -3.19351 -3.20251
7.4 -3.19316 -3.20218
7.404 -3.19282 -3.20185
7.408 -3.19247 -3.20152
7.412 -3.19212 -3.20119
7.416 -3.19177 -3.20086
7.42 -3.19142 -3.20053
7.424 -3.19107 -3.20019
7.428 -3.19071 -3.19985
7.432 -3.19036 -3.19952
7.436 -3.19001 -3.19918
7.44 -3.18965 -3.19884
7.444 -3.18929 -3.1985
7.448 -3.18894 -3.19816
7.452 -3.18858 -3.19782
7.456 -3.18822 -3.19747
7.46 -3.18786 -3.19713
7.464 -3.1875 -3.19678
7.468 -3.18713 -3.19643
7.472 -3.18677 -3.19609
7.476 -3.18641 -3.19574
7.48 -3.18604 -3.19539
7.484 -3.18567 -3.19503
7.488 -3.18531 -3.19468
7.492 -3.18494 -3.19433
7.496 -3.18457 -3.19397
7.5 -3.1842 -3.19362
7.504 -3.18383 -3.19326
7.508 -3.18346 -3.1929
7.512 -3.18308 -3.19254
7.516 -3.18271 -3.19218
7.52 -3.18233 -3.19182
7.524 -3.18196 -3.19145
7.528 -3.18158 -3.19109
7.532 -3.1812 -3.19072
7.536 -3.18082 -3.19036
7.54 -3.18044 -3.18999
7.544 -3.18006 -3.18962
7.548 -3.17968 -3.18925
7.552 -3.1793 -3.18888
7.556 -3.17891 -3.18851
7.56 -3.17853 -3.18813
7.564 -3.17814 -3.18776
7.568 -3.17775 -3.18738
7.572 -3.17737 -3.18701
7.576 -3.17698 -3.18663
7.58 -3.17659 -3.18625
7.584 -3.1762 -3.18587
7.588 -3.1758 -3.18549
7.592 -3.17541 -3.1851
7.596 -3.17502 -3.18472
7.6 -3.17462 -3.18434
7.604 -3.17422 -3.18395
7.608 -3.17383 -3.18356
7.612 -3.17343 -3.18317
7.616 -3.17303 -3.18278
7.62 -3.17263 -3.18239
7.624 -3.17223 -3.182
7.628 -3.17183 -3.18161
7.632 -3.17142 -3.18121
7.636 -3.17102 -3.18082
7.64 -3.17061 -3.18042
7.644 -3.17021 -3.18002
7.648 -3.1698 -3.17962
7.652 -3.16939 -3.17922
7.656 -3.16898 -3.17882
7.66 -3.16857 -3.17842
7.664 -3.16816 -3.17801
7.668 -3.16775 -3.17761
7.672 -3.16734 -3.1772
7.676 -3.16692 -3.17679
7.68 -3.16651 -3.17639
7.684 -3.16609 -3.17598
7.688 -3.16567 -3.17556
7.692 -3.16525 -3.17515
7.696 -3.16484 -3.17474
7.7 -3.16442 -3.17432
7.704 -3.16399 -3.17391
7.708 -3.16357 -3.17349
7.712 -3.16315 -3.17307
7.716 -3.16272 -3.17265
7.72 -3.1623 -3.17223
7.724 -3.16187 -3.17181
7.728 -3.16144 -3.17139
7.732 -3.16101 -3.17096
7.736 -3.16059 -3.17054
7.74 -3.16015 -3.17011
7.744 -3.15972 -3.16968
7.748 -3.15929 -3.16926
7.752 -3.15886 -3.16883
7.756 -3.15842 -3.16839
7.76 -3.15799 -3.16796
7.764 -3.15755 -3.16753
7.768 -3.15711 -3.16709
7.772 -3.15667 -3.16666
7.776 -3.15623 -3.16622
7.78 -3.15579 -3.16578
7.784 -3.15535 -3.16534
7.788 -3.15491 -3.1649
7.792 -3.15446 -3.16446
7.796 -3.15402 -3.16402
7.8 -3.15357 -3.16357
7.804 -3.15313 -3.16313
7.808 -3.15268 -3.16268
7.812 -3.15223 -3.16223
7.816 -3.15178 -3.16178
7.82 -3.15133 -3.16133
7.824 -3.15087 -3.16088
7.828 -3.15042 -3.16043
7.832 -3.14997 -3.15997
7.836 -3.14951 -3.15952
7.84 -3.14906 -3.15906
7.844 -3.1486 -3.1586
7.848 -3.14814 -3.15815
7.852 -3.14768 -3.15769
7.856 -3.14722 -3.15722
7.86 -3.14676 -3.15676
7.864 -3.1463 -3.1563
7.868 -3.14583 -3.15583
7.872 -3.14537 -3.15537
7.876 -3.14491 -3.1549
7.88 -3.14444 -3.15443
7.884 -3.14397 -3.15396
7.888 -3.1435 -3.15349
7.892 -3.14303 -3.15302
7.896 -3.14256 -3.15255
7.9 -3.14209 -3.15208
7.904 -3.14162 -3.1516
7.908 -3.14115 -3.15112
7.912 -3.14067 -3.15065
7.916 -3.1402 -3.15017
7.92 -3.13972 -3.14969
7.924 -3.13924 -3.14921
7.928 -3.13876 -3.14872
7.932 -3.13829 -3.14824
7.936 -3.1378 -3.14776
7.94 -3.13732 -3.14727
7.944 -3.13684 -3.14678
7.948 -3.13636 -3.1463
7.952 -3.13587 -3.14581
7.956 -3.13539 -3.14532
7.96 -3.1349 -3.14482
7.964 -3.13441 -3.14433
7.968 -3.13393 -3.14384
7.972 -3.13344 -3.14334
7.976 -3.13295 -3.14285
7.98 -3.13245 -3.14235
7.984 -3.13196 -3.14185
7.988 -3.13147 -3.14135
7.992 -3.13098 -3.14085
7.996 -3.13048 -3.14035
8 -3.12998 -3.13985
8.004 -3.12949 -3.13934
8.008 -3.12899 -3.13884
8.012 -3.12849 -3.13833
8.016 -3.12799 -3.13782
8.02 -3.12749 -3.13731
8.024 -3.12699 -3.1368
8.028 -3.12648 -3.13629
8.032 -3.12598 -3.13578
8.036 -3.12547 -3.13527
8.04 -3.12497 -3.13475
8.044 -3.12446 -3.13424
8.048 -3.12395 -3.13372
8.052 -3.12344 -3.1332
8.056 -3.12293 -3.13268
8.06 -3.12242 -3.13216
8.064 -3.12191 -3.13164
8.068 -3.1214 -3.13112
8.072 -3.12088 -3.1306
8.076 -3.12037 -3.13007
8.08 -3.11985 -3.12954
8.084 -3.11934 -3.12902
8.088 -3.11882 -3.12849
8.092 -3.1183 -3.12796
8.096 -3.11778 -3.12743
8.1 -3.11726 -3.1269
8.104 -3.11674 -3.12637
8.108 -3.11622 -3.12583
8.112 -3.1157 -3.1253
8.116 -3.11517 -3.12476
8.12 -3.11465 -3.12423
8.124 -3.11412 -3.12369
8.128 -3.11359 -3.12315
8.132 -3.11307 -3.12261
8.136 -3.11254 -3.12207
8.14 -3.11201 -3.12153
8.144 -3.11148 -3.12098
8.148 -3.11095 -3.12044
8.152 -3.11041 -3.11989
8.156 -3.10988 -3.11935
8.16 -3.10935 -3.1188
8.164 -3.10881 -3.11825
8.168 -3.10827 -3.1177
8.172 -3.10774 -3.11715
8.176 -3.1072 -3.1166
8.18 -3.10666 -3.11604
8.184 -3.10612 -3.11549
8.188 -3.10558 -3.11494
8.192 -3.10504 -3.11438
8.196 -3.1045 -3.11382
8.2 -3.10395 -3.11326
8.204 -3.10341 -3.1127
8.208 -3.10286 -3.11214
8.212 -3.10232 -3.11158
8.216 -3.10177 -3.11102
8.22 -3.10122 -3.11046
8.224 -3.10068 -3.10989
8.228 -3.10013 -3.10933
8.232 -3.09958 -3.10876
8.236 -3.09902 -3.10819
8.24 -3.09847 -3.10762
8.244 -3.09792 -3.10705
8.248 -3.09737 -3.10648
8.252 -3.09681 -3.10591
8.256 -3.09626 -3.10534
8.26 -3.0957 -3.10477
8.264 -3.09514 -3.10419
8.268 -3.09458 -3.10362
8.272 -3.09403 -3.10304
8.276 -3.09347 -3.10246
8.28 -3.09291 -3.10188
8.284 -3.09234 -3.1013
8.288 -3.09178 -3.10072
8.292 -3.09122 -3.10014
8.296 -3.09065 -3.09956
8.3 -3.09009 -3.09897
8.304 -3.08952 -3.09839
8.308 -3.08896 -3.0978
8.312 -3.08839 -3.09722
8.316 -3.08782 -3.09663
8.32 -3.08725 -3.09604
8.324 -3.08668 -3.09545
8.328 -3.08611 -3.09486
8.332 -3.08554 -3.09427
8.336 -3.08497 -3.09368
8.34 -3.0844 -3.09308
8.344 -3.08382 -3.09249
8.348 -3.08325 -3.0919
8.352 -3.08267 -3.0913
8.356 -3.0821 -3.0907
8.36 -3.08152 -3.0901
8.364 -3.08094 -3.08951
8.368 -3.08036 -3.08891
8.372 -3.07979 -3.0883
8.376 -3.07921 -3.0877
8.38 -3.07862 -3.0871
8.384 -3.07804 -3.0865
8.388 -3.07746 -3.08589
8.392 -3.07688 -3.08529
8.396 -3.07629 -3.08468
8.4 -3.07571 -3.08407
8.404 -3.07512 -3.08347
8.408 -3.07454 -3.08286
8.412 -3.07395 -3.08225
8.416 -3.07336 -3.08164
8.42 -3.07278 -3.08103
8.424 -3.07219 -3.08041
8.428 -3.0716 -3.0798
8.432 -3.07101 -3.07919
8.436 -3.07042 -3.07857
8.44 -3.06982 -3.07795
8.444 -3.06923 -3.07734
8.448 -3.06864 -3.07672
8.452 -3.06804 -3.0761
8.456 -3.06745 -3.07548
8.46 -3.06685 -3.07486
8.464 -3.06626 -3.07424
8.468 -3.06566 -3.07362
8.472 -3.06506 -3.073
8.476 -3.06446 -3.07237
8.48 -3.06386 -3.07175
8.484 -3.06326 -3.07112
8.488 -3.06266 -3.0705
8.492 -3.06206 -3.06987
8.496 -3.06146 -3.06924
8.5 -3.06086 -3.06862
8.504 -3.06026 -3.06799
8.508 -3.05965 -3.06736
8.512 -3.05905 -3.06673
8.516 -3.05844 -3.06609
8.52 -3.05784 -3.06546
8.524 -3.05723 -3.06483
8.528 -3.05662 -3.0642
8.532 -3.05602 -3.06356
8.536 -3.05541 -3.06292
8.54 -3.0548 -3.06229
8.544 -3.05419 -3.06165
8.548 -3.05358 -3.06101
8.552 -3.05297 -3.06038
8.556 -3.05236 -3.05974
8.56 -3.05175 -3.0591
8.564 -3.05113 -3.05846
8.568 -3.05052 -3.05781
8.572 -3.04991 -3.05717
8.576 -3.04929 -3.05653
8.58 -3.04868 -3.05589
8.584 -3.04806 -3.05524
8.588 -3.04744 -3.0546
8.592 -3.04683 -3.05395
8.596 -3.04621 -3.0533
8.6 -3.04559 -3.05266
8.604 -3.04497 -3.05201
8.608 -3.04435 -3.05136
8.612 -3.04373 -3.05071
8.616 -3.04311 -3.05006
8.62 -3.04249 -3.04941
8.624 -3.04187 -3.04876
8.628 -3.04125 -3.04811
8.632 -3.04063 -3.04745
8.636 -3.04 -3.0468
8.64 -3.03938 -3.04615
8.644 -3.03876 -3.04549
8.648 -3.03813 -3.04484
8.652 -3.03751 -3.04418
8.656 -3.03688 -3.04353
8.66 -3.03626 -3.04287
8.664 -3.03563 -3.04221
8.668 -3.035 -3.04155
8.672 -3.03437 -3.04089
8.676 -3.03375 -3.04023
8.68 -3.03312 -3.03957
8.684 -3.03249 -3.03891
8.688 -3.03186 -3.03825
8.692 -3.03123 -3.03759
8.696 -3.0306 -3.03693
8.7 -3.02997 -3.03626
8.704 -3.02933 -3.0356
8.708 -3.0287 -3.03493
8.712 -3.02807 -3.03427
8.716 -3.02744 -3.0336
8.72 -3.0268 -3.03294
8.724 -3.02617 -3.03227
8.728 -3.02553 -3.0316
8.732 -3.0249 -3.03094
8.736 -3.02426 -3.03027
8.74 -3.02363 -3.0296
8.744 -3.02299 -3.02893
8.748 -3.02235 -3.02826
8.752 -3.02172 -3.02759
8.756 -3.02108 -3.02692
8.76 -3.02044 -3.02625
8.764 -3.0198 -3.02557
8.768 -3.01917 -3.0249
8.772 -3.01853 -3.02423
8.776 -3.01789 -3.02356
8.78 -3.01725 -3.02288
8.784 -3.01661 -3.02221
8.788 -3.01597 -3.02153
8.792 -3.01533 -3.02086
8.796 -3.01468 -3.02018
8.8 -3.01404 -3.0195
8.804 -3.0134 -3.01883
8.808 -3.01276 -3.01815
8.812 -3.01211 -3.01747
8.816 -3.01147 -3.01679
8.82 -3.01083 -3.01612
8.824 -3.01018 -3.01544
8.828 -3.00954 -3.01476
8.832 -3.00889 -3.01408
8.836 -3.00825 -3.0134
8.84 -3.0076 -3.01272
8.844 -3.00696 -3.01203
8.848 -3.00631 -3.01135
8.852 -3.00567 -3.01067
8.856 -3.00502 -3.00999
8.86 -3.00437 -3.00931
8.864 -3.00373 -3.00862
8.868 -3.00308 -3.00794
8.872 -3.00243 -3.00725
8.876 -3.00178 -3.00657
8.88 -3.00113 -3.00589
8.884 -3.00049 -3.0052
8.888 -2.99984 -3.00451
8.892 -2.99919 -3.00383
8.896 -2.99854 -3.00314
8.9 -2.99789 -3.00246
8.904 -2.99724 -3.00177
8.908 -2.99659 -3.00108
8.912 -2.99594 -3.00039
8.916 -2.99529 -2.99971
8.92 -2.99464 -2.99902
8.924 -2.99399 -2.99833
8.928 -2.99333 -2.99764
8.932 -2.99268 -2.99695
8.936 -2.99203 -2.99626
8.94 -2.99138 -2.99557
8.944 -2.99073 -2.99488
8.948 -2.99008 -2.99419
8.952 -2.98942 -2.9935
8.956 -2.98877 -2.99281
8.96 -2.98812 -2.99212
8.964 -2.98746 -2.99143
8.968 -2.98681 -2.99074
8.972 -2.98616 -2.99005
8.976 -2.9855 -2.98936
8.98 -2.98485 -2.98866
8.984 -2.9842 -2.98797
8.988 -2.98354 -2.98728
8.992 -2.98289 -2.98659
8.996 -2.98223 -2.98589
9 -2.98158 -2.9852
9.004 -2.98092 -2.98451
9.008 -2.98027 -2.98381
9.012 -2.97961 -2.98312
9.016 -2.97896 -2.98242
9.02 -2.9783 -2.98173
9.024 -2.97765 -2.98103
9.028 -2.97699 -2.98034
9.032 -2.97634 -2.97965
9.036 -2.97568 -2.97895
9.04 -2.97502 -2.97826
9.044 -2.97437 -2.97756
9.048 -2.97371 -2.97686
9.052 -2.97306 -2.97617
9.056 -2.9724 -2.97547
9.06 -2.97174 -2.97478
9.064 -2.97109 -2.97408
9.068 -2.97043 -2.97339
9.072 -2.96978 -2.97269
9.076 -2.96912 -2.97199
9.08 -2.96846 -2.9713
9.084 -2.96781 -2.9706
9.088 -2.96715 -2.9699
9.092 -2.96649 -2.96921
9.096 -2.96584 -2.96851
9.1 -2.96518 -2.96781
9.104 -2.96452 -2.96712
9.108 -2.96387 -2.96642
9.112 -2.96321 -2.96572
9.116 -2.96255 -2.96503
9.12 -2.9619 -2.96433
9.124 -2.96124 -2.96363
9.128 -2.96058 -2.96293
9.132 -2.95993 -2.96224
9.136 -2.95927 -2.96154
9.14 -2.95861 -2.96084
9.144 -2.95796 -2.96015
9.148 -2.9573 -2.95945
9.152 -2.95664 -2.95875
9.156 -2.95599 -2.95805
9.16 -2.95533 -2.95736
9.164 -2.95468 -2.95666
9.168 -2.95402 -2.95596
9.172 -2.95336 -2.95527
9.176 -2.95271 -2.95457
9.18 -2.95205 -2.95387
9.184 -2.9514 -2.95317
9.188 -2.95074 -2.95248
9.192 -2.95008 -2.95178
9.196 -2.94943 -2.95108
9.2 -2.94877 -2.95039
9.204 -2.94812 -2.94969
9.208 -2.94746 -2.94899
9.212 -2.94681 -2.9483
9.216 -2.94615 -2.9476
9.22 -2.9455 -2.9469
9.224 -2.94484 -2.94621
9.228 -2.94419 -2.94551
9.232 -2.94353 -2.94481
9.236 -2.94288 -2.94412
9.24 -2.94222 -2.94342
9.244 -2.94157 -2.94273
9.248 -2.94091 -2.94203
9.252 -2.94026 -2.94134
9.256 -2.93961 -2.94064
9.26 -2.93895 -2.93995
9.264 -2.9383 -2.93925
9.268 -2.93765 -2.93856
9.272 -2.93699 -2.93786
9.276 -2.93634 -2.93717
9.28 -2.93569 -2.93647
9.284 -2.93504 -2.93578
9.288 -2.93438 -2.93508
9.292 -2.93373 -2.93439
9.296 -2.93308 -2.9337
9.3 -2.93243 -2.933
9.304 -2.93178 -2.93231
9.308 -2.93113 -2.93162
9.312 -2.93048 -2.93092
9.316 -2.92983 -2.93023
9.32 -2.92918 -2.92954
9.324 -2.92853 -2.92885
9.328 -2.92788 -2.92816
9.332 -2.92723 -2.92746
9.336 -2.92658 -2.92677
9.34 -2.92593 -2.92608
9.344 -2.92528 -2.92539
9.348 -2.92463 -2.9247
9.352 -2.92398 -2.92401
9.356 -2.92333 -2.92332
9.36 -2.92269 -2.92263
9.364 -2.92204 -2.92194
9.368 -2.92139 -2.92125
9.372 -2.92075 -2.92056
9.376 -2.9201 -2.91987
9.38 -2.91945 -2.91919
9.384 -2.91881 -2.9185
9.388 -2.91816 -2.91781
9.392 -2.91752 -2.91712
9.396 -2.91687 -2.91644
9.4 -2.91623 -2.91575
9.404 -2.91558 -2.91506
9.408 -2.91494 -2.91438
9.412 -2.9143 -2.91369
9.416 -2.91365 -2.91301
9.42 -2.91301 -2.91232
9.424 -2.91237 -2.91164
9.428 -2.91173 -2.91095
9.432 -2.91109 -2.91027
9.436 -2.91044 -2.90959
9.44 -2.9098 -2.9089
9.444 -2.90916 -2.90822
9.448 -2.90852 -2.90754
9.452 -2.90788 -2.90686
9.456 -2.90725 -2.90618
9.46 -2.90661 -2.9055
9.464 -2.90597 -2.90482
9.468 -2.90533 -2.90414
9.472 -2.90469 -2.90346
9.476 -2.90406 -2.90278
9.48 -2.90342 -2.9021
9.484 -2.90278 -2.90142
9.488 -2.90215 -2.90074
9.492 -2.90151 -2.90007
9.496 -2.90088 -2.89939
9.5 -2.90024 -2.89871
9.504 -2.89961 -2.89804
9.508 -2.89898 -2.89736
9.512 -2.89834 -2.89669
9.516 -2.89771 -2.89601
9.52 -2.89708 -2.89534
9.524 -2.89645 -2.89467
9.528 -2.89582 -2.89399
9.532 -2.89519 -2.89332
9.536 -2.89456 -2.89265
9.54 -2.89393 -2.89198
9.544 -2.8933 -2.89131
9.548 -2.89267 -2.89064
9.552 -2.89204 -2.88997
9.556 -2.89142 -2.8893
9.56 -2.89079 -2.88863
9.564 -2.89016 -2.88796
9.568 -2.88954 -2.8873
9.572 -2.88891 -2.88663
9.576 -2.88829 -2.88596
9.58 -2.88766 -2.8853
9.584 -2.88704 -2.88463
9.588 -2.88642 -2.88397
9.592 -2.8858 -2.88331
9.596 -2.88517 -2.88264
9.6 -2.88455 -2.88198
9.604 -2.88393 -2.88132
9.608 -2.88331 -2.88066
9.612 -2.88269 -2.88
9.616 -2.88207 -2.87934
9.62 -2.88146 -2.87868
9.624 -2.88084 -2.87802
9.628 -2.88022 -2.87736
9.632 -2.87961 -2.8767
9.636 -2.87899 -2.87605
9.64 -2.87837 -2.87539
9.644 -2.87776 -2.87473
9.648 -2.87715 -2.87408
9.652 -2.87653 -2.87343
9.656 -2.87592 -2.87277
9.66 -2.87531 -2.87212
9.664 -2.8747 -2.87147
9.668 -2.87409 -2.87082
9.672 -2.87348 -2.87016
9.676 -2.87287 -2.86952
9.68 -2.87226 -2.86887
9.684 -2.87165 -2.86822
9.688 -2.87104 -2.86757
9.692 -2.87044 -2.86692
9.696 -2.86983 -2.86628
9.7 -2.86923 -2.86563
9.704 -2.86862 -2.86499
9.708 -2.86802 -2.86434
9.712 -2.86741 -2.8637
9.716 -2.86681 -2.86306
9.72 -2.86621 -2.86241
9.724 -2.86561 -2.86177
9.728 -2.86501 -2.86113
9.732 -2.86441 -2.86049
9.736 -2.86381 -2.85985
9.74 -2.86321 -2.85922
9.744 -2.86262 -2.85858
9.748 -2.86202 -2.85794
9.752 -2.86142 -2.85731
9.756 -2.86083 -2.85667
9.76 -2.86023 -2.85604
9.764 -2.85964 -2.85541
9.768 -2.85905 -2.85477
9.772 -2.85846 -2.85414
9.776 -2.85786 -2.85351
9.78 -2.85727 -2.85288
9.784 -2.85668 -2.85225
9.788 -2.8561 -2.85163
9.792 -2.85551 -2.851
9.796 -2.85492 -2.85037
9.8 -2.85433 -2.84975
9.804 -2.85375 -2.84912
9.808 -2.85316 -2.8485
9.812 -2.85258 -2.84788
9.816 -2.852 -2.84725
9.82 -2.85141 -2.84663
9.824 -2.85083 -2.84601
9.828 -2.85025 -2.84539
9.832 -2.84967 -2.84478
9.836 -2.84909 -2.84416
9.84 -2.84851 -2.84354
9.844 -2.84794 -2.84293
9.848 -2.84736 -2.84231
9.852 -2.84678 -2.8417
9.856 -2.84621 -2.84108
9.86 -2.84564 -2.84047
9.864 -2.84506 -2.83986
9.868 -2.84449 -2.83925
9.872 -2.84392 -2.83864
9.876 -2.84335 -2.83803
9.88 -2.84278 -2.83743
9.884 -2.84221 -2.83682
9.888 -2.84164 -2.83622
9.892 -2.84108 -2.83561
9.896 -2.84051 -2.83501
9.9 -2.83994 -2.83441
9.904 -2.83938 -2.8338
9.908 -2.83882 -2.8332
9.912 -2.83825 -2.8326
9.916 -2.83769 -2.83201
9.92 -2.83713 -2.83141
9.924 -2.83657 -2.83081
9.928 -2.83601 -2.83022
9.932 -2.83546 -2.82962
9.936 -2.8349 -2.82903
9.94 -2.83434 -2.82844
9.944 -2.83379 -2.82785
9.948 -2.83323 -2.82726
9.952 -2.83268 -2.82667
9.956 -2.83213 -2.82608
9.96 -2.83158 -2.82549
9.964 -2.83103 -2.82491
9.968 -2.83048 -2.82432
9.972 -2.82993 -2.82374
9.976 -2.82938 -2.82315
9.98 -2.82884 -2.82257
9.984 -2.82829 -2.82199
9.988 -2.82775 -2.82141
9.992 -2.8272 -2.82083
9.996 -2.82666 -2.82025
10 -2.82612 -2.81968
10.004 -2.82558 -2.8191
10.008 -2.82504 -2.81853
10.012 -2.8245 -2.81796
10.016 -2.82396 -2.81738
10.02 -2.82343 -2.81681
10.024 -2.82289 -2.81624
10.028 -2.82236 -2.81567
10.032 -2.82183 -2.81511
10.036 -2.82129 -2.81454
10.04 -2.82076 -2.81398
10.044 -2.82023 -2.81341
10.048 -2.8197 -2.81285
10.052 -2.81917 -2.81229
10.056 -2.81865 -2.81173
10.06 -2.81812 -2.81117
10.064 -2.8176 -2.81061
10.068 -2.81707 -2.81005
10.072 -2.81655 -2.80949
10.076 -2.81603 -2.80894
10.08 -2.81551 -2.80839
10.084 -2.81499 -2.80783
10.088 -2.81447 -2.80728
10.092 -2.81395 -2.80673
10.096 -2.81343 -2.80618
10.1 -2.81292 -2.80563
10.104 -2.81241 -2.80509
10.108 -2.81189 -2.80454
10.112 -2.81138 -2.804
10.116 -2.81087 -2.80345
10.12 -2.81036 -2.80291
10.124 -2.80985 -2.80237
10.128 -2.80934 -2.80183
10.132 -2.80884 -2.80129
10.136 -2.80833 -2.80076
10.14 -2.80783 -2.80022
10.144 -2.80732 -2.79969
10.148 -2.80682 -2.79915
10.152 -2.80632 -2.79862
10.156 -2.80582 -2.79809
10.16 -2.80532 -2.79756
10.164 -2.80482 -2.79703
10.168 -2.80433 -2.79651
10.172 -2.80383 -2.79598
10.176 -2.80334 -2.79545
10.18 -2.80284 -2.79493
10.184 -2.80235 -2.79441
10.188 -2.80186 -2.79389
10.192 -2.80137 -2.79337
10.196 -2.80088 -2.79285
10.2 -2.8004 -2.79233
10.204 -2.79991 -2.79182
10.208 -2.79943 -2.7913
10.212 -2.79894 -2.79079
10.216 -2.79846 -2.79028
10.22 -2.79798 -2.78977
10.224 -2.7975 -2.78926
10.228 -2.79702 -2.78875
10.232 -2.79654 -2.78824
10.236 -2.79606 -2.78774
10.24 -2.79559 -2.78724
10.244 -2.79511 -2.78673
10.248 -2.79464 -2.78623
10.252 -2.79417 -2.78573
10.256 -2.7937 -2.78523
10.26 -2.79323 -2.78474
10.264 -2.79276 -2.78424
10.268 -2.79229 -2.78374
10.272 -2.79183 -2.78325
10.276 -2.79136 -2.78276
10.28 -2.7909 -2.78227
10.284 -2.79044 -2.78178
10.288 -2.78998 -2.78129
10.292 -2.78952 -2.7808
10.296 -2.78906 -2.78032
10.3 -2.7886 -2.77983
10.304 -2.78814 -2.77935
10.308 -2.78769 -2.77887
10.312 -2.78724 -2.77839
10.316 -2.78678 -2.77791
10.32 -2.78633 -2.77744
10.324 -2.78588 -2.77696
10.328 -2.78543 -2.77649
10.332 -2.78499 -2.77601
10.336 -2.78454 -2.77554
10.34 -2.78409 -2.77507
10.344 -2.78365 -2.7746
10.348 -2.78321 -2.77413
10.352 -2.78277 -2.77367
10.356 -2.78233 -2.7732
10.36 -2.78189 -2.77274
10.364 -2.78145 -2.77228
10.368 -2.78102 -2.77182
10.372 -2.78058 -2.77136
10.376 -2.78015 -2.7709
10.38 -2.77972 -2.77045
10.384 -2.77928 -2.76999
10.388 -2.77885 -2.76954
10.392 -2.77843 -2.76909
10.396 -2.778 -2.76864
10.4 -2.77757 -2.76819
10.404 -2.77715 -2.76774
10.408 -2.77673 -2.76729
10.412 -2.7763 -2.76685
10.416 -2.77588 -2.7664
10.42 -2.77546 -2.76596
10.424 -2.77505 -2.76552
10.428 -2.77463 -2.76508
10.432 -2.77421 -2.76465
10.436 -2.7738 -2.76421
10.44 -2.77339 -2.76378
10.444 -2.77298 -2.76334
10.448 -2.77256 -2.76291
10.452 -2.77216 -2.76248
10.456 -2.77175 -2.76205
10.46 -2.77134 -2.76162
10.464 -2.77094 -2.7612
10.468 -2.77053 -2.76077
10.472 -2.77013 -2.76035
10.476 -2.76973 -2.75993
10.48 -2.76933 -2.75951
10.484 -2.76893 -2.75909
10.488 -2.76854 -2.75867
10.492 -2.76814 -2.75826
10.496 -2.76775 -2.75785
10.5 -2.76735 -2.75743
10.504 -2.76696 -2.75702
10.508 -2.76657 -2.75661
10.512 -2.76618 -2.7562
10.516 -2.76579 -2.7558
10.52 -2.76541 -2.75539
10.524 -2.76502 -2.75499
10.528 -2.76464 -2.75459
10.532 -2.76426 -2.75419
10.536 -2.76388 -2.75379
10.54 -2.7635 -2.75339
10.544 -2.76312 -2.75299
10.548 -2.76274 -2.7526
10.552 -2.76237 -2.75221
10.556 -2.76199 -2.75181
10.56 -2.76162 -2.75142
10.564 -2.76125 -2.75104
10.568 -2.76088 -2.75065
10.572 -2.76051 -2.75026
10.576 -2.76014 -2.74988
10.58 -2.75978 -2.7495
10.584 -2.75941 -2.74912
10.588 -2.75905 -2.74874
10.592 -2.75869 -2.74836
10.596 -2.75833 -2.74798
10.6 -2.75797 -2.74761
10.604 -2.75761 -2.74724
10.608 -2.75726 -2.74686
10.612 -2.7569 -2.74649
10.616 -2.75655 -2.74613
10.62 -2.7562 -2.74576
10.624 -2.75585 -2.74539
10.628 -2.7555 -2.74503
10.632 -2.75515 -2.74467
10.636 -2.7548 -2.74431
10.64 -2.75446 -2.74395
10.644 -2.75411 -2.74359
10.648 -2.75377 -2.74323
10.652 -2.75343 -2.74288
10.656 -2.75309 -2.74252
10.66 -2.75275 -2.74217
10.664 -2.75242 -2.74182
10.668 -2.75208 -2.74147
10.672 -2.75175 -2.74113
10.676 -2.75142 -2.74078
10.68 -2.75108 -2.74044
10.684 -2.75075 -2.7401
10.688 -2.75043 -2.73976
10.692 -2.7501 -2.73942
10.696 -2.74977 -2.73908
10.7 -2.74945 -2.73874
10.704 -2.74913 -2.73841
10.708 -2.74881 -2.73808
10.712 -2.74849 -2.73775
10.716 -2.74817 -2.73742
10.72 -2.74785 -2.73709
10.724 -2.74754 -2.73676
10.728 -2.74722 -2.73644
10.732 -2.74691 -2.73611
10.736 -2.7466 -2.73579
10.74 -2.74629 -2.73547
10.744 -2.74598 -2.73515
10.748 -2.74567 -2.73484
10.752 -2.74537 -2.73452
10.756 -2.74506 -2.73421
10.76 -2.74476 -2.73389
10.764 -2.74446 -2.73358
10.768 -2.74416 -2.73327
10.772 -2.74386 -2.73297
10.776 -2.74356 -2.73266
10.78 -2.74327 -2.73236
10.784 -2.74297 -2.73205
10.788 -2.74268 -2.73175
10.792 -2.74239 -2.73145
10.796 -2.7421 -2.73115
10.8 -2.74181 -2.73086
10.804 -2.74152 -2.73056
10.808 -2.74124 -2.73027
10.812 -2.74095 -2.72998
10.816 -2.74067 -2.72969
10.82 -2.74039 -2.7294
10.824 -2.74011 -2.72911
10.828 -2.73983 -2.72883
10.832 -2.73955 -2.72854
10.836 -2.73928 -2.72826
10.84 -2.739 -2.72798
10.844 -2.73873 -2.7277
10.848 -2.73846 -2.72743
10.852 -2.73819 -2.72715
10.856 -2.73792 -2.72688
10.86 -2.73765 -2.7266
10.864 -2.73739 -2.72633
10.868 -2.73712 -2.72606
10.872 -2.73686 -2.7258
10.876 -2.7366 -2.72553
10.88 -2.73634 -2.72526
10.884 -2.73608 -2.725
10.888 -2.73582 -2.72474
10.892 -2.73557 -2.72448
10.896 -2.73531 -2.72422
10.9 -2.73506 -2.72397
10.904 -2.73481 -2.72371
10.908 -2.73456 -2.72346
10.912 -2.73431 -2.72321
10.916 -2.73406 -2.72296
10.92 -2.73382 -2.72271
10.924 -2.73357 -2.72246
10.928 -2.73333 -2.72222
10.932 -2.73309 -2.72197
10.936 -2.73285 -2.72173
10.94 -2.73261 -2.72149
10.944 -2.73237 -2.72125
10.948 -2.73214 -2.72101
10.952 -2.7319 -2.72078
10.956 -2.73167 -2.72054
10.96 -2.73144 -2.72031
10.964 -2.73121 -2.72008
10.968 -2.73098 -2.71985
10.972 -2.73075 -2.71962
10.976 -2.73053 -2.7194
10.98 -2.7303 -2.71917
10.984 -2.73008 -2.71895
10.988 -2.72986 -2.71873
10.992 -2.72964 -2.71851
10.996 -2.72942 -2.71829
11 -2.7292 -2.71807
11.004 -2.72899 -2.71786
11.008 -2.72877 -2.71764
11.012 -2.72856 -2.71743
11.016 -2.72835 -2.71722
11.02 -2.72814 -2.71701
11.024 -2.72793 -2.71681
11.028 -2.72772 -2.7166
11.032 -2.72752 -2.7164
11.036 -2.72731 -2.7162
11.04 -2.72711 -2.716
11.044 -2.72691 -2.7158
11.048 -2.72671 -2.7156
11.052 -2.72651 -2.7154
11.056 -2.72631 -2.71521
11.06 -2.72612 -2.71502
11.064 -2.72592 -2.71483
11.068 -2.72573 -2.71464
11.072 -2.72554 -2.71445
11.076 -2.72535 -2.71426
11.08 -2.72516 -2.71408
11.084 -2.72497 -2.71389
11.088 -2.72479 -2.71371
11.092 -2.7246 -2.71353
11.096 -2.72442 -2.71335
11.1 -2.72424 -2.71318
11.104 -2.72406 -2.713
11.108 -2.72388 -2.71283
11.112 -2.7237 -2.71266
11.116 -2.72353 -2.71249
11.12 -2.72335 -2.71232
11.124 -2.72318 -2.71215
11.128 -2.72301 -2.71198
11.132 -2.72284 -2.71182
11.136 -2.72267 -2.71166
11.14 -2.7225 -2.7115
11.144 -2.72234 -2.71134
11.148 -2.72217 -2.71118
11.152 -2.72201 -2.71102
11.156 -2.72185 -2.71087
11.16 -2.72169 -2.71071
11.164 -2.72153 -2.71056
11.168 -2.72137 -2.71041
11.172 -2.72121 -2.71026
11.176 -2.72106 -2.71012
11.18 -2.72091 -2.70997
11.184 -2.72075 -2.70983
11.188 -2.7206 -2.70968
11.192 -2.72045 -2.70954
11.196 -2.72031 -2.7094
11.2 -2.72016 -2.70927
11.204 -2.72001 -2.70913
11.208 -2.71987 -2.709
11.212 -2.71973 -2.70886
11.216 -2.71959 -2.70873
11.22 -2.71945 -2.7086
11.224 -2.71931 -2.70847
11.228 -2.71917 -2.70835
11.232 -2.71904 -2.70822
11.236 -2.7189 -2.7081
11.24 -2.71877 -2.70798
11.244 -2.71864 -2.70785
11.248 -2.71851 -2.70774
11.252 -2.71838 -2.70762
11.256 -2.71826 -2.7075
11.26 -2.71813 -2.70739
11.264 -2.71801 -2.70727
11.268 -2.71788 -2.70716
11.272 -2.71776 -2.70705
11.276 -2.71764 -2.70694
11.28 -2.71752 -2.70684
11.284 -2.7174 -2.70673
11.288 -2.71729 -2.70663
11.292 -2.71717 -2.70653
11.296 -2.71706 -2.70642
11.3 -2.71695 -2.70633
11.304 -2.71684 -2.70623
11.308 -2.71673 -2.70613
11.312 -2.71662 -2.70604
11.316 -2.71651 -2.70594
11.32 -2.71641 -2.70585
11.324 -2.7163 -2.70576
11.328 -2.7162 -2.70567
11.332 -2.7161 -2.70559
11.336 -2.716 -2.7055
11.34 -2.7159 -2.70541
11.344 -2.7158 -2.70533
11.348 -2.71571 -2.70525
11.352 -2.71561 -2.70517
11.356 -2.71552 -2.70509
11.36 -2.71543 -2.70502
11.364 -2.71534 -2.70494
11.368 -2.71525 -2.70487
11.372 -2.71516 -2.70479
11.376 -2.71507 -2.70472
11.38 -2.71499 -2.70465
11.384 -2.7149 -2.70459
11.388 -2.71482 -2.70452
11.392 -2.71474 -2.70445
11.396 -2.71466 -2.70439
11.4 -2.71458 -2.70433
11.404 -2.7145 -2.70427
11.408 -2.71443 -2.70421
11.412 -2.71435 -2.70415
11.416 -2.71428 -2.70409
11.42 -2.71421 -2.70404
11.424 -2.71413 -2.70399
11.428 -2.71406 -2.70393
11.432 -2.714 -2.70388
11.436 -2.71393 -2.70383
11.44 -2.71386 -2.70379
11.444 -2.7138 -2.70374
11.448 -2.71374 -2.7037
11.452 -2.71367 -2.70365
11.456 -2.71361 -2.70361
11.46 -2.71355 -2.70357
11.464 -2.71349 -2.70353
11.468 -2.71344 -2.70349
11.472 -2.71338 -2.70346
11.476 -2.71333 -2.70342
11.48 -2.71327 -2.70339
11.484 -2.71322 -2.70336
11.488 -2.71317 -2.70333
11.492 -2.71312 -2.7033
11.496 -2.71308 -2.70327
11.5 -2.71303 -2.70324
11.504 -2.71298 -2.70322
11.508 -2.71294 -2.70319
11.512 -2.7129 -2.70317
11.516 -2.71285 -2.70315
11.52 -2.71281 -2.70313
11.524 -2.71277 -2.70311
11.528 -2.71274 -2.7031
11.532 -2.7127 -2.70308
11.536 -2.71266 -2.70307
11.54 -2.71263 -2.70305
11.544 -2.7126 -2.70304
11.548 -2.71256 -2.70303
11.552 -2.71253 -2.70302
11.556 -2.7125 -2.70302
11.56 -2.71247 -2.70301
11.564 -2.71245 -2.70301
11.568 -2.71242 -2.703
11.572 -2.7124 -2.703
11.576 -2.71237 -2.703
11.58 -2.71235 -2.703
11.584 -2.71233 -2.703
11.588 -2.71231 -2.70301
11.592 -2.71229 -2.70301
11.596 -2.71227 -2.70302
11.6 -2.71226 -2.70303
11.604 -2.71224 -2.70304
11.608 -2.71223 -2.70305
11.612 -2.71222 -2.70306
11.616 -2.7122 -2.70307
11.62 -2.71219 -2.70308
11.624 -2.71219 -2.7031
11.628 -2.71218 -2.70312
11.632 -2.71217 -2.70313
11.636 -2.71216 -2.70315
11.64 -2.71216 -2.70317
11.644 -2.71216 -2.7032
11.648 -2.71215 -2.70322
11.652 -2.71215 -2.70324
11.656 -2.71215 -2.70327
11.66 -2.71215 -2.7033
11.664 -2.71216 -2.70333
11.668 -2.71216 -2.70336
11.672 -2.71217 -2.70339
11.676 -2.71217 -2.70342
11.68 -2.71218 -2.70345
11.684 -2.71219 -2.70349
11.688 -2.71219 -2.70352
11.692 -2.71221 -2.70356
11.696 -2.71222 -2.7036
11.7 -2.71223 -2.70364
11.704 -2.71224 -2.70368
11.708 -2.71226 -2.70372
11.712 -2.71227 -2.70376
11.716 -2.71229 -2.70381
11.72 -2.71231 -2.70385
11.724 -2.71233 -2.7039
11.728 -2.71235 -2.70395
11.732 -2.71237 -2.704
11.736 -2.71239 -2.70405
11.74 -2.71241 -2.7041
11.744 -2.71244 -2.70415
11.748 -2.71246 -2.70421
11.752 -2.71249 -2.70426
11.756 -2.71252 -2.70432
11.76 -2.71255 -2.70438
11.764 -2.71258 -2.70444
11.768 -2.71261 -2.7045
11.772 -2.71264 -2.70456
11.776 -2.71267 -2.70462
11.78 -2.71271 -2.70469
11.784 -2.71274 -2.70475
11.788 -2.71278 -2.70482
11.792 -2.71282 -2.70488
11.796 -2.71286 -2.70495
11.8 -2.71289 -2.70502
11.804 -2.71293 -2.70509
11.808 -2.71298 -2.70516
11.812 -2.71302 -2.70524
11.816 -2.71306 -2.70531
11.82 -2.71311 -2.70539
11.824 -2.71315 -2.70546
11.828 -2.7132 -2.70554
11.832 -2.71325 -2.70562
11.836 -2.71329 -2.7057
11.84 -2.71334 -2.70578
11.844 -2.71339 -2.70586
11.848 -2.71345 -2.70594
11.852 -2.7135 -2.70603
11.856 -2.71355 -2.70611
11.86 -2.71361 -2.7062
11.864 -2.71366 -2.70629
11.868 -2.71372 -2.70637
11.872 -2.71378 -2.70646
11.876 -2.71383 -2.70655
11.88 -2.71389 -2.70665
11.884 -2.71395 -2.70674
11.888 -2.71401 -2.70683
11.892 -2.71408 -2.70693
11.896 -2.71414 -2.70702
11.9 -2.7142 -2.70712
11.904 -2.71427 -2.70722
11.908 -2.71433 -2.70732
11.912 -2.7144 -2.70742
11.916 -2.71447 -2.70752
11.92 -2.71454 -2.70762
11.924 -2.71461 -2.70772
11.928 -2.71468 -2.70783
11.932 -2.71475 -2.70793
11.936 -2.71482 -2.70804
11.94 -2.7149 -2.70814
11.944 -2.71497 -2.70825
11.948 -2.71504 -2.70836
11.952 -2.71512 -2.70847
11.956 -2.7152 -2.70858
11.96 -2.71528 -2.70869
11.964 -2.71535 -2.70881
11.968 -2.71543 -2.70892
11.972 -2.71551 -2.70904
11.976 -2.7156 -2.70915
11.98 -2.71568 -2.70927
11.984 -2.71576 -2.70939
11.988 -2.71584 -2.70951
11.992 -2.71593 -2.70963
11.996 -2.71602 -2.70975
12 -2.7161 -2.70987
12.004 -2.71619 -2.70999
12.008 -2.71628 -2.71011
12.012 -2.71637 -2.71024
12.016 -2.71646 -2.71036
12.02 -2.71655 -2.71049
12.024 -2.71664 -2.71062
12.028 -2.71673 -2.71075
12.032 -2.71682 -2.71087
12.036 -2.71692 -2.711
12.04 -2.71701 -2.71114
12.044 -2.71711 -2.71127
12.048 -2.7172 -2.7114
12.052 -2.7173 -2.71153
12.056 -2.7174 -2.71167
12.06 -2.7175 -2.7118
12.064 -2.7176 -2.71194
12.068 -2.7177 -2.71208
12.072 -2.7178 -2.71221
12.076 -2.7179 -2.71235
12.08 -2.718 -2.71249
12.084 -2.71811 -2.71263
12.088 -2.71821 -2.71277
12.092 -2.71832 -2.71291
12.096 -2.71842 -2.71306
12.1 -2.71853 -2.7132
12.104 -2.71863 -2.71335
12.108 -2.71874 -2.71349
12.112 -2.71885 -2.71364
12.116 -2.71896 -2.71378
12.12 -2.71907 -2.71393
12.124 -2.71918 -2.71408
12.128 -2.71929 -2.71423
12.132 -2.71941 -2.71438
12.136 -2.71952 -2.71453
12.14 -2.71963 -2.71468
12.144 -2.71975 -2.71483
12.148 -2.71986 -2.71499
12.152 -2.71998 -2.71514
12.156 -2.72009 -2.71529
12.16 -2.72021 -2.71545
12.164 -2.72033 -2.71561
12.168 -2.72045 -2.71576
12.172 -2.72057 -2.71592
12.176 -2.72069 -2.71608
12.18 -2.72081 -2.71624
12.184 -2.72093 -2.7164
12.188 -2.72105 -2.71656
12.192 -2.72117 -2.71672
12.196 -2.72129 -2.71688
12.2 -2.72142 -2.71704
12.204 -2.72154 -2.71721
12.208 -2.72167 -2.71737
12.212 -2.72179 -2.71754
12.216 -2.72192 -2.7177
12.22 -2.72205 -2.71787
12.224 -2.72217 -2.71803
12.228 -2.7223 -2.7182
12.232 -2.72243 -2.71837
12.236 -2.72256 -2.71854
12.24 -2.72269 -2.71871
12.244 -2.72282 -2.71888
12.248 -2.72295 -2.71905
12.252 -2.72308 -2.71922
12.256 -2.72322 -2.71939
12.26 -2.72335 -2.71956
12.264 -2.72348 -2.71974
12.268 -2.72362 -2.71991
12.272 -2.72375 -2.72008
12.276 -2.72389 -2.72026
12.28 -2.72402 -2.72043
12.284 -2.72416 -2.72061
12.288 -2.72429 -2.72079
12.292 -2.72443 -2.72096
12.296 -2.72457 -2.72114
12.3 -2.72471 -2.72132
12.304 -2.72485 -2.7215
12.308 -2.72499 -2.72168
12.312 -2.72513 -2.72186
12.316 -2.72527 -2.72204
12.32 -2.72541 -2.72222
12.324 -2.72555 -2.7224
12.328 -2.72569 -2.72258
12.332 -2.72583 -2.72277
12.336 -2.72598 -2.72295
12.34 -2.72612 -2.72313
12.344 -2.72626 -2.72332
12.348 -2.72641 -2.7235
12.352 -2.72655 -2.72369
12.356 -2.7267 -2.72388
12.36 -2.72684 -2.72406
12.364 -2.72699 -2.72425
12.368 -2.72714 -2.72444
12.372 -2.72728 -2.72462
12.376 -2.72743 -2.72481
12.38 -2.72758 -2.725
12.384 -2.72773 -2.72519
12.388 -2.72788 -2.72538
12.392 -2.72803 -2.72557
12.396 -2.72818 -2.72576
12.4 -2.72833 -2.72595
12.404 -2.72848 -2.72614
12.408 -2.72863 -2.72634
12.412 -2.72878 -2.72653
12.416 -2.72893 -2.72672
12.42 -2.72908 -2.72691
12.424 -2.72924 -2.72711
12.428 -2.72939 -2.7273
12.432 -2.72954 -2.7275
12.436 -2.7297 -2.72769
12.44 -2.72985 -2.72789
12.444 -2.73001 -2.72808
12.448 -2.73016 -2.72828
12.452 -2.73032 -2.72847
12.456 -2.73047 -2.72867
12.46 -2.73063 -2.72887
12.464 -2.73078 -2.72907
12.468 -2.73094 -2.72926
12.472 -2.7311 -2.72946
12.476 -2.73125 -2.72966
12.48 -2.73141 -2.72986
12.484 -2.73157 -2.73006
12.488 -2.73173 -2.73026
12.492 -2.73189 -2.73046
12.496 -2.73204 -2.73066
12.5 -2.7322 -2.73086
12.504 -2.73236 -2.73106
12.508 -2.73252 -2.73126
12.512 -2.73268 -2.73146
12.516 -2.73284 -2.73166
12.52 -2.733 -2.73187
12.524 -2.73317 -2.73207
12.528 -2.73333 -2.73227
12.532 -2.73349 -2.73247
12.536 -2.73365 -2.73268
12.54 -2.73381 -2.73288
12.544 -2.73397 -2.73308
12.548 -2.73414 -2.73329
12.552 -2.7343 -2.73349
12.556 -2.73446 -2.7337
12.56 -2.73462 -2.7339
12.564 -2.73479 -2.73411
12.568 -2.73495 -2.73431
12.572 -2.73512 -2.73452
12.576 -2.73528 -2.73472
12.58 -2.73544 -2.73493
12.584 -2.73561 -2.73513
12.588 -2.73577 -2.73534
12.592 -2.73594 -2.73555
12.596 -2.7361 -2.73575
12.6 -2.73627 -2.73596
12.604 -2.73643 -2.73616
12.608 -2.7366 -2.73637
12.612 -2.73677 -2.73658
12.616 -2.73693 -2.73679
12.62 -2.7371 -2.73699
12.624 -2.73726 -2.7372
12.628 -2.73743 -2.73741
12.632 -2.7376 -2.73762
12.636 -2.73776 -2.73782
12.64 -2.73793 -2.73803
12.644 -2.7381 -2.73824
12.648 -2.73826 -2.73845
12.652 -2.73843 -2.73866
12.656 -2.7386 -2.73887
12.66 -2.73877 -2.73908
12.664 -2.73893 -2.73928
12.668 -2.7391 -2.73949
12.672 -2.73927 -2.7397
12.676 -2.73944 -2.73991
12.68 -2.73961 -2.74012
12.684 -2.73977 -2.74033
12.688 -2.73994 -2.74054
12.692 -2.74011 -2.74075
12.696 -2.74028 -2.74096
12.7 -2.74045 -2.74117
12.704 -2.74062 -2.74138
12.708 -2.74078 -2.74159
12.712 -2.74095 -2.74179
12.716 -2.74112 -2.742
12.72 -2.74129 -2.74221
12.724 -2.74146 -2.74242
12.728 -2.74163 -2.74263
12.732 -2.7418 -2.74284
12.736 -2.74197 -2.74305
12.74 -2.74213 -2.74326
12.744 -2.7423 -2.74347
12.748 -2.74247 -2.74368
12.752 -2.74264 -2.74389
12.756 -2.74281 -2.7441
12.76 -2.74298 -2.74431
12.764 -2.74315 -2.74452
12.768 -2.74332 -2.74473
12.772 -2.74349 -2.74494
12.776 -2.74365 -2.74515
12.78 -2.74382 -2.74536
12.784 -2.74399 -2.74557
12.788 -2.74416 -2.74577
12.792 -2.74433 -2.74598
12.796 -2.7445 -2.74619
12.8 -2.74467 -2.7464
12.804 -2.74484 -2.74661
12.808 -2.745 -2.74682
12.812 -2.74517 -2.74703
12.816 -2.74534 -2.74724
12.82 -2.74551 -2.74744
12.824 -2.74568 -2.74765
12.828 -2.74585 -2.74786
12.832 -2.74602 -2.74807
12.836 -2.74618 -2.74828
12.84 -2.74635 -2.74848
12.844 -2.74652 -2.74869
12.848 -2.74669 -2.7489
12.852 -2.74686 -2.74911
12.856 -2.74702 -2.74931
12.86 -2.74719 -2.74952
12.864 -2.74736 -2.74973
12.868 -2.74752 -2.74994
12.872 -2.74769 -2.75014
12.876 -2.74786 -2.75035
12.88 -2.74803 -2.75055
12.884 -2.74819 -2.75076
12.888 -2.74836 -2.75097
12.892 -2.74853 -2.75117
12.896 -2.74869 -2.75138
12.9 -2.74886 -2.75158
12.904 -2.74902 -2.75179
12.908 -2.74919 -2.75199
12.912 -2.74936 -2.7522
12.916 -2.74952 -2.7524
12.92 -2.74969 -2.7526
12.924 -2.74985 -2.75281
12.928 -2.75002 -2.75301
12.932 -2.75018 -2.75321
12.936 -2.75035 -2.75342
12.94 -2.75051 -2.75362
12.944 -2.75068 -2.75382
12.948 -2.75084 -2.75403
12.952 -2.751 -2.75423
12.956 -2.75117 -2.75443
12.96 -2.75133 -2.75463
12.964 -2.75149 -2.75483
12.968 -2.75166 -2.75503
12.972 -2.75182 -2.75523
12.976 -2.75198 -2.75543
12.98 -2.75214 -2.75563
12.984 -2.75231 -2.75583
12.988 -2.75247 -2.75603
12.992 -2.75263 -2.75623
12.996 -2.75279 -2.75643
13 -2.75295 -2.75663
13.004 -2.75311 -2.75683
13.008 -2.75327 -2.75702
13.012 -2.75343 -2.75722
13.016 -2.75359 -2.75742
13.02 -2.75375 -2.75761
13.024 -2.75391 -2.75781
13.028 -2.75407 -2.75801
13.032 -2.75423 -2.7582
13.036 -2.75439 -2.7584
13.04 -2.75454 -2.75859
13.044 -2.7547 -2.75879
13.048 -2.75486 -2.75898
13.052 -2.75502 -2.75917
13.056 -2.75517 -2.75937
13.06 -2.75533 -2.75956
13.064 -2.75549 -2.75975
13.068 -2.75564 -2.75994
13.072 -2.7558 -2.76013
13.076 -2.75595 -2.76033
13.08 -2.75611 -2.76052
13.084 -2.75626 -2.76071
13.088 -2.75642 -2.7609
13.092 -2.75657 -2.76109
13.096 -2.75672 -2.76127
13.1 -2.75688 -2.76146
13.104 -2.75703 -2.76165
13.108 -2.75718 -2.76184
13.112 -2.75733 -2.76202
13.116 -2.75748 -2.76221
13.12 -2.75763 -2.7624
13.124 -2.75779 -2.76258
13.128 -2.75794 -2.76277
13.132 -2.75809 -2.76295
13.136 -2.75823 -2.76314
13.14 -2.75838 -2.76332
13.144 -2.75853 -2.7635
13.148 -2.75868 -2.76369
13.152 -2.75883 -2.76387
13.156 -2.75898 -2.76405
13.16 -2.75912 -2.76423
13.164 -2.75927 -2.76441
13.168 -2.75942 -2.76459
13.172 -2.75956 -2.76477
13.176 -2.75971 -2.76495
13.18 -2.75985 -2.76513
13.184 -2.76 -2.76531
13.188 -2.76014 -2.76548
13.192 -2.76028 -2.76566
13.196 -2.76043 -2.76584
13.2 -2.76057 -2.76601
13.204 -2.76071 -2.76619
13.208 -2.76085 -2.76636
13.212 -2.76099 -2.76654
13.216 -2.76113 -2.76671
13.22 -2.76127 -2.76688
13.224 -2.76141 -2.76705
13.228 -2.76155 -2.76722
13.232 -2.76169 -2.7674
13.236 -2.76183 -2.76757
13.24 -2.76197 -2.76774
13.244 -2.7621 -2.7679
13.248 -2.76224 -2.76807
13.252 -2.76238 -2.76824
13.256 -2.76251 -2.76841
13.26 -2.76265 -2.76858
13.264 -2.76278 -2.76874
13.268 -2.76292 -2.76891
13.272 -2.76305 -2.76907
13.276 -2.76318 -2.76924
13.28 -2.76332 -2.7694
13.284 -2.76345 -2.76956
13.288 -2.76358 -2.76972
13.292 -2.76371 -2.76989
13.296 -2.76384 -2.77005
13.3 -2.76397 -2.77021
13.304 -2.7641 -2.77037
13.308 -2.76423 -2.77052
13.312 -2.76436 -2.77068
13.316 -2.76448 -2.77084
13.32 -2.76461 -2.771
13.324 -2.76474 -2.77115
13.328 -2.76486 -2.77131
13.332 -2.76499 -2.77146
13.336 -2.76511 -2.77162
13.34 -2.76524 -2.77177
13.344 -2.76536 -2.77192
13.348 -2.76548 -2.77208
13.352 -2.7656 -2.77223
13.356 -2.76573 -2.77238
13.36 -2.76585 -2.77253
13.364 -2.76597 -2.77268
13.368 -2.76609 -2.77282
13.372 -2.76621 -2.77297
13.376 -2.76632 -2.77312
13.38 -2.76644 -2.77326
13.384 -2.76656 -2.77341
13.388 -2.76668 -2.77355
13.392 -2.76679 -2.7737
13.396 -2.76691 -2.77384
13.4 -2.76702 -2.77398
13.404 -2.76714 -2.77412
13.408 -2.76725 -2.77426
13.412 -2.76736 -2.7744
13.416 -2.76748 -2.77454
13.42 -2.76759 -2.77468
13.424 -2.7677 -2.77482
13.428 -2.76781 -2.77496
13.432 -2.76792 -2.77509
13.436 -2.76803 -2.77523
13.44 -2.76813 -2.77536
13.444 -2.76824 -2.7755
13.448 -2.76835 -2.77563
13.452 -2.76845 -2.77576
13.456 -2.76856 -2.77589
13.46 -2.76867 -2.77602
13.464 -2.76877 -2.77615
13.468 -2.76887 -2.77628
13.472 -2.76898 -2.77641
13.476 -2.76908 -2.77654
13.48 -2.76918 -2.77666
13.484 -2.76928 -2.77679
13.488 -2.76938 -2.77691
13.492 -2.76948 -2.77704
13.496 -2.76958 -2.77716
13.5 -2.76968 -2.77728
13.504 -2.76977 -2.7774
13.508 -2.76987 -2.77752
13.512 -2.76996 -2.77764
13.516 -2.77006 -2.77776
13.52 -2.77015 -2.77788
13.524 -2.77025 -2.778
13.528 -2.77034 -2.77811
13.532 -2.77043 -2.77823
13.536 -2.77052 -2.77834
13.54 -2.77061 -2.77845
13.544 -2.7707 -2.77857
13.548 -2.77079 -2.77868
13.552 -2.77088 -2.77879
13.556 -2.77097 -2.7789
13.56 -2.77106 -2.77901
13.564 -2.77114 -2.77912
13.568 -2.77123 -2.77922
13.572 -2.77131 -2.77933
13.576 -2.77139 -2.77944
13.58 -2.77148 -2.77954
13.584 -2.77156 -2.77964
13.588 -2.77164 -2.77975
13.592 -2.77172 -2.77985
13.596 -2.7718 -2.77995
13.6 -2.77188 -2.78005
13.604 -2.77196 -2.78015
13.608 -2.77204 -2.78025
13.612 -2.77211 -2.78034
13.616 -2.77219 -2.78044
13.62 -2.77227 -2.78054
13.624 -2.77234 -2.78063
13.628 -2.77241 -2.78072
13.632 -2.77249 -2.78082
13.636 -2.77256 -2.78091
13.64 -2.77263 -2.781
13.644 -2.7727 -2.78109
13.648 -2.77277 -2.78118
13.652 -2.77284 -2.78126
13.656 -2.77291 -2.78135
13.66 -2.77297 -2.78144
13.664 -2.77304 -2.78152
13.668 -2.77311 -2.78161
13.672 -2.77317 -2.78169
13.676 -2.77323 -2.78177
13.68 -2.7733 -2.78185
13.684 -2.77336 -2.78193
13.688 -2.77342 -2.78201
13.692 -2.77348 -2.78209
13.696 -2.77354 -2.78217
13.7 -2.7736 -2.78224
13.704 -2.77366 -2.78232
13.708 -2.77372 -2.78239
13.712 -2.77377 -2.78247
13.716 -2.77383 -2.78254
13.72 -2.77388 -2.78261
13.724 -2.77394 -2.78268
13.728 -2.77399 -2.78275
13.732 -2.77404 -2.78282
13.736 -2.77409 -2.78288
13.74 -2.77415 -2.78295
13.744 -2.77419 -2.78301
13.748 -2.77424 -2.78308
13.752 -2.77429 -2.78314
13.756 -2.77434 -2.7832
13.76 -2.77439 -2.78327
13.764 -2.77443 -2.78333
13.768 -2.77448 -2.78338
13.772 -2.77452 -2.78344
13.776 -2.77456 -2.7835
13.78 -2.7746 -2.78356
13.784 -2.77465 -2.78361
13.788 -2.77469 -2.78367
13.792 -2.77472 -2.78372
13.796 -2.77476 -2.78377
13.8 -2.7748 -2.78382
13.804 -2.77484 -2.78387
13.808 -2.77487 -2.78392
13.812 -2.77491 -2.78397
13.816 -2.77494 -2.78401
13.82 -2.77498 -2.78406
13.824 -2.77501 -2.78411
13.828 -2.77504 -2.78415
13.832 -2.77507 -2.78419
13.836 -2.7751 -2.78423
13.84 -2.77513 -2.78427
13.844 -2.77516 -2.78431
13.848 -2.77518 -2.78435
13.852 -2.77521 -2.78439
13.856 -2.77524 -2.78443
13.86 -2.77526 -2.78446
13.864 -2.77528 -2.78449
13.868 -2.77531 -2.78453
13.872 -2.77533 -2.78456
13.876 -2.77535 -2.78459
13.88 -2.77537 -2.78462
13.884 -2.77539 -2.78465
13.888 -2.77541 -2.78468
13.892 -2.77542 -2.7847
13.896 -2.77544 -2.78473
13.9 -2.77545 -2.78476
13.904 -2.77547 -2.78478
13.908 -2.77548 -2.7848
13.912 -2.7755 -2.78482
13.916 -2.77551 -2.78484
13.92 -2.77552 -2.78486
13.924 -2.77553 -2.78488
13.928 -2.77554 -2.7849
13.932 -2.77554 -2.78491
13.936 -2.77555 -2.78493
13.94 -2.77556 -2.78494
13.944 -2.77556 -2.78496
13.948 -2.77557 -2.78497
13.952 -2.77557 -2.78498
13.956 -2.77557 -2.78499
13.96 -2.77558 -2.785
13.964 -2.77558 -2.785
13.968 -2.77558 -2.78501
13.972 -2.77558 -2.78502
13.976 -2.77557 -2.78502
13.98 -2.77557 -2.78502
13.984 -2.77557 -2.78503
13.988 -2.77556 -2.78503
13.992 -2.77556 -2.78503
13.996 -2.77555 -2.78502
14 -2.77554 -2.78502
14.004 -2.77553 -2.78502
14.008 -2.77552 -2.78501
14.012 -2.77551 -2.78501
14.016 -2.7755 -2.785
14.02 -2.77549 -2.78499
14.024 -2.77548 -2.78499
14.028 -2.77546 -2.78498
14.032 -2.77545 -2.78496
14.036 -2.77543 -2.78495
14.04 -2.77541 -2.78494
14.044 -2.7754 -2.78492
14.048 -2.77538 -2.78491
14.052 -2.77536 -2.78489
14.056 -2.77534 -2.78488
14.06 -2.77532 -2.78486
14.064 -2.77529 -2.78484
14.068 -2.77527 -2.78482
14.072 -2.77525 -2.78479
14.076 -2.77522 -2.78477
14.08 -2.77519 -2.78475
14.084 -2.77517 -2.78472
14.088 -2.77514 -2.78469
14.092 -2.77511 -2.78467
14.096 -2.77508 -2.78464
14.1 -2.77505 -2.78461
14.104 -2.77502 -2.78458
14.108 -2.77499 -2.78455
14.112 -2.77495 -2.78451
14.116 -2.77492 -2.78448
14.12 -2.77488 -2.78444
14.124 -2.77484 -2.78441
14.128 -2.77481 -2.78437
14.132 -2.77477 -2.78433
14.136 -2.77473 -2.78429
14.14 -2.77469 -2.78425
14.144 -2.77465 -2.78421
14.148 -2.77461 -2.78417
14.152 -2.77456 -2.78412
14.156 -2.77452 -2.78408
14.16 -2.77447 -2.78403
14.164 -2.77443 -2.78398
14.168 -2.77438 -2.78393
14.172 -2.77433 -2.78389
14.176 -2.77429 -2.78383
14.18 -2.77424 -2.78378
14.184 -2.77419 -2.78373
14.188 -2.77413 -2.78368
14.192 -2.77408 -2.78362
14.196 -2.77403 -2.78357
14.2 -2.77397 -2.78351
14.204 -2.77392 -2.78345
14.208 -2.77386 -2.78339
14.212 -2.77381 -2.78333
14.216 -2.77375 -2.78327
14.22 -2.77369 -2.78321
14.224 -2.77363 -2.78314
14.228 -2.77357 -2.78308
14.232 -2.77351 -2.78301
14.236 -2.77344 -2.78294
14.24 -2.77338 -2.78288
14.244 -2.77332 -2.78281
14.248 -2.77325 -2.78274
14.252 -2.77319 -2.78266
14.256 -2.77312 -2.78259
14.26 -2.77305 -2.78252
14.264 -2.77298 -2.78244
14.268 -2.77291 -2.78237
14.272 -2.77284 -2.78229
14.276 -2.77277 -2.78221
14.28 -2.7727 -2.78213
14.284 -2.77262 -2.78205
14.288 -2.77255 -2.78197
14.292 -2.77247 -2.78189
14.296 -2.7724 -2.78181
14.3 -2.77232 -2.78172
14.304 -2.77224 -2.78164
14.308 -2.77216 -2.78155
14.312 -2.77208 -2.78146
14.316 -2.772 -2.78138
14.32 -2.77192 -2.78129
14.324 -2.77184 -2.78119
14.328 -2.77175 -2.7811
14.332 -2.77167 -2.78101
14.336 -2.77158 -2.78092
14.34 -2.7715 -2.78082
14.344 -2.77141 -2.78072
14.348 -2.77132 -2.78063
14.352 -2.77123 -2.78053
14.356 -2.77114 -2.78043
14.36 -2.77105 -2.78033
14.364 -2.77096 -2.78023
14.368 -2.77087 -2.78012
14.372 -2.77077 -2.78002
14.376 -2.77068 -2.77992
14.38 -2.77058 -2.77981
14.384 -2.77049 -2.7797
14.388 -2.77039 -2.7796
14.392 -2.77029 -2.77949
14.396 -2.77019 -2.77938
14.4 -2.77009 -2.77927
14.404 -2.76999 -2.77915
14.408 -2.76989 -2.77904
14.412 -2.76979 -2.77893
14.416 -2.76968 -2.77881
14.42 -2.76958 -2.7787
14.424 -2.76947 -2.77858
14.428 -2.76937 -2.77846
14.432 -2.76926 -2.77834
14.436 -2.76915 -2.77822
14.44 -2.76905 -2.7781
14.444 -2.76894 -2.77798
14.448 -2.76883 -2.77785
14.452 -2.76871 -2.77773
14.456 -2.7686 -2.7776
14.46 -2.76849 -2.77748
14.464 -2.76838 -2.77735
14.468 -2.76826 -2.77722
14.472 -2.76814 -2.77709
14.476 -2.76803 -2.77696
14.48 -2.76791 -2.77683
14.484 -2.76779 -2.7767
14.488 -2.76767 -2.77656
14.492 -2.76755 -2.77643
14.496 -2.76743 -2.77629
14.5 -2.76731 -2.77616
14.504 -2.76719 -2.77602
14.508 -2.76707 -2.77588
14.512 -2.76694 -2.77574
14.516 -2.76682 -2.7756
14.52 -2.76669 -2.77546
14.524 -2.76657 -2.77532
14.528 -2.76644 -2.77517
14.532 -2.76631 -2.77503
14.536 -2.76618 -2.77488
14.54 -2.76605 -2.77474
14.544 -2.76592 -2.77459
14.548 -2.76579 -2.77444
14.552 -2.76566 -2.77429
14.556 -2.76552 -2.77414
14.56 -2.76539 -2.77399
14.564 -2.76525 -2.77384
14.568 -2.76512 -2.77368
14.572 -2.76498 -2.77353
14.576 -2.76484 -2.77337
14.58 -2.76471 -2.77322
14.584 -2.76457 -2.77306
14.588 -2.76443 -2.7729
14.592 -2.76429 -2.77274
14.596 -2.76415 -2.77258
14.6 -2.764 -2.77242
14.604 -2.76386 -2.77226
14.608 -2.76372 -2.7721
14.612 -2.76357 -2.77194
14.616 -2.76343 -2.77177
14.62 -2.76328 -2.7716
14.624 -2.76313 -2.77144
14.628 -2.76299 -2.77127
14.632 -2.76284 -2.7711
14.636 -2.76269 -2.77093
14.64 -2.76254 -2.77076
14.644 -2.76239 -2.77059
14.648 -2.76224 -2.77042
14.652 -2.76209 -2.77025
14.656 -2.76193 -2.77007
14.66 -2.76178 -2.7699
14.664 -2.76162 -2.76972
14.668 -2.76147 -2.76955
14.672 -2.76131 -2.76937
14.676 -2.76116 -2.76919
14.68 -2.761 -2.76901
14.684 -2.76084 -2.76883
14.688 -2.76068 -2.76865
14.692 -2.76052 -2.76847
14.696 -2.76036 -2.76828
14.7 -2.7602 -2.7681
14.704 -2.76004 -2.76792
14.708 -2.75987 -2.76773
14.712 -2.75971 -2.76754
14.716 -2.75955 -2.76736
14.72 -2.75938 -2.76717
14.724 -2.75922 -2.76698
14.728 -2.75905 -2.76679
14.732 -2.75888 -2.7666
14.736 -2.75871 -2.76641
14.74 -2.75855 -2.76622
14.744 -2.75838 -2.76602
14.748 -2.75821 -2.76583
14.752 -2.75804 -2.76563
14.756 -2.75787 -2.76544
14.76 -2.75769 -2.76524
14.764 -2.75752 -2.76505
14.768 -2.75735 -2.76485
14.772 -2.75717 -2.76465
14.776 -2.757 -2.76445
14.78 -2.75682 -2.76425
14.784 -2.75665 -2.76405
14.788 -2.75647 -2.76384
14.792 -2.75629 -2.76364
14.796 -2.75611 -2.76344
14.8 -2.75594 -2.76323
14.804 -2.75576 -2.76303
14.808 -2.75558 -2.76282
14.812 -2.75539 -2.76261
14.816 -2.75521 -2.76241
14.82 -2.75503 -2.7622
14.824 -2.75485 -2.76199
14.828 -2.75467 -2.76178
14.832 -2.75448 -2.76157
14.836 -2.7543 -2.76136
14.84 -2.75411 -2.76114
14.844 -2.75392 -2.76093
14.848 -2.75374 -2.76072
14.852 -2.75355 -2.7605
14.856 -2.75336 -2.76029
14.86 -2.75317 -2.76007
14.864 -2.75299 -2.75985
14.868 -2.7528 -2.75964
14.872 -2.75261 -2.75942
14.876 -2.75241 -2.7592
14.88 -2.75222 -2.75898
14.884 -2.75203 -2.75876
14.888 -2.75184 -2.75854
14.892 -2.75165 -2.75832
14.896 -2.75145 -2.75809
14.9 -2.75126 -2.75787
14.904 -2.75106 -2.75765
14.908 -2.75087 -2.75742
14.912 -2.75067 -2.7572
14.916 -2.75047 -2.75697
14.92 -2.75028 -2.75674
14.924 -2.75008 -2.75652
14.928 -2.74988 -2.75629
14.932 -2.74968 -2.75606
14.936 -2.74948 -2.75583
14.94 -2.74928 -2.7556
14.944 -2.74908 -2.75537
14.948 -2.74888 -2.75514
14.952 -2.74868 -2.7549
14.956 -2.74847 -2.75467
14.96 -2.74827 -2.75444
14.964 -2.74807 -2.7542
14.968 -2.74786 -2.75397
14.972 -2.74766 -2.75373
14.976 -2.74745 -2.7535
14.98 -2.74725 -2.75326
14.984 -2.74704 -2.75302
14.988 -2.74684 -2.75279
14.992 -2.74663 -2.75255
14.996 -2.74642 -2.75231
