0.012 3.36296
0.016 3.36297
0.02 3.36299
0.024 3.36301
0.028 3.36303
0.032 3.36305
0.036 3.36307
0.04 3.36308
0.044 3.3631
0.048 3.36312
0.052 3.36314
0.056 3.36316
0.06 3.36317
0.064 3.36319
0.068 3.36321
0.072 3.36323
0.076 3.36324
0.08 3.36326
0.084 3.36328
0.088 3.3633
0.092 3.36331
0.096 3.36333
0.1 3.36335
0.104 3.36337
0.108 3.36338
0.112 3.3634
0.116 3.36342
0.12 3.36343
0.124 3.36345
0.128 3.36347
0.132 3.36348
0.136 3.3635
0.14 3.36352
0.144 3.36353
0.148 3.36355
0.152 3.36357
0.156 3.36358
0.16 3.3636
0.164 3.36361
0.168 3.36363
0.172 3.36364
0.176 3.36366
0.18 3.36367
0.184 3.36369
0.188 3.3637
0.192 3.36372
0.196 3.36373
0.2 3.36375
0.204 3.36376
0.208 3.36378
0.212 3.36379
0.216 3.3638
0.22 3.36382
0.224 3.36383
0.228 3.36384
0.232 3.36386
0.236 3.36387
0.24 3.36388
0.244 3.36389
0.248 3.36391
0.252 3.36392
0.256 3.36393
0.26 3.36394
0.264 3.36395
0.268 3.36396
0.272 3.36397
0.276 3.36399
0.28 3.364
0.284 3.36401
0.288 3.36402
0.292 3.36403
0.296 3.36404
0.3 3.36405
0.304 3.36405
0.308 3.36406
0.312 3.36407
0.316 3.36408
0.32 3.36409
0.324 3.3641
0.328 3.3641
0.332 3.36411
0.336 3.36412
0.34 3.36413
0.344 3.36413
0.348 3.36414
0.352 3.36415
0.356 3.36415
0.36 3.36416
0.364 3.36416
0.368 3.36417
0.372 3.36417
0.376 3.36418
0.38 3.36418
0.384 3.36418
0.388 3.36419
0.392 3.36419
0.396 3.36419
0.4 3.3642
0.404 3.3642
0.408 3.3642
0.412 3.3642
0.416 3.3642
0.42 3.3642
0.424 3.36421
0.428 3.36421
0.432 3.36421
0.436 3.36421
0.44 3.3642
0.444 3.3642
0.448 3.3642
0.452 3.3642
0.456 3.3642
0.46 3.3642
0.464 3.36419
0.468 3.36419
0.472 3.36419
0.476 3.36418
0.48 3.36418
0.484 3.36417
0.488 3.36417
0.492 3.36416
0.496 3.36416
0.5 3.36415
0.504 3.36415
0.508 3.36414
0.512 3.36413
0.516 3.36412
0.52 3.36412
0.524 3.36411
0.528 3.3641
0.532 3.36409
0.536 3.36408
0.54 3.36407
0.544 3.36406
0.548 3.36405
0.552 3.36404
0.556 3.36403
0.56 3.36401
0.564 3.364
0.568 3.36399
0.572 3.36398
0.576 3.36396
0.58 3.36395
0.584 3.36393
0.588 3.36392
0.592 3.3639
0.596 3.36389
0.6 3.36387
0.604 3.36385
0.608 3.36384
0.612 3.36382
0.616 3.3638
0.62 3.36378
0.624 3.36376
0.628 3.36374
0.632 3.36372
0.636 3.3637
0.64 3.36368
0.644 3.36366
0.648 3.36364
0.652 3.36361
0.656 3.36359
0.66 3.36357
0.664 3.36354
0.668 3.36352
0.672 3.36349
0.676 3.36347
0.68 3.36344
0.684 3.36342
0.688 3.36339
0.692 3.36336
0.696 3.36333
0.7 3.3633
0.704 3.36328
0.708 3.36325
0.712 3.36322
0.716 3.36319
0.72 3.36315
0.724 3.36312
0.728 3.36309
0.732 3.36306
0.736 3.36303
0.74 3.36299
0.744 3.36296
0.748 3.36292
0.752 3.36289
0.756 3.36285
0.76 3.36281
0.764 3.36278
0.768 3.36274
0.772 3.3627
0.776 3.36266
0.78 3.36262
0.784 3.36258
0.788 3.36254
0.792 3.3625
0.796 3.36246
0.8 3.36242
0.804 3.36238
0.808 3.36233
0.812 3.36229
0.816 3.36225
0.82 3.3622
0.824 3.36216
0.828 3.36211
0.832 3.36206
0.836 3.36202
0.84 3.36197
0.844 3.36192
0.848 3.36187
0.852 3.36182
0.856 3.36177
0.86 3.36172
0.864 3.36167
0.868 3.36162
0.872 3.36156
0.876 3.36151
0.88 3.36146
0.884 3.3614
0.888 3.36135
0.892 3.36129
0.896 3.36124
0.9 3.36118
0.904 3.36112
0.908 3.36106
0.912 3.361
0.916 3.36094
0.92 3.36088
0.924 3.36082
0.928 3.36076
0.932 3.3607
0.936 3.36064
0.94 3.36058
0.944 3.36051
0.948 3.36045
0.952 3.36038
0.956 3.36032
0.96 3.36025
0.964 3.36018
0.968 3.36011
0.972 3.36005
0.976 3.35998
0.98 3.35991
0.984 3.35984
0.988 3.35977
0.992 3.35969
0.996 3.35962
1 3.35955
1.004 3.35948
1.008 3.3594
1.012 3.35933
1.016 3.35925
1.02 3.35917
1.024 3.3591
1.028 3.35902
1.032 3.35894
1.036 3.35886
1.04 3.35878
1.044 3.3587
1.048 3.35862
1.052 3.35854
1.056 3.35846
1.06 3.35837
1.064 3.35829
1.068 3.35821
1.072 3.35812
1.076 3.35803
1.08 3.35795
1.084 3.35786
1.088 3.35777
1.092 3.35768
1.096 3.35759
1.1 3.3575
1.104 3.35741
1.108 3.35732
1.112 3.35723
1.116 3.35714
1.12 3.35704
1.124 3.35695
1.128 3.35685
1.132 3.35676
1.136 3.35666
1.14 3.35656
1.144 3.35647
1.148 3.35637
1.152 3.35627
1.156 3.35617
1.16 3.35607
1.164 3.35597
1.168 3.35586
1.172 3.35576
1.176 3.35566
1.18 3.35555
1.184 3.35545
1.188 3.35534
1.192 3.35523
1.196 3.35513
1.2 3.35502
1.204 3.35491
1.208 3.3548
1.212 3.35469
1.216 3.35458
1.22 3.35447
1.224 3.35436
1.228 3.35424
1.232 3.35413
1.236 3.35401
1.24 3.3539
1.244 3.35378
1.248 3.35366
1.252 3.35355
1.256 3.35343
1.26 3.35331
1.264 3.35319
1.268 3.35307
1.272 3.35295
1.276 3.35283
1.28 3.3527
1.284 3.35258
1.288 3.35245
1.292 3.35233
1.296 3.3522
1.3 3.35208
1.304 3.35195
1.308 3.35182
1.312 3.35169
1.316 3.35156
1.32 3.35143
1.324 3.3513
1.328 3.35117
1.332 3.35104
1.336 3.3509
1.34 3.35077
1.344 3.35063
1.348 3.3505
1.352 3.35036
1.356 3.35022
1.36 3.35009
1.364 3.34995
1.368 3.34981
1.372 3.34967
1.376 3.34953
1.38 3.34938
1.384 3.34924
1.388 3.3491
1.392 3.34895
1.396 3.34881
1.4 3.34866
1.404 3.34852
1.408 3.34837
1.412 3.34822
1.416 3.34807
1.42 3.34792
1.424 3.34777
1.428 3.34762
1.432 3.34747
1.436 3.34732
1.44 3.34716
1.444 3.34701
1.448 3.34685
1.452 3.3467
1.456 3.34654
1.46 3.34638
1.464 3.34623
1.468 3.34607
1.472 3.34591
1.476 3.34575
1.48 3.34559
1.484 3.34542
1.488 3.34526
1.492 3.3451
1.496 3.34493
1.5 3.34477
1.504 3.3446
1.508 3.34444
1.512 3.34427
1.516 3.3441
1.52 3.34393
1.524 3.34376
1.528 3.34359
1.532 3.34342
1.536 3.34325
1.54 3.34307
1.544 3.3429
1.548 3.34273
1.552 3.34255
1.556 3.34238
1.56 3.3422
1.564 3.34202
1.568 3.34184
1.572 3.34166
1.576 3.34148
1.58 3.3413
1.584 3.34112
1.588 3.34094
1.592 3.34076
1.596 3.34057
1.6 3.34039
1.604 3.3402
1.608 3.34002
1.612 3.33983
1.616 3.33964
1.62 3.33946
1.624 3.33927
1.628 3.33908
1.632 3.33889
1.636 3.3387
1.64 3.3385
1.644 3.33831
1.648 3.33812
1.652 3.33792
1.656 3.33773
1.66 3.33753
1.664 3.33733
1.668 3.33714
1.672 3.33694
1.676 3.33674
1.68 3.33654
1.684 3.33634
1.688 3.33614
1.692 3.33594
1.696 3.33573
1.7 3.33553
1.704 3.33533
1.708 3.33512
1.712 3.33491
1.716 3.33471
1.72 3.3345
1.724 3.33429
1.728 3.33408
1.732 3.33387
1.736 3.33366
1.74 3.33345
1.744 3.33324
1.748 3.33303
1.752 3.33281
1.756 3.3326
1.76 3.33239
1.764 3.33217
1.768 3.33195
1.772 3.33174
1.776 3.33152
1.78 3.3313
1.784 3.33108
1.788 3.33086
1.792 3.33064
1.796 3.33042
1.8 3.33019
1.804 3.32997
1.808 3.32975
1.812 3.32952
1.816 3.3293
1.82 3.32907
1.824 3.32884
1.828 3.32862
1.832 3.32839
1.836 3.32816
1.84 3.32793
1.844 3.3277
1.848 3.32747
1.852 3.32724
1.856 3.327
1.86 3.32677
1.864 3.32654
1.868 3.3263
1.872 3.32607
1.876 3.32583
1.88 3.32559
1.884 3.32535
1.888 3.32512
1.892 3.32488
1.896 3.32464
1.9 3.3244
1.904 3.32415
1.908 3.32391
1.912 3.32367
1.916 3.32343
1.92 3.32318
1.924 3.32294
1.928 3.32269
1.932 3.32245
1.936 3.3222
1.94 3.32195
1.944 3.3217
1.948 3.32145
1.952 3.3212
1.956 3.32095
1.96 3.3207
1.964 3.32045
1.968 3.3202
1.972 3.31994
1.976 3.31969
1.98 3.31944
1.984 3.31918
1.988 3.31892
1.992 3.31867
1.996 3.31841
2 3.31815
2.004 3.31789
2.008 3.31763
2.012 3.31737
2.016 3.31711
2.02 3.31685
2.024 3.31659
2.028 3.31633
2.032 3.31606
2.036 3.3158
2.04 3.31553
2.044 3.31527
2.048 3.315
2.052 3.31473
2.056 3.31447
2.06 3.3142
2.064 3.31393
2.068 3.31366
2.072 3.31339
2.076 3.31312
2.08 3.31285
2.084 3.31258
2.088 3.3123
2.092 3.31203
2.096 3.31176
2.1 3.31148
2.104 3.31121
2.108 3.31093
2.112 3.31065
2.116 3.31038
2.12 3.3101
2.124 3.30982
2.128 3.30954
2.132 3.30926
2.136 3.30898
2.14 3.3087
2.144 3.30842
2.148 3.30814
2.152 3.30785
2.156 3.30757
2.16 3.30729
2.164 3.307
2.168 3.30672
2.172 3.30643
2.176 3.30615
2.18 3.30586
2.184 3.30557
2.188 3.30528
2.192 3.30499
2.196 3.3047
2.2 3.30441
2.204 3.30412
2.208 3.30383
2.212 3.30354
2.216 3.30325
2.22 3.30296
2.224 3.30266
2.228 3.30237
2.232 3.30207
2.236 3.30178
2.24 3.30148
2.244 3.30119
2.248 3.30089
2.252 3.30059
2.256 3.30029
2.26 3.29999
2.264 3.2997
2.268 3.2994
2.272 3.2991
2.276 3.29879
2.28 3.29849
2.284 3.29819
2.288 3.29789
2.292 3.29759
2.296 3.29728
2.3 3.29698
2.304 3.29667
2.308 3.29637
2.312 3.29606
2.316 3.29576
2.32 3.29545
2.324 3.29514
2.328 3.29484
2.332 3.29453
2.336 3.29422
2.34 3.29391
2.344 3.2936
2.348 3.29329
2.352 3.29298
2.356 3.29267
2.36 3.29235
2.364 3.29204
2.368 3.29173
2.372 3.29142
2.376 3.2911
2.38 3.29079
2.384 3.29047
2.388 3.29016
2.392 3.28984
2.396 3.28953
2.4 3.28921
2.404 3.28889
2.408 3.28857
2.412 3.28826
2.416 3.28794
2.42 3.28762
2.424 3.2873
2.428 3.28698
2.432 3.28666
2.436 3.28634
2.44 3.28602
2.444 3.28569
2.448 3.28537
2.452 3.28505
2.456 3.28473
2.46 3.2844
2.464 3.28408
2.468 3.28375
2.472 3.28343
2.476 3.2831
2.48 3.28278
2.484 3.28245
2.488 3.28213
2.492 3.2818
2.496 3.28147
2.5 3.28114
2.504 3.28081
2.508 3.28049
2.512 3.28016
2.516 3.27983
2.52 3.2795
2.524 3.27917
2.528 3.27884
2.532 3.27851
2.536 3.27817
2.54 3.27784
2.544 3.27751
2.548 3.27718
2.552 3.27685
2.556 3.27651
2.56 3.27618
2.564 3.27584
2.568 3.27551
2.572 3.27518
2.576 3.27484
2.58 3.2745
2.584 3.27417
2.588 3.27383
2.592 3.2735
2.596 3.27316
2.6 3.27282
2.604 3.27248
2.608 3.27215
2.612 3.27181
2.616 3.27147
2.62 3.27113
2.624 3.27079
2.628 3.27045
2.632 3.27011
2.636 3.26977
2.64 3.26943
2.644 3.26909
2.648 3.26875
2.652 3.26841
2.656 3.26807
2.66 3.26772
2.664 3.26738
2.668 3.26704
2.672 3.2667
2.676 3.26635
2.68 3.26601
2.684 3.26567
2.688 3.26532
2.692 3.26498
2.696 3.26463
2.7 3.26429
2.704 3.26394
2.708 3.2636
2.712 3.26325
2.716 3.26291
2.72 3.26256
2.724 3.26222
2.728 3.26187
2.732 3.26152
2.736 3.26117
2.74 3.26083
2.744 3.26048
2.748 3.26013
2.752 3.25978
2.756 3.25944
2.76 3.25909
2.764 3.25874
2.768 3.25839
2.772 3.25804
2.776 3.25769
2.78 3.25734
2.784 3.25699
2.788 3.25664
2.792 3.25629
2.796 3.25594
2.8 3.25559
2.804 3.25524
2.808 3.25489
2.812 3.25454
2.816 3.25419
2.82 3.25384
2.824 3.25348
2.828 3.25313
2.832 3.25278
2.836 3.25243
2.84 3.25208
2.844 3.25172
2.848 3.25137
2.852 3.25102
2.856 3.25066
2.86 3.25031
2.864 3.24996
2.868 3.2496
2.872 3.24925
2.876 3.2489
2.88 3.24854
2.884 3.24819
2.888 3.24784
2.892 3.24748
2.896 3.24713
2.9 3.24677
2.904 3.24642
2.908 3.24606
2.912 3.24571
2.916 3.24535
2.92 3.245
2.924 3.24464
2.928 3.24429
2.932 3.24393
2.936 3.24358
2.94 3.24322
2.944 3.24287
2.948 3.24251
2.952 3.24216
2.956 3.2418
2.96 3.24145
2.964 3.24109
2.968 3.24073
2.972 3.24038
2.976 3.24002
2.98 3.23967
2.984 3.23931
2.988 3.23895
2.992 3.2386
2.996 3.23824
3 3.23789
3.004 3.23753
3.008 3.23717
3.012 3.23682
3.016 3.23646
3.02 3.2361
3.024 3.23575
3.028 3.23539
3.032 3.23503
3.036 3.23468
3.04 3.23432
3.044 3.23397
3.048 3.23361
3.052 3.23325
3.056 3.2329
3.06 3.23254
3.064 3.23218
3.068 3.23183
3.072 3.23147
3.076 3.23111
3.08 3.23076
3.084 3.2304
3.088 3.23004
3.092 3.22969
3.096 3.22933
3.1 3.22898
3.104 3.22862
3.108 3.22826
3.112 3.22791
3.116 3.22755
3.12 3.2272
3.124 3.22684
3.128 3.22649
3.132 3.22613
3.136 3.22577
3.14 3.22542
3.144 3.22506
3.148 3.22471
3.152 3.22435
3.156 3.224
3.16 3.22364
3.164 3.22329
3.168 3.22293
3.172 3.22258
3.176 3.22222
3.18 3.22187
3.184 3.22151
3.188 3.22116
3.192 3.2208
3.196 3.22045
3.2 3.2201
3.204 3.21974
3.208 3.21939
3.212 3.21903
3.216 3.21868
3.22 3.21833
3.224 3.21797
3.228 3.21762
3.232 3.21727
3.236 3.21692
3.24 3.21656
3.244 3.21621
3.248 3.21586
3.252 3.21551
3.256 3.21515
3.26 3.2148
3.264 3.21445
3.268 3.2141
3.272 3.21375
3.276 3.2134
3.28 3.21305
3.284 3.21269
3.288 3.21234
3.292 3.21199
3.296 3.21164
3.3 3.21129
3.304 3.21094
3.308 3.21059
3.312 3.21024
3.316 3.2099
3.32 3.20955
3.324 3.2092
3.328 3.20885
3.332 3.2085
3.336 3.20815
3.34 3.20781
3.344 3.20746
3.348 3.20711
3.352 3.20676
3.356 3.20642
3.36 3.20607
3.364 3.20572
3.368 3.20538
3.372 3.20503
3.376 3.20469
3.38 3.20434
3.384 3.20399
3.388 3.20365
3.392 3.20331
3.396 3.20296
3.4 3.20262
3.404 3.20227
3.408 3.20193
3.412 3.20159
3.416 3.20124
3.42 3.2009
3.424 3.20056
3.428 3.20022
3.432 3.19987
3.436 3.19953
3.44 3.19919
3.444 3.19885
3.448 3.19851
3.452 3.19817
3.456 3.19783
3.46 3.19749
3.464 3.19715
3.468 3.19681
3.472 3.19647
3.476 3.19614
3.48 3.1958
3.484 3.19546
3.488 3.19512
3.492 3.19479
3.496 3.19445
3.5 3.19411
3.504 3.19378
3.508 3.19344
3.512 3.19311
3.516 3.19277
3.52 3.19244
3.524 3.1921
3.528 3.19177
3.532 3.19144
3.536 3.1911
3.54 3.19077
3.544 3.19044
3.548 3.19011
3.552 3.18977
3.556 3.18944
3.56 3.18911
3.564 3.18878
3.568 3.18845
3.572 3.18812
3.576 3.18779
3.58 3.18747
3.584 3.18714
3.588 3.18681
3.592 3.18648
3.596 3.18615
3.6 3.18583
3.604 3.1855
3.608 3.18518
3.612 3.18485
3.616 3.18453
3.62 3.1842
3.624 3.18388
3.628 3.18355
3.632 3.18323
3.636 3.18291
3.64 3.18258
3.644 3.18226
3.648 3.18194
3.652 3.18162
3.656 3.1813
3.66 3.18098
3.664 3.18066
3.668 3.18034
3.672 3.18002
3.676 3.1797
3.68 3.17939
3.684 3.17907
3.688 3.17875
3.692 3.17844
3.696 3.17812
3.7 3.1778
3.704 3.17749
3.708 3.17718
3.712 3.17686
3.716 3.17655
3.72 3.17623
3.724 3.17592
3.728 3.17561
3.732 3.1753
3.736 3.17499
3.74 3.17468
3.744 3.17437
3.748 3.17406
3.752 3.17375
3.756 3.17344
3.76 3.17313
3.764 3.17283
3.768 3.17252
3.772 3.17221
3.776 3.17191
3.78 3.1716
3.784 3.1713
3.788 3.17099
3.792 3.17069
3.796 3.17039
3.8 3.17008
3.804 3.16978
3.808 3.16948
3.812 3.16918
3.816 3.16888
3.82 3.16858
3.824 3.16828
3.828 3.16798
3.832 3.16768
3.836 3.16739
3.84 3.16709
3.844 3.16679
3.848 3.1665
3.852 3.1662
3.856 3.16591
3.86 3.16561
3.864 3.16532
3.868 3.16503
3.872 3.16473
3.876 3.16444
3.88 3.16415
3.884 3.16386
3.888 3.16357
3.892 3.16328
3.896 3.16299
3.9 3.1627
3.904 3.16242
3.908 3.16213
3.912 3.16184
3.916 3.16156
3.92 3.16127
3.924 3.16099
3.928 3.1607
3.932 3.16042
3.936 3.16014
3.94 3.15985
3.944 3.15957
3.948 3.15929
3.952 3.15901
3.956 3.15873
3.96 3.15845
3.964 3.15817
3.968 3.1579
3.972 3.15762
3.976 3.15734
3.98 3.15707
3.984 3.15679
3.988 3.15652
3.992 3.15624
3.996 3.15597
4 3.1557
4.004 3.15543
4.008 3.15515
4.012 3.15488
4.016 3.15461
4.02 3.15434
4.024 3.15408
4.028 3.15381
4.032 3.15354
4.036 3.15327
4.04 3.15301
4.044 3.15274
4.048 3.15248
4.052 3.15221
4.056 3.15195
4.06 3.15169
4.064 3.15143
4.068 3.15116
4.072 3.1509
4.076 3.15064
4.08 3.15038
4.084 3.15013
4.088 3.14987
4.092 3.14961
4.096 3.14935
4.1 3.1491
4.104 3.14884
4.108 3.14859
4.112 3.14834
4.116 3.14808
4.12 3.14783
4.124 3.14758
4.128 3.14733
4.132 3.14708
4.136 3.14683
4.14 3.14658
4.144 3.14633
4.148 3.14608
4.152 3.14584
4.156 3.14559
4.16 3.14535
4.164 3.1451
4.168 3.14486
4.172 3.14461
4.176 3.14437
4.18 3.14413
4.184 3.14389
4.188 3.14365
4.192 3.14341
4.196 3.14317
4.2 3.14293
4.204 3.1427
4.208 3.14246
4.212 3.14222
4.216 3.14199
4.22 3.14175
4.224 3.14152
4.228 3.14129
4.232 3.14105
4.236 3.14082
4.24 3.14059
4.244 3.14036
4.248 3.14013
4.252 3.13991
4.256 3.13968
4.26 3.13945
4.264 3.13922
4.268 3.139
4.272 3.13877
4.276 3.13855
4.28 3.13833
4.284 3.13811
4.288 3.13788
4.292 3.13766
4.296 3.13744
4.3 3.13722
4.304 3.137
4.308 3.13679
4.312 3.13657
4.316 3.13635
4.32 3.13614
4.324 3.13592
4.328 3.13571
4.332 3.1355
4.336 3.13528
4.34 3.13507
4.344 3.13486
4.348 3.13465
4.352 3.13444
4.356 3.13423
4.36 3.13402
4.364 3.13382
4.368 3.13361
4.372 3.13341
4.376 3.1332
4.38 3.133
4.384 3.13279
4.388 3.13259
4.392 3.13239
4.396 3.13219
4.4 3.13199
4.404 3.13179
4.408 3.13159
4.412 3.13139
4.416 3.1312
4.42 3.131
4.424 3.13081
4.428 3.13061
4.432 3.13042
4.436 3.13022
4.44 3.13003
4.444 3.12984
4.448 3.12965
4.452 3.12946
4.456 3.12927
4.46 3.12908
4.464 3.1289
4.468 3.12871
4.472 3.12852
4.476 3.12834
4.48 3.12816
4.484 3.12797
4.488 3.12779
4.492 3.12761
4.496 3.12743
4.5 3.12725
4.504 3.12707
4.508 3.12689
4.512 3.12671
4.516 3.12653
4.52 3.12636
4.524 3.12618
4.528 3.12601
4.532 3.12583
4.536 3.12566
4.54 3.12549
4.544 3.12532
4.548 3.12515
4.552 3.12498
4.556 3.12481
4.56 3.12464
4.564 3.12447
4.568 3.12431
4.572 3.12414
4.576 3.12398
4.58 3.12381
4.584 3.12365
4.588 3.12349
4.592 3.12332
4.596 3.12316
4.6 3.123
4.604 3.12284
4.608 3.12269
4.612 3.12253
4.616 3.12237
4.62 3.12222
4.624 3.12206
4.628 3.12191
4.632 3.12175
4.636 3.1216
4.64 3.12145
4.644 3.1213
4.648 3.12115
4.652 3.121
4.656 3.12085
4.66 3.1207
4.664 3.12055
4.668 3.12041
4.672 3.12026
4.676 3.12012
4.68 3.11997
4.684 3.11983
4.688 3.11969
4.692 3.11955
4.696 3.11941
4.7 3.11927
4.704 3.11913
4.708 3.11899
4.712 3.11885
4.716 3.11872
4.72 3.11858
4.724 3.11845
4.728 3.11831
4.732 3.11818
4.736 3.11805
4.74 3.11792
4.744 3.11778
4.748 3.11765
4.752 3.11753
4.756 3.1174
4.76 3.11727
4.764 3.11714
4.768 3.11702
4.772 3.11689
4.776 3.11677
4.78 3.11664
4.784 3.11652
4.788 3.1164
4.792 3.11628
4.796 3.11616
4.8 3.11604
4.804 3.11592
4.808 3.1158
4.812 3.11568
4.816 3.11557
4.82 3.11545
4.824 3.11534
4.828 3.11522
4.832 3.11511
4.836 3.115
4.84 3.11489
4.844 3.11478
4.848 3.11467
4.852 3.11456
4.856 3.11445
4.86 3.11434
4.864 3.11424
4.868 3.11413
4.872 3.11403
4.876 3.11392
4.88 3.11382
4.884 3.11372
4.888 3.11361
4.892 3.11351
4.896 3.11341
4.9 3.11331
4.904 3.11321
4.908 3.11312
4.912 3.11302
4.916 3.11292
4.92 3.11283
4.924 3.11273
4.928 3.11264
4.932 3.11255
4.936 3.11245
4.94 3.11236
4.944 3.11227
4.948 3.11218
4.952 3.11209
4.956 3.112
4.96 3.11192
4.964 3.11183
4.968 3.11174
4.972 3.11166
4.976 3.11157
4.98 3.11149
4.984 3.11141
4.988 3.11132
4.992 3.11124
4.996 3.11116
5 3.11108
5.004 3.111
5.008 3.11093
5.012 3.11085
5.016 3.11077
5.02 3.1107
5.024 3.11062
5.028 3.11055
5.032 3.11047
5.036 3.1104
5.04 3.11033
5.044 3.11026
5.048 3.11019
5.052 3.11012
5.056 3.11005
5.06 3.10998
5.064 3.10991
5.068 3.10984
5.072 3.10978
5.076 3.10971
5.08 3.10965
5.084 3.10958
5.088 3.10952
5.092 3.10946
5.096 3.1094
5.1 3.10934
5.104 3.10928
5.108 3.10922
5.112 3.10916
5.116 3.1091
5.12 3.10904
5.124 3.10899
5.128 3.10893
5.132 3.10888
5.136 3.10882
5.14 3.10877
5.144 3.10872
5.148 3.10866
5.152 3.10861
5.156 3.10856
5.16 3.10851
5.164 3.10846
5.168 3.10842
5.172 3.10837
5.176 3.10832
5.18 3.10828
5.184 3.10823
5.188 3.10819
5.192 3.10814
5.196 3.1081
5.2 3.10806
5.204 3.10801
5.208 3.10797
5.212 3.10793
5.216 3.10789
5.22 3.10785
5.224 3.10781
5.228 3.10778
5.232 3.10774
5.236 3.1077
5.24 3.10767
5.244 3.10763
5.248 3.1076
5.252 3.10757
5.256 3.10753
5.26 3.1075
5.264 3.10747
5.268 3.10744
5.272 3.10741
5.276 3.10738
5.28 3.10735
5.284 3.10732
5.288 3.1073
5.292 3.10727
5.296 3.10724
5.3 3.10722
5.304 3.10719
5.308 3.10717
5.312 3.10715
5.316 3.10713
5.32 3.1071
5.324 3.10708
5.328 3.10706
5.332 3.10704
5.336 3.10702
5.34 3.107
5.344 3.10699
5.348 3.10697
5.352 3.10695
5.356 3.10694
5.36 3.10692
5.364 3.10691
5.368 3.10689
5.372 3.10688
5.376 3.10687
5.38 3.10685
5.384 3.10684
5.388 3.10683
5.392 3.10682
5.396 3.10681
5.4 3.1068
5.404 3.10679
5.408 3.10679
5.412 3.10678
5.416 3.10677
5.42 3.10677
5.424 3.10676
5.428 3.10676
5.432 3.10675
5.436 3.10675
5.44 3.10675
5.444 3.10675
5.448 3.10674
5.452 3.10674
5.456 3.10674
5.46 3.10674
5.464 3.10674
5.468 3.10674
5.472 3.10675
5.476 3.10675
5.48 3.10675
5.484 3.10676
5.488 3.10676
5.492 3.10677
5.496 3.10677
5.5 3.10678
5.504 3.10678
5.508 3.10679
5.512 3.1068
5.516 3.10681
5.52 3.10682
5.524 3.10683
5.528 3.10684
5.532 3.10685
5.536 3.10686
5.54 3.10687
5.544 3.10688
5.548 3.10689
5.552 3.10691
5.556 3.10692
5.56 3.10694
5.564 3.10695
5.568 3.10697
5.572 3.10698
5.576 3.107
5.58 3.10702
5.584 3.10703
5.588 3.10705
5.592 3.10707
5.596 3.10709
5.6 3.10711
5.604 3.10713
5.608 3.10715
5.612 3.10717
5.616 3.10719
5.62 3.10722
5.624 3.10724
5.628 3.10726
5.632 3.10729
5.636 3.10731
5.64 3.10734
5.644 3.10736
5.648 3.10739
5.652 3.10741
5.656 3.10744
5.66 3.10747
5.664 3.10749
5.668 3.10752
5.672 3.10755
5.676 3.10758
5.68 3.10761
5.684 3.10764
5.688 3.10767
5.692 3.1077
5.696 3.10773
5.7 3.10777
5.704 3.1078
5.708 3.10783
5.712 3.10786
5.716 3.1079
5.72 3.10793
5.724 3.10797
5.728 3.108
5.732 3.10804
5.736 3.10807
5.74 3.10811
5.744 3.10815
5.748 3.10818
5.752 3.10822
5.756 3.10826
5.76 3.1083
5.764 3.10834
5.768 3.10838
5.772 3.10842
5.776 3.10846
5.78 3.1085
5.784 3.10854
5.788 3.10858
5.792 3.10862
5.796 3.10866
5.8 3.10871
5.804 3.10875
5.808 3.10879
5.812 3.10884
5.816 3.10888
5.82 3.10892
5.824 3.10897
5.828 3.10901
5.832 3.10906
5.836 3.10911
5.84 3.10915
5.844 3.1092
5.848 3.10925
5.852 3.10929
5.856 3.10934
5.86 3.10939
5.864 3.10944
5.868 3.10949
5.872 3.10954
5.876 3.10958
5.88 3.10963
5.884 3.10968
5.888 3.10974
5.892 3.10979
5.896 3.10984
5.9 3.10989
5.904 3.10994
5.908 3.10999
5.912 3.11004
5.916 3.1101
5.92 3.11015
5.924 3.1102
5.928 3.11026
5.932 3.11031
5.936 3.11037
5.94 3.11042
5.944 3.11048
5.948 3.11053
5.952 3.11059
5.956 3.11064
5.96 3.1107
5.964 3.11075
5.968 3.11081
5.972 3.11087
5.976 3.11092
5.98 3.11098
5.984 3.11104
5.988 3.1111
5.992 3.11115
5.996 3.11121
6 3.11127
6.004 3.11133
6.008 3.11139
6.012 3.11145
6.016 3.11151
6.02 3.11157
6.024 3.11163
6.028 3.11169
6.032 3.11175
6.036 3.11181
6.04 3.11187
6.044 3.11193
6.048 3.11199
6.052 3.11205
6.056 3.11212
6.06 3.11218
6.064 3.11224
6.068 3.1123
6.072 3.11237
6.076 3.11243
6.08 3.11249
6.084 3.11256
6.088 3.11262
6.092 3.11268
6.096 3.11275
6.1 3.11281
6.104 3.11287
6.108 3.11294
6.112 3.113
6.116 3.11307
6.12 3.11313
6.124 3.1132
6.128 3.11326
6.132 3.11333
6.136 3.11339
6.14 3.11346
6.144 3.11352
6.148 3.11359
6.152 3.11366
6.156 3.11372
6.16 3.11379
6.164 3.11385
6.168 3.11392
6.172 3.11399
6.176 3.11405
6.18 3.11412
6.184 3.11419
6.188 3.11425
6.192 3.11432
6.196 3.11439
6.2 3.11446
6.204 3.11452
6.208 3.11459
6.212 3.11466
6.216 3.11473
6.22 3.11479
6.224 3.11486
6.228 3.11493
6.232 3.115
6.236 3.11507
6.24 3.11514
6.244 3.1152
6.248 3.11527
6.252 3.11534
6.256 3.11541
6.26 3.11548
6.264 3.11555
6.268 3.11561
6.272 3.11568
6.276 3.11575
6.28 3.11582
6.284 3.11589
6.288 3.11596
6.292 3.11603
6.296 3.1161
6.3 3.11617
6.304 3.11623
6.308 3.1163
6.312 3.11637
6.316 3.11644
6.32 3.11651
6.324 3.11658
6.328 3.11665
6.332 3.11672
6.336 3.11679
6.34 3.11686
6.344 3.11692
6.348 3.11699
6.352 3.11706
6.356 3.11713
6.36 3.1172
6.364 3.11727
6.368 3.11734
6.372 3.11741
6.376 3.11748
6.38 3.11755
6.384 3.11761
6.388 3.11768
6.392 3.11775
6.396 3.11782
6.4 3.11789
6.404 3.11796
6.408 3.11803
6.412 3.11809
6.416 3.11816
6.42 3.11823
6.424 3.1183
6.428 3.11837
6.432 3.11844
6.436 3.1185
6.44 3.11857
6.444 3.11864
6.448 3.11871
6.452 3.11877
6.456 3.11884
6.46 3.11891
6.464 3.11898
6.468 3.11904
6.472 3.11911
6.476 3.11918
6.48 3.11925
6.484 3.11931
6.488 3.11938
6.492 3.11945
6.496 3.11951
6.5 3.11958
6.504 3.11965
6.508 3.11971
6.512 3.11978
6.516 3.11984
6.52 3.11991
6.524 3.11997
6.528 3.12004
6.532 3.12011
6.536 3.12017
6.54 3.12024
6.544 3.1203
6.548 3.12036
6.552 3.12043
6.556 3.12049
6.56 3.12056
6.564 3.12062
6.568 3.12069
6.572 3.12075
6.576 3.12081
6.58 3.12088
6.584 3.12094
6.588 3.121
6.592 3.12106
6.596 3.12113
6.6 3.12119
6.604 3.12125
6.608 3.12131
6.612 3.12138
6.616 3.12144
6.62 3.1215
6.624 3.12156
6.628 3.12162
6.632 3.12168
6.636 3.12174
6.64 3.1218
6.644 3.12186
6.648 3.12192
6.652 3.12198
6.656 3.12204
6.66 3.1221
6.664 3.12216
6.668 3.12222
6.672 3.12227
6.676 3.12233
6.68 3.12239
6.684 3.12245
6.688 3.1225
6.692 3.12256
6.696 3.12262
6.7 3.12267
6.704 3.12273
6.708 3.12279
6.712 3.12284
6.716 3.1229
6.72 3.12295
6.724 3.12301
6.728 3.12306
6.732 3.12312
6.736 3.12317
6.74 3.12322
6.744 3.12328
6.748 3.12333
6.752 3.12338
6.756 3.12343
6.76 3.12349
6.764 3.12354
6.768 3.12359
6.772 3.12364
6.776 3.12369
6.78 3.12374
6.784 3.12379
6.788 3.12384
6.792 3.12389
6.796 3.12394
6.8 3.12399
6.804 3.12404
6.808 3.12409
6.812 3.12413
6.816 3.12418
6.82 3.12423
6.824 3.12428
6.828 3.12432
6.832 3.12437
6.836 3.12441
6.84 3.12446
6.844 3.1245
6.848 3.12455
6.852 3.12459
6.856 3.12464
6.86 3.12468
6.864 3.12472
6.868 3.12477
6.872 3.12481
6.876 3.12485
6.88 3.12489
6.884 3.12493
6.888 3.12497
6.892 3.12501
6.896 3.12505
6.9 3.12509
6.904 3.12513
6.908 3.12517
6.912 3.12521
6.916 3.12525
6.92 3.12528
6.924 3.12532
6.928 3.12536
6.932 3.12539
6.936 3.12543
6.94 3.12547
6.944 3.1255
6.948 3.12553
6.952 3.12557
6.956 3.1256
6.96 3.12564
6.964 3.12567
6.968 3.1257
6.972 3.12573
6.976 3.12576
6.98 3.1258
6.984 3.12583
6.988 3.12586
6.992 3.12589
6.996 3.12592
7 3.12594
7.004 3.12597
7.008 3.126
7.012 3.12603
7.016 3.12605
7.02 3.12608
7.024 3.12611
7.028 3.12613
7.032 3.12616
7.036 3.12618
7.04 3.12621
7.044 3.12623
7.048 3.12625
7.052 3.12627
7.056 3.1263
7.06 3.12632
7.064 3.12634
7.068 3.12636
7.072 3.12638
7.076 3.1264
7.08 3.12642
7.084 3.12644
7.088 3.12646
7.092 3.12647
7.096 3.12649
7.1 3.12651
7.104 3.12652
7.108 3.12654
7.112 3.12655
7.116 3.12657
7.12 3.12658
7.124 3.12659
7.128 3.12661
7.132 3.12662
7.136 3.12663
7.14 3.12664
7.144 3.12665
7.148 3.12666
7.152 3.12667
7.156 3.12668
7.16 3.12669
7.164 3.1267
7.168 3.12671
7.172 3.12671
7.176 3.12672
7.18 3.12673
7.184 3.12673
7.188 3.12673
7.192 3.12674
7.196 3.12674
7.2 3.12675
7.204 3.12675
7.208 3.12675
7.212 3.12675
7.216 3.12675
7.22 3.12675
7.224 3.12675
7.228 3.12675
7.232 3.12675
7.236 3.12675
7.24 3.12674
7.244 3.12674
7.248 3.12674
7.252 3.12673
7.256 3.12673
7.26 3.12672
7.264 3.12672
7.268 3.12671
7.272 3.1267
7.276 3.12669
7.28 3.12668
7.284 3.12668
7.288 3.12667
7.292 3.12666
7.296 3.12664
7.3 3.12663
7.304 3.12662
7.308 3.12661
7.312 3.12659
7.316 3.12658
7.32 3.12657
7.324 3.12655
7.328 3.12653
7.332 3.12652
7.336 3.1265
7.34 3.12648
7.344 3.12646
7.348 3.12644
7.352 3.12643
7.356 3.1264
7.36 3.12638
7.364 3.12636
7.368 3.12634
7.372 3.12632
7.376 3.12629
7.38 3.12627
7.384 3.12625
7.388 3.12622
7.392 3.12619
7.396 3.12617
7.4 3.12614
7.404 3.12611
7.408 3.12608
7.412 3.12605
7.416 3.12602
7.42 3.12599
7.424 3.12596
7.428 3.12593
7.432 3.1259
7.436 3.12587
7.44 3.12583
7.444 3.1258
7.448 3.12576
7.452 3.12573
7.456 3.12569
7.46 3.12565
7.464 3.12562
7.468 3.12558
7.472 3.12554
7.476 3.1255
7.48 3.12546
7.484 3.12542
7.488 3.12538
7.492 3.12533
7.496 3.12529
7.5 3.12525
7.504 3.1252
7.508 3.12516
7.512 3.12511
7.516 3.12507
7.52 3.12502
7.524 3.12497
7.528 3.12492
7.532 3.12487
7.536 3.12482
7.54 3.12477
7.544 3.12472
7.548 3.12467
7.552 3.12462
7.556 3.12456
7.56 3.12451
7.564 3.12446
7.568 3.1244
7.572 3.12435
7.576 3.12429
7.58 3.12423
7.584 3.12417
7.588 3.12411
7.592 3.12406
7.596 3.124
7.6 3.12393
7.604 3.12387
7.608 3.12381
7.612 3.12375
7.616 3.12369
7.62 3.12362
7.624 3.12356
7.628 3.12349
7.632 3.12342
7.636 3.12336
7.64 3.12329
7.644 3.12322
7.648 3.12315
7.652 3.12308
7.656 3.12301
7.66 3.12294
7.664 3.12287
7.668 3.1228
7.672 3.12272
7.676 3.12265
7.68 3.12258
7.684 3.1225
7.688 3.12242
7.692 3.12235
7.696 3.12227
7.7 3.12219
7.704 3.12211
7.708 3.12203
7.712 3.12195
7.716 3.12187
7.72 3.12179
7.724 3.12171
7.728 3.12163
7.732 3.12154
7.736 3.12146
7.74 3.12137
7.744 3.12129
7.748 3.1212
7.752 3.12111
7.756 3.12102
7.76 3.12094
7.764 3.12085
7.768 3.12076
7.772 3.12066
7.776 3.12057
7.78 3.12048
7.784 3.12039
7.788 3.12029
7.792 3.1202
7.796 3.1201
7.8 3.12001
7.804 3.11991
7.808 3.11982
7.812 3.11972
7.816 3.11962
7.82 3.11952
7.824 3.11942
7.828 3.11932
7.832 3.11922
7.836 3.11911
7.84 3.11901
7.844 3.11891
7.848 3.1188
7.852 3.1187
7.856 3.11859
7.86 3.11849
7.864 3.11838
7.868 3.11827
7.872 3.11816
7.876 3.11805
7.88 3.11794
7.884 3.11783
7.888 3.11772
7.892 3.11761
7.896 3.1175
7.9 3.11738
7.904 3.11727
7.908 3.11715
7.912 3.11704
7.916 3.11692
7.92 3.11681
7.924 3.11669
7.928 3.11657
7.932 3.11645
7.936 3.11633
7.94 3.11621
7.944 3.11609
7.948 3.11597
7.952 3.11584
7.956 3.11572
7.96 3.1156
7.964 3.11547
7.968 3.11535
7.972 3.11522
7.976 3.11509
7.98 3.11497
7.984 3.11484
7.988 3.11471
7.992 3.11458
7.996 3.11445
8 3.11432
8.004 3.11419
8.008 3.11405
8.012 3.11392
8.016 3.11379
8.02 3.11365
8.024 3.11352
8.028 3.11338
8.032 3.11324
8.036 3.11311
8.04 3.11297
8.044 3.11283
8.048 3.11269
8.052 3.11255
8.056 3.11241
8.06 3.11227
8.064 3.11213
8.068 3.11198
8.072 3.11184
8.076 3.1117
8.08 3.11155
8.084 3.11141
8.088 3.11126
8.092 3.11111
8.096 3.11096
8.1 3.11082
8.104 3.11067
8.108 3.11052
8.112 3.11037
8.116 3.11022
8.12 3.11006
8.124 3.10991
8.128 3.10976
8.132 3.10961
8.136 3.10945
8.14 3.1093
8.144 3.10914
8.148 3.10898
8.152 3.10883
8.156 3.10867
8.16 3.10851
8.164 3.10835
8.168 3.10819
8.172 3.10803
8.176 3.10787
8.18 3.10771
8.184 3.10755
8.188 3.10739
8.192 3.10722
8.196 3.10706
8.2 3.10689
8.204 3.10673
8.208 3.10656
8.212 3.10639
8.216 3.10623
8.22 3.10606
8.224 3.10589
8.228 3.10572
8.232 3.10555
8.236 3.10538
8.24 3.10521
8.244 3.10504
8.248 3.10486
8.252 3.10469
8.256 3.10452
8.26 3.10434
8.264 3.10417
8.268 3.10399
8.272 3.10381
8.276 3.10364
8.28 3.10346
8.284 3.10328
8.288 3.1031
8.292 3.10292
8.296 3.10274
8.3 3.10256
8.304 3.10238
8.308 3.1022
8.312 3.10202
8.316 3.10183
8.32 3.10165
8.324 3.10146
8.328 3.10128
8.332 3.10109
8.336 3.10091
8.34 3.10072
8.344 3.10053
8.348 3.10035
8.352 3.10016
8.356 3.09997
8.36 3.09978
8.364 3.09959
8.368 3.0994
8.372 3.0992
8.376 3.09901
8.38 3.09882
8.384 3.09863
8.388 3.09843
8.392 3.09824
8.396 3.09804
8.4 3.09785
8.404 3.09765
8.408 3.09745
8.412 3.09726
8.416 3.09706
8.42 3.09686
8.424 3.09666
8.428 3.09646
8.432 3.09626
8.436 3.09606
8.44 3.09586
8.444 3.09565
8.448 3.09545
8.452 3.09525
8.456 3.09505
8.46 3.09484
8.464 3.09464
8.468 3.09443
8.472 3.09422
8.476 3.09402
8.48 3.09381
8.484 3.0936
8.488 3.0934
8.492 3.09319
8.496 3.09298
8.5 3.09277
8.504 3.09256
8.508 3.09235
8.512 3.09214
8.516 3.09192
8.52 3.09171
8.524 3.0915
8.528 3.09129
8.532 3.09107
8.536 3.09086
8.54 3.09064
8.544 3.09043
8.548 3.09021
8.552 3.08999
8.556 3.08978
8.56 3.08956
8.564 3.08934
8.568 3.08912
8.572 3.0889
8.576 3.08869
8.58 3.08847
8.584 3.08824
8.588 3.08802
8.592 3.0878
8.596 3.08758
8.6 3.08736
8.604 3.08714
8.608 3.08691
8.612 3.08669
8.616 3.08646
8.62 3.08624
8.624 3.08601
8.628 3.08579
8.632 3.08556
8.636 3.08534
8.64 3.08511
8.644 3.08488
8.648 3.08465
8.652 3.08442
8.656 3.0842
8.66 3.08397
8.664 3.08374
8.668 3.08351
8.672 3.08328
8.676 3.08304
8.68 3.08281
8.684 3.08258
8.688 3.08235
8.692 3.08212
8.696 3.08188
8.7 3.08165
8.704 3.08141
8.708 3.08118
8.712 3.08094
8.716 3.08071
8.72 3.08047
8.724 3.08024
8.728 3.08
8.732 3.07976
8.736 3.07953
8.74 3.07929
8.744 3.07905
8.748 3.07881
8.752 3.07857
8.756 3.07833
8.76 3.07809
8.764 3.07785
8.768 3.07761
8.772 3.07737
8.776 3.07713
8.78 3.07689
8.784 3.07665
8.788 3.0764
8.792 3.07616
8.796 3.07592
8.8 3.07568
8.804 3.07543
8.808 3.07519
8.812 3.07494
8.816 3.0747
8.82 3.07445
8.824 3.07421
8.828 3.07396
8.832 3.07371
8.836 3.07347
8.84 3.07322
8.844 3.07297
8.848 3.07273
8.852 3.07248
8.856 3.07223
8.86 3.07198
8.864 3.07173
8.868 3.07148
8.872 3.07123
8.876 3.07098
8.88 3.07073
8.884 3.07048
8.888 3.07023
8.892 3.06998
8.896 3.06973
8.9 3.06948
8.904 3.06922
8.908 3.06897
8.912 3.06872
8.916 3.06847
8.92 3.06821
8.924 3.06796
8.928 3.06771
8.932 3.06745
8.936 3.0672
8.94 3.06694
8.944 3.06669
8.948 3.06643
8.952 3.06618
8.956 3.06592
8.96 3.06567
8.964 3.06541
8.968 3.06515
8.972 3.0649
8.976 3.06464
8.98 3.06438
8.984 3.06413
8.988 3.06387
8.992 3.06361
8.996 3.06335
9 3.06309
9.004 3.06284
9.008 3.06258
9.012 3.06232
9.016 3.06206
9.02 3.0618
9.024 3.06154
9.028 3.06128
9.032 3.06102
9.036 3.06076
9.04 3.0605
9.044 3.06024
9.048 3.05998
9.052 3.05972
9.056 3.05946
9.06 3.05919
9.064 3.05893
9.068 3.05867
9.072 3.05841
9.076 3.05815
9.08 3.05788
9.084 3.05762
9.088 3.05736
9.092 3.0571
9.096 3.05683
9.1 3.05657
9.104 3.05631
9.108 3.05604
9.112 3.05578
9.116 3.05552
9.12 3.05525
9.124 3.05499
9.128 3.05473
9.132 3.05446
9.136 3.0542
9.14 3.05393
9.144 3.05367
9.148 3.0534
9.152 3.05314
9.156 3.05287
9.16 3.05261
9.164 3.05234
9.168 3.05208
9.172 3.05181
9.176 3.05155
9.18 3.05128
9.184 3.05102
9.188 3.05075
9.192 3.05048
9.196 3.05022
9.2 3.04995
9.204 3.04969
9.208 3.04942
9.212 3.04915
9.216 3.04889
9.22 3.04862
9.224 3.04835
9.228 3.04809
9.232 3.04782
9.236 3.04756
9.24 3.04729
9.244 3.04702
9.248 3.04676
9.252 3.04649
9.256 3.04622
9.26 3.04595
9.264 3.04569
9.268 3.04542
9.272 3.04515
9.276 3.04489
9.28 3.04462
9.284 3.04435
9.288 3.04409
9.292 3.04382
9.296 3.04355
9.3 3.04328
9.304 3.04302
9.308 3.04275
9.312 3.04248
9.316 3.04222
9.32 3.04195
9.324 3.04168
9.328 3.04141
9.332 3.04115
9.336 3.04088
9.34 3.04061
9.344 3.04035
9.348 3.04008
9.352 3.03981
9.356 3.03955
9.36 3.03928
9.364 3.03901
9.368 3.03875
9.372 3.03848
9.376 3.03821
9.38 3.03795
9.384 3.03768
9.388 3.03741
9.392 3.03715
9.396 3.03688
9.4 3.03661
9.404 3.03635
9.408 3.03608
9.412 3.03581
9.416 3.03555
9.42 3.03528
9.424 3.03502
9.428 3.03475
9.432 3.03449
9.436 3.03422
9.44 3.03395
9.444 3.03369
9.448 3.03342
9.452 3.03316
9.456 3.03289
9.46 3.03263
9.464 3.03236
9.468 3.0321
9.472 3.03183
9.476 3.03157
9.48 3.03131
9.484 3.03104
9.488 3.03078
9.492 3.03051
9.496 3.03025
9.5 3.02999
9.504 3.02972
9.508 3.02946
9.512 3.0292
9.516 3.02893
9.52 3.02867
9.524 3.02841
9.528 3.02814
9.532 3.02788
9.536 3.02762
9.54 3.02736
9.544 3.0271
9.548 3.02683
9.552 3.02657
9.556 3.02631
9.56 3.02605
9.564 3.02579
9.568 3.02553
9.572 3.02527
9.576 3.02501
9.58 3.02475
9.584 3.02449
9.588 3.02423
9.592 3.02397
9.596 3.02371
9.6 3.02345
9.604 3.02319
9.608 3.02293
9.612 3.02267
9.616 3.02242
9.62 3.02216
9.624 3.0219
9.628 3.02164
9.632 3.02138
9.636 3.02113
9.64 3.02087
9.644 3.02061
9.648 3.02036
9.652 3.0201
9.656 3.01985
9.66 3.01959
9.664 3.01934
9.668 3.01908
9.672 3.01883
9.676 3.01857
9.68 3.01832
9.684 3.01806
9.688 3.01781
9.692 3.01756
9.696 3.0173
9.7 3.01705
9.704 3.0168
9.708 3.01654
9.712 3.01629
9.716 3.01604
9.72 3.01579
9.724 3.01554
9.728 3.01529
9.732 3.01504
9.736 3.01479
9.74 3.01454
9.744 3.01429
9.748 3.01404
9.752 3.01379
9.756 3.01354
9.76 3.01329
9.764 3.01305
9.768 3.0128
9.772 3.01255
9.776 3.0123
9.78 3.01206
9.784 3.01181
9.788 3.01157
9.792 3.01132
9.796 3.01108
9.8 3.01083
9.804 3.01059
9.808 3.01034
9.812 3.0101
9.816 3.00986
9.82 3.00961
9.824 3.00937
9.828 3.00913
9.832 3.00889
9.836 3.00864
9.84 3.0084
9.844 3.00816
9.848 3.00792
9.852 3.00768
9.856 3.00744
9.86 3.0072
9.864 3.00697
9.868 3.00673
9.872 3.00649
9.876 3.00625
9.88 3.00601
9.884 3.00578
9.888 3.00554
9.892 3.00531
9.896 3.00507
9.9 3.00484
9.904 3.0046
9.908 3.00437
9.912 3.00413
9.916 3.0039
9.92 3.00367
9.924 3.00343
9.928 3.0032
9.932 3.00297
9.936 3.00274
9.94 3.00251
9.944 3.00228
9.948 3.00205
9.952 3.00182
9.956 3.00159
9.96 3.00136
9.964 3.00114
9.968 3.00091
9.972 3.00068
9.976 3.00045
9.98 3.00023
9.984 3
9.988 2.99978
9.992 2.99955
9.996 2.99933
10 2.99911
10.004 2.99888
10.008 2.99866
10.012 2.99844
10.016 2.99822
10.02 2.99799
10.024 2.99777
10.028 2.99755
10.032 2.99733
10.036 2.99711
10.04 2.9969
10.044 2.99668
10.048 2.99646
10.052 2.99624
10.056 2.99603
10.06 2.99581
10.064 2.99559
10.068 2.99538
10.072 2.99517
10.076 2.99495
10.08 2.99474
10.084 2.99452
10.088 2.99431
10.092 2.9941
10.096 2.99389
10.1 2.99368
10.104 2.99347
10.108 2.99326
10.112 2.99305
10.116 2.99284
10.12 2.99263
10.124 2.99243
10.128 2.99222
10.132 2.99201
10.136 2.99181
10.14 2.9916
10.144 2.9914
10.148 2.99119
10.152 2.99099
10.156 2.99079
10.16 2.99058
10.164 2.99038
10.168 2.99018
10.172 2.98998
10.176 2.98978
10.18 2.98958
10.184 2.98938
10.188 2.98918
10.192 2.98899
10.196 2.98879
10.2 2.98859
10.204 2.9884
10.208 2.9882
10.212 2.98801
10.216 2.98781
10.22 2.98762
10.224 2.98742
10.228 2.98723
10.232 2.98704
10.236 2.98685
10.24 2.98666
10.244 2.98647
10.248 2.98628
10.252 2.98609
10.256 2.9859
10.26 2.98572
10.264 2.98553
10.268 2.98534
10.272 2.98516
10.276 2.98497
10.28 2.98479
10.284 2.9846
10.288 2.98442
10.292 2.98424
10.296 2.98406
10.3 2.98388
10.304 2.9837
10.308 2.98352
10.312 2.98334
10.316 2.98316
10.32 2.98298
10.324 2.9828
10.328 2.98263
10.332 2.98245
10.336 2.98228
10.34 2.9821
10.344 2.98193
10.348 2.98175
10.352 2.98158
10.356 2.98141
10.36 2.98124
10.364 2.98107
10.368 2.9809
10.372 2.98073
10.376 2.98056
10.38 2.98039
10.384 2.98023
10.388 2.98006
10.392 2.97989
10.396 2.97973
10.4 2.97956
10.404 2.9794
10.408 2.97924
10.412 2.97907
10.416 2.97891
10.42 2.97875
10.424 2.97859
10.428 2.97843
10.432 2.97827
10.436 2.97811
10.44 2.97796
10.444 2.9778
10.448 2.97764
10.452 2.97749
10.456 2.97733
10.46 2.97718
10.464 2.97703
10.468 2.97687
10.472 2.97672
10.476 2.97657
10.48 2.97642
10.484 2.97627
10.488 2.97612
10.492 2.97597
10.496 2.97582
10.5 2.97568
10.504 2.97553
10.508 2.97539
10.512 2.97524
10.516 2.9751
10.52 2.97495
10.524 2.97481
10.528 2.97467
10.532 2.97453
10.536 2.97439
10.54 2.97425
10.544 2.97411
10.548 2.97397
10.552 2.97383
10.556 2.9737
10.56 2.97356
10.564 2.97342
10.568 2.97329
10.572 2.97316
10.576 2.97302
10.58 2.97289
10.584 2.97276
10.588 2.97263
10.592 2.9725
10.596 2.97237
10.6 2.97224
10.604 2.97211
10.608 2.97199
10.612 2.97186
10.616 2.97173
10.62 2.97161
10.624 2.97148
10.628 2.97136
10.632 2.97124
10.636 2.97112
10.64 2.971
10.644 2.97088
10.648 2.97076
10.652 2.97064
10.656 2.97052
10.66 2.9704
10.664 2.97028
10.668 2.97017
10.672 2.97005
10.676 2.96994
10.68 2.96983
10.684 2.96971
10.688 2.9696
10.692 2.96949
10.696 2.96938
10.7 2.96927
10.704 2.96916
10.708 2.96905
10.712 2.96895
10.716 2.96884
10.72 2.96873
10.724 2.96863
10.728 2.96852
10.732 2.96842
10.736 2.96832
10.74 2.96822
10.744 2.96812
10.748 2.96802
10.752 2.96792
10.756 2.96782
10.76 2.96772
10.764 2.96762
10.768 2.96753
10.772 2.96743
10.776 2.96733
10.78 2.96724
10.784 2.96715
10.788 2.96706
10.792 2.96696
10.796 2.96687
10.8 2.96678
10.804 2.96669
10.808 2.9666
10.812 2.96652
10.816 2.96643
10.82 2.96634
10.824 2.96626
10.828 2.96617
10.832 2.96609
10.836 2.96601
10.84 2.96592
10.844 2.96584
10.848 2.96576
10.852 2.96568
10.856 2.9656
10.86 2.96552
10.864 2.96545
10.868 2.96537
10.872 2.96529
10.876 2.96522
10.88 2.96514
10.884 2.96507
10.888 2.965
10.892 2.96493
10.896 2.96485
10.9 2.96478
10.904 2.96471
10.908 2.96465
10.912 2.96458
10.916 2.96451
10.92 2.96444
10.924 2.96438
10.928 2.96431
10.932 2.96425
10.936 2.96419
10.94 2.96412
10.944 2.96406
10.948 2.964
10.952 2.96394
10.956 2.96388
10.96 2.96382
10.964 2.96377
10.968 2.96371
10.972 2.96365
10.976 2.9636
10.98 2.96354
10.984 2.96349
10.988 2.96344
10.992 2.96338
10.996 2.96333
11 2.96328
11.004 2.96323
11.008 2.96318
11.012 2.96313
11.016 2.96309
11.02 2.96304
11.024 2.96299
11.028 2.96295
11.032 2.96291
11.036 2.96286
11.04 2.96282
11.044 2.96278
11.048 2.96274
11.052 2.9627
11.056 2.96266
11.06 2.96262
11.064 2.96258
11.068 2.96254
11.072 2.96251
11.076 2.96247
11.08 2.96244
11.084 2.9624
11.088 2.96237
11.092 2.96234
11.096 2.96231
11.1 2.96228
11.104 2.96225
11.108 2.96222
11.112 2.96219
11.116 2.96216
11.12 2.96213
11.124 2.96211
11.128 2.96208
11.132 2.96206
11.136 2.96203
11.14 2.96201
11.144 2.96199
11.148 2.96197
11.152 2.96195
11.156 2.96193
11.16 2.96191
11.164 2.96189
11.168 2.96187
11.172 2.96186
11.176 2.96184
11.18 2.96183
11.184 2.96181
11.188 2.9618
11.192 2.96178
11.196 2.96177
11.2 2.96176
11.204 2.96175
11.208 2.96174
11.212 2.96173
11.216 2.96172
11.22 2.96172
11.224 2.96171
11.228 2.96171
11.232 2.9617
11.236 2.9617
11.24 2.96169
11.244 2.96169
11.248 2.96169
11.252 2.96169
11.256 2.96169
11.26 2.96169
11.264 2.96169
11.268 2.96169
11.272 2.96169
11.276 2.9617
11.28 2.9617
11.284 2.96171
11.288 2.96171
11.292 2.96172
11.296 2.96172
11.3 2.96173
11.304 2.96174
11.308 2.96175
11.312 2.96176
11.316 2.96177
11.32 2.96178
11.324 2.9618
11.328 2.96181
11.332 2.96182
11.336 2.96184
11.34 2.96185
11.344 2.96187
11.348 2.96189
11.352 2.96191
11.356 2.96192
11.36 2.96194
11.364 2.96196
11.368 2.96198
11.372 2.962
11.376 2.96203
11.38 2.96205
11.384 2.96207
11.388 2.9621
11.392 2.96212
11.396 2.96215
11.4 2.96218
11.404 2.9622
11.408 2.96223
11.412 2.96226
11.416 2.96229
11.42 2.96232
11.424 2.96235
11.428 2.96238
11.432 2.96241
11.436 2.96245
11.44 2.96248
11.444 2.96252
11.448 2.96255
11.452 2.96259
11.456 2.96262
11.46 2.96266
11.464 2.9627
11.468 2.96274
11.472 2.96278
11.476 2.96282
11.48 2.96286
11.484 2.9629
11.488 2.96294
11.492 2.96299
11.496 2.96303
11.5 2.96307
11.504 2.96312
11.508 2.96317
11.512 2.96321
11.516 2.96326
11.52 2.96331
11.524 2.96336
11.528 2.96341
11.532 2.96346
11.536 2.96351
11.54 2.96356
11.544 2.96361
11.548 2.96366
11.552 2.96372
11.556 2.96377
11.56 2.96382
11.564 2.96388
11.568 2.96394
11.572 2.96399
11.576 2.96405
11.58 2.96411
11.584 2.96417
11.588 2.96423
11.592 2.96429
11.596 2.96435
11.6 2.96441
11.604 2.96447
11.608 2.96453
11.612 2.9646
11.616 2.96466
11.62 2.96473
11.624 2.96479
11.628 2.96486
11.632 2.96492
11.636 2.96499
11.64 2.96506
11.644 2.96513
11.648 2.9652
11.652 2.96527
11.656 2.96534
11.66 2.96541
11.664 2.96548
11.668 2.96555
11.672 2.96563
11.676 2.9657
11.68 2.96577
11.684 2.96585
11.688 2.96592
11.692 2.966
11.696 2.96608
11.7 2.96615
11.704 2.96623
11.708 2.96631
11.712 2.96639
11.716 2.96647
11.72 2.96655
11.724 2.96663
11.728 2.96671
11.732 2.96679
11.736 2.96688
11.74 2.96696
11.744 2.96704
11.748 2.96713
11.752 2.96721
11.756 2.9673
11.76 2.96739
11.764 2.96747
11.768 2.96756
11.772 2.96765
11.776 2.96774
11.78 2.96783
11.784 2.96792
11.788 2.96801
11.792 2.9681
11.796 2.96819
11.8 2.96828
11.804 2.96837
11.808 2.96847
11.812 2.96856
11.816 2.96866
11.82 2.96875
11.824 2.96885
11.828 2.96894
11.832 2.96904
11.836 2.96913
11.84 2.96923
11.844 2.96933
11.848 2.96943
11.852 2.96953
11.856 2.96963
11.86 2.96973
11.864 2.96983
11.868 2.96993
11.872 2.97003
11.876 2.97014
11.88 2.97024
11.884 2.97034
11.888 2.97045
11.892 2.97055
11.896 2.97065
11.9 2.97076
11.904 2.97087
11.908 2.97097
11.912 2.97108
11.916 2.97119
11.92 2.9713
11.924 2.9714
11.928 2.97151
11.932 2.97162
11.936 2.97173
11.94 2.97184
11.944 2.97195
11.948 2.97206
11.952 2.97218
11.956 2.97229
11.96 2.9724
11.964 2.97252
11.968 2.97263
11.972 2.97274
11.976 2.97286
11.98 2.97297
11.984 2.97309
11.988 2.9732
11.992 2.97332
11.996 2.97344
12 2.97356
12.004 2.97367
12.008 2.97379
12.012 2.97391
12.016 2.97403
12.02 2.97415
12.024 2.97427
12.028 2.97439
12.032 2.97451
12.036 2.97463
12.04 2.97475
12.044 2.97488
12.048 2.975
12.052 2.97512
12.056 2.97525
12.06 2.97537
12.064 2.97549
12.068 2.97562
12.072 2.97574
12.076 2.97587
12.08 2.976
12.084 2.97612
12.088 2.97625
12.092 2.97638
12.096 2.9765
12.1 2.97663
12.104 2.97676
12.108 2.97689
12.112 2.97702
12.116 2.97715
12.12 2.97728
12.124 2.97741
12.128 2.97754
12.132 2.97767
12.136 2.9778
12.14 2.97793
12.144 2.97806
12.148 2.97819
12.152 2.97833
12.156 2.97846
12.16 2.97859
12.164 2.97873
12.168 2.97886
12.172 2.979
12.176 2.97913
12.18 2.97927
12.184 2.9794
12.188 2.97954
12.192 2.97967
12.196 2.97981
12.2 2.97995
12.204 2.98008
12.208 2.98022
12.212 2.98036
12.216 2.98049
12.22 2.98063
12.224 2.98077
12.228 2.98091
12.232 2.98105
12.236 2.98119
12.24 2.98133
12.244 2.98147
12.248 2.98161
12.252 2.98175
12.256 2.98189
12.26 2.98203
12.264 2.98217
12.268 2.98231
12.272 2.98246
12.276 2.9826
12.28 2.98274
12.284 2.98288
12.288 2.98303
12.292 2.98317
12.296 2.98331
12.3 2.98346
12.304 2.9836
12.308 2.98375
12.312 2.98389
12.316 2.98403
12.32 2.98418
12.324 2.98432
12.328 2.98447
12.332 2.98462
12.336 2.98476
12.34 2.98491
12.344 2.98505
12.348 2.9852
12.352 2.98535
12.356 2.98549
12.36 2.98564
12.364 2.98579
12.368 2.98594
12.372 2.98608
12.376 2.98623
12.38 2.98638
12.384 2.98653
12.388 2.98668
12.392 2.98683
12.396 2.98697
12.4 2.98712
12.404 2.98727
12.408 2.98742
12.412 2.98757
12.416 2.98772
12.42 2.98787
12.424 2.98802
12.428 2.98817
12.432 2.98832
12.436 2.98847
12.44 2.98862
12.444 2.98877
12.448 2.98892
12.452 2.98908
12.456 2.98923
12.46 2.98938
12.464 2.98953
12.468 2.98968
12.472 2.98983
12.476 2.98998
12.48 2.99014
12.484 2.99029
12.488 2.99044
12.492 2.99059
12.496 2.99075
12.5 2.9909
12.504 2.99105
12.508 2.9912
12.512 2.99136
12.516 2.99151
12.52 2.99166
12.524 2.99182
12.528 2.99197
12.532 2.99212
12.536 2.99228
12.54 2.99243
12.544 2.99258
12.548 2.99274
12.552 2.99289
12.556 2.99304
12.56 2.9932
12.564 2.99335
12.568 2.9935
12.572 2.99366
12.576 2.99381
12.58 2.99397
12.584 2.99412
12.588 2.99427
12.592 2.99443
12.596 2.99458
12.6 2.99474
12.604 2.99489
12.608 2.99505
12.612 2.9952
12.616 2.99535
12.62 2.99551
12.624 2.99566
12.628 2.99582
12.632 2.99597
12.636 2.99613
12.64 2.99628
12.644 2.99643
12.648 2.99659
12.652 2.99674
12.656 2.9969
12.66 2.99705
12.664 2.99721
12.668 2.99736
12.672 2.99751
12.676 2.99767
12.68 2.99782
12.684 2.99798
12.688 2.99813
12.692 2.99828
12.696 2.99844
12.7 2.99859
12.704 2.99875
12.708 2.9989
12.712 2.99905
12.716 2.99921
12.72 2.99936
12.724 2.99951
12.728 2.99967
12.732 2.99982
12.736 2.99998
12.74 3.00013
12.744 3.00028
12.748 3.00044
12.752 3.00059
12.756 3.00074
12.76 3.00089
12.764 3.00105
12.768 3.0012
12.772 3.00135
12.776 3.00151
12.78 3.00166
12.784 3.00181
12.788 3.00196
12.792 3.00211
12.796 3.00227
12.8 3.00242
12.804 3.00257
12.808 3.00272
12.812 3.00287
12.816 3.00303
12.82 3.00318
12.824 3.00333
12.828 3.00348
12.832 3.00363
12.836 3.00378
12.84 3.00393
12.844 3.00408
12.848 3.00423
12.852 3.00438
12.856 3.00453
12.86 3.00468
12.864 3.00483
12.868 3.00498
12.872 3.00513
12.876 3.00528
12.88 3.00543
12.884 3.00558
12.888 3.00573
12.892 3.00587
12.896 3.00602
12.9 3.00617
12.904 3.00632
12.908 3.00647
12.912 3.00661
12.916 3.00676
12.92 3.00691
12.924 3.00705
12.928 3.0072
12.932 3.00735
12.936 3.00749
12.94 3.00764
12.944 3.00779
12.948 3.00793
12.952 3.00808
12.956 3.00822
12.96 3.00837
12.964 3.00851
12.968 3.00866
12.972 3.0088
12.976 3.00894
12.98 3.00909
12.984 3.00923
12.988 3.00937
12.992 3.00952
12.996 3.00966
13 3.0098
13.004 3.00995
13.008 3.01009
13.012 3.01023
13.016 3.01037
13.02 3.01051
13.024 3.01065
13.028 3.01079
13.032 3.01093
13.036 3.01107
13.04 3.01121
13.044 3.01135
13.048 3.01149
13.052 3.01163
13.056 3.01177
13.06 3.01191
13.064 3.01205
13.068 3.01218
13.072 3.01232
13.076 3.01246
13.08 3.01259
13.084 3.01273
13.088 3.01287
13.092 3.013
13.096 3.01314
13.1 3.01327
13.104 3.01341
13.108 3.01354
13.112 3.01368
13.116 3.01381
13.12 3.01394
13.124 3.01408
13.128 3.01421
13.132 3.01434
13.136 3.01447
13.14 3.01461
13.144 3.01474
13.148 3.01487
13.152 3.015
13.156 3.01513
13.16 3.01526
13.164 3.01539
13.168 3.01552
13.172 3.01565
13.176 3.01578
13.18 3.0159
13.184 3.01603
13.188 3.01616
13.192 3.01629
13.196 3.01641
13.2 3.01654
13.204 3.01667
13.208 3.01679
13.212 3.01692
13.216 3.01704
13.22 3.01717
13.224 3.01729
13.228 3.01741
13.232 3.01754
13.236 3.01766
13.24 3.01778
13.244 3.0179
13.248 3.01802
13.252 3.01814
13.256 3.01827
13.26 3.01839
13.264 3.01851
13.268 3.01862
13.272 3.01874
13.276 3.01886
13.28 3.01898
13.284 3.0191
13.288 3.01921
13.292 3.01933
13.296 3.01945
13.3 3.01956
13.304 3.01968
13.308 3.01979
13.312 3.01991
13.316 3.02002
13.32 3.02014
13.324 3.02025
13.328 3.02036
13.332 3.02047
13.336 3.02059
13.34 3.0207
13.344 3.02081
13.348 3.02092
13.352 3.02103
13.356 3.02114
13.36 3.02125
13.364 3.02135
13.368 3.02146
13.372 3.02157
13.376 3.02168
13.38 3.02178
13.384 3.02189
13.388 3.022
13.392 3.0221
13.396 3.0222
13.4 3.02231
13.404 3.02241
13.408 3.02252
13.412 3.02262
13.416 3.02272
13.42 3.02282
13.424 3.02292
13.428 3.02302
13.432 3.02312
13.436 3.02322
13.44 3.02332
13.444 3.02342
13.448 3.02352
13.452 3.02361
13.456 3.02371
13.46 3.02381
13.464 3.0239
13.468 3.024
13.472 3.02409
13.476 3.02419
13.48 3.02428
13.484 3.02437
13.488 3.02447
13.492 3.02456
13.496 3.02465
13.5 3.02474
13.504 3.02483
13.508 3.02492
13.512 3.02501
13.516 3.0251
13.52 3.02519
13.524 3.02528
13.528 3.02536
13.532 3.02545
13.536 3.02554
13.54 3.02562
13.544 3.02571
13.548 3.02579
13.552 3.02587
13.556 3.02596
13.56 3.02604
13.564 3.02612
13.568 3.0262
13.572 3.02628
13.576 3.02636
13.58 3.02644
13.584 3.02652
13.588 3.0266
13.592 3.02668
13.596 3.02676
13.6 3.02683
13.604 3.02691
13.608 3.02698
13.612 3.02706
13.616 3.02713
13.62 3.02721
13.624 3.02728
13.628 3.02735
13.632 3.02743
13.636 3.0275
13.64 3.02757
13.644 3.02764
13.648 3.02771
13.652 3.02778
13.656 3.02785
13.66 3.02791
13.664 3.02798
13.668 3.02805
13.672 3.02811
13.676 3.02818
13.68 3.02824
13.684 3.02831
13.688 3.02837
13.692 3.02843
13.696 3.0285
13.7 3.02856
13.704 3.02862
13.708 3.02868
13.712 3.02874
13.716 3.0288
13.72 3.02886
13.724 3.02891
13.728 3.02897
13.732 3.02903
13.736 3.02908
13.74 3.02914
13.744 3.02919
13.748 3.02925
13.752 3.0293
13.756 3.02935
13.76 3.02941
13.764 3.02946
13.768 3.02951
13.772 3.02956
13.776 3.02961
13.78 3.02966
13.784 3.02971
13.788 3.02975
13.792 3.0298
13.796 3.02985
13.8 3.02989
13.804 3.02994
13.808 3.02998
13.812 3.03003
13.816 3.03007
13.82 3.03011
13.824 3.03015
13.828 3.03019
13.832 3.03023
13.836 3.03027
13.84 3.03031
13.844 3.03035
13.848 3.03039
13.852 3.03043
13.856 3.03046
13.86 3.0305
13.864 3.03053
13.868 3.03057
13.872 3.0306
13.876 3.03064
13.88 3.03067
13.884 3.0307
13.888 3.03073
13.892 3.03076
13.896 3.03079
13.9 3.03082
13.904 3.03085
13.908 3.03088
13.912 3.03091
13.916 3.03093
13.92 3.03096
13.924 3.03098
13.928 3.03101
13.932 3.03103
13.936 3.03105
13.94 3.03108
13.944 3.0311
13.948 3.03112
13.952 3.03114
13.956 3.03116
13.96 3.03118
13.964 3.0312
13.968 3.03121
13.972 3.03123
13.976 3.03125
13.98 3.03126
13.984 3.03128
13.988 3.03129
13.992 3.03131
13.996 3.03132
14 3.03133
14.004 3.03134
14.008 3.03135
14.012 3.03136
14.016 3.03137
14.02 3.03138
14.024 3.03139
14.028 3.0314
14.032 3.03141
14.036 3.03141
14.04 3.03142
14.044 3.03142
14.048 3.03143
14.052 3.03143
14.056 3.03143
14.06 3.03143
14.064 3.03143
14.068 3.03144
14.072 3.03144
14.076 3.03143
14.08 3.03143
14.084 3.03143
14.088 3.03143
14.092 3.03142
14.096 3.03142
14.1 3.03142
14.104 3.03141
14.108 3.0314
14.112 3.0314
14.116 3.03139
14.12 3.03138
14.124 3.03137
14.128 3.03136
14.132 3.03135
14.136 3.03134
14.14 3.03133
14.144 3.03132
14.148 3.0313
14.152 3.03129
14.156 3.03127
14.16 3.03126
14.164 3.03124
14.168 3.03123
14.172 3.03121
14.176 3.03119
14.18 3.03117
14.184 3.03115
14.188 3.03113
14.192 3.03111
14.196 3.03109
14.2 3.03107
14.204 3.03105
14.208 3.03102
14.212 3.031
14.216 3.03097
14.22 3.03095
14.224 3.03092
14.228 3.03089
14.232 3.03087
14.236 3.03084
14.24 3.03081
14.244 3.03078
14.248 3.03075
14.252 3.03072
14.256 3.03069
14.26 3.03065
14.264 3.03062
14.268 3.03059
14.272 3.03055
14.276 3.03052
14.28 3.03048
14.284 3.03044
14.288 3.03041
14.292 3.03037
14.296 3.03033
14.3 3.03029
14.304 3.03025
14.308 3.03021
14.312 3.03017
14.316 3.03013
14.32 3.03009
14.324 3.03004
14.328 3.03
14.332 3.02995
14.336 3.02991
14.34 3.02986
14.344 3.02982
14.348 3.02977
14.352 3.02972
14.356 3.02967
14.36 3.02962
14.364 3.02957
14.368 3.02952
14.372 3.02947
14.376 3.02942
14.38 3.02937
14.384 3.02931
14.388 3.02926
14.392 3.0292
14.396 3.02915
14.4 3.02909
14.404 3.02904
14.408 3.02898
14.412 3.02892
14.416 3.02886
14.42 3.0288
14.424 3.02874
14.428 3.02868
14.432 3.02862
14.436 3.02856
14.44 3.0285
14.444 3.02844
14.448 3.02837
14.452 3.02831
14.456 3.02824
14.46 3.02818
14.464 3.02811
14.468 3.02804
14.472 3.02798
14.476 3.02791
14.48 3.02784
14.484 3.02777
14.488 3.0277
14.492 3.02763
14.496 3.02756
14.5 3.02748
14.504 3.02741
14.508 3.02734
14.512 3.02726
14.516 3.02719
14.52 3.02711
14.524 3.02704
14.528 3.02696
14.532 3.02688
14.536 3.02681
14.54 3.02673
14.544 3.02665
14.548 3.02657
14.552 3.02649
14.556 3.02641
14.56 3.02633
14.564 3.02624
14.568 3.02616
14.572 3.02608
14.576 3.02599
14.58 3.02591
14.584 3.02583
14.588 3.02574
14.592 3.02565
14.596 3.02557
14.6 3.02548
14.604 3.02539
14.608 3.0253
14.612 3.02521
14.616 3.02512
14.62 3.02503
14.624 3.02494
14.628 3.02485
14.632 3.02476
14.636 3.02466
14.64 3.02457
14.644 3.02448
14.648 3.02438
14.652 3.02429
14.656 3.02419
14.66 3.02409
14.664 3.024
14.668 3.0239
14.672 3.0238
14.676 3.0237
14.68 3.0236
14.684 3.0235
14.688 3.0234
14.692 3.0233
14.696 3.0232
14.7 3.0231
14.704 3.02299
14.708 3.02289
14.712 3.02279
14.716 3.02268
14.72 3.02258
14.724 3.02247
14.728 3.02237
14.732 3.02226
14.736 3.02215
14.74 3.02204
14.744 3.02194
14.748 3.02183
14.752 3.02172
14.756 3.02161
14.76 3.0215
14.764 3.02139
14.768 3.02128
14.772 3.02116
14.776 3.02105
14.78 3.02094
14.784 3.02082
14.788 3.02071
14.792 3.0206
14.796 3.02048
14.8 3.02036
14.804 3.02025
14.808 3.02013
14.812 3.02001
14.816 3.0199
14.82 3.01978
14.824 3.01966
14.828 3.01954
14.832 3.01942
14.836 3.0193
14.84 3.01918
14.844 3.01906
14.848 3.01894
14.852 3.01881
14.856 3.01869
14.86 3.01857
14.864 3.01844
14.868 3.01832
14.872 3.01819
14.876 3.01807
14.88 3.01794
14.884 3.01782
14.888 3.01769
14.892 3.01756
14.896 3.01744
14.9 3.01731
14.904 3.01718
14.908 3.01705
14.912 3.01692
14.916 3.01679
14.92 3.01666
14.924 3.01653
14.928 3.0164
14.932 3.01627
14.936 3.01613
14.94 3.016
14.944 3.01587
14.948 3.01574
14.952 3.0156
14.956 3.01547
14.96 3.01533
14.964 3.0152
14.968 3.01506
14.972 3.01492
14.976 3.01479
14.98 3.01465
14.984 3.01451
14.988 3.01438
14.992 3.01424
14.996 3.0141
