-5 0.00807514
-4.99 0.00807581
-4.98 0.00807651
-4.97 0.00807722
-4.96 0.00807795
-4.95 0.00807871
-4.94 0.0080795
-4.93 0.00808031
-4.92 0.00808116
-4.91 0.00808204
-4.9 0.00808297
-4.89 0.00808394
-4.88 0.00808496
-4.87 0.00808604
-4.86 0.00808719
-4.85 0.00808842
-4.84 0.00808974
-4.83 0.00809116
-4.82 0.00809271
-4.81 0.0080944
-4.8 0.00809628
-4.79 0.00809838
-4.78 0.00810077
-4.77 0.00810352
-4.76 0.00810676
-4.75 0.0081107
-4.74 0.00811567
-4.73 0.00812233
-4.72 0.00813206
-4.71 0.0081484
-4.7 0.00818279
-4.69 0.00828149
-4.68 0.00839003
-4.67 0.00826817
-4.66 0.00821496
-4.65 0.00821062
-4.64 0.008227
-4.63 0.00825974
-4.62 0.00831408
-4.61 0.00840517
-4.6 0.00856939
-4.59 0.00890374
-4.58 0.00972072
-4.57 0.0122022
-4.56 0.0159643
-4.55 0.0118939
-4.54 0.00963362
-4.53 0.00887096
-4.52 0.00855514
-4.51 0.00839848
-4.5 0.00831045
-4.49 0.00825645
-4.48 0.00822112
-4.47 0.00819687
-4.46 0.00817959
-4.45 0.00816692
-4.44 0.0081574
-4.43 0.00815014
-4.42 0.0081445
-4.41 0.00814009
-4.4 0.00813661
-4.39 0.00813384
-4.38 0.00813165
-4.37 0.00812991
-4.36 0.00812854
-4.35 0.00812747
-4.34 0.00812665
-4.33 0.00812604
-4.32 0.0081256
-4.31 0.00812532
-4.3 0.00812516
-4.29 0.00812512
-4.28 0.00812517
-4.27 0.00812531
-4.26 0.00812552
-4.25 0.0081258
-4.24 0.00812614
-4.23 0.00812653
-4.22 0.00812697
-4.21 0.00812746
-4.2 0.00812799
-4.19 0.00812856
-4.18 0.00812916
-4.17 0.00812979
-4.16 0.00813046
-4.15 0.00813115
-4.14 0.00813187
-4.13 0.00813262
-4.12 0.00813339
-4.11 0.00813419
-4.1 0.00813501
-4.09 0.00813585
-4.08 0.00813672
-4.07 0.00813761
-4.06 0.00813851
-4.05 0.00813945
-4.04 0.0081404
-4.03 0.00814137
-4.02 0.00814237
-4.01 0.00814338
-4 0.00814442
-3.99 0.00814549
-3.98 0.00814657
-3.97 0.00814768
-3.96 0.00814881
-3.95 0.00814997
-3.94 0.00815116
-3.93 0.00815237
-3.92 0.00815361
-3.91 0.00815489
-3.9 0.00815619
-3.89 0.00815754
-3.88 0.00815892
-3.87 0.00816035
-3.86 0.00816183
-3.85 0.00816336
-3.84 0.00816495
-3.83 0.00816661
-3.82 0.00816836
-3.81 0.00817021
-3.8 0.00817218
-3.79 0.00817431
-3.78 0.00817663
-3.77 0.00817923
-3.76 0.00818221
-3.75 0.00818574
-3.74 0.00819019
-3.73 0.00819621
-3.72 0.00820533
-3.71 0.00822144
-3.7 0.00825817
-3.69 0.00837034
-3.68 0.00846949
-3.67 0.00832693
-3.66 0.00826323
-3.65 0.0082469
-3.64 0.00824712
-3.63 0.00825649
-3.62 0.00827499
-3.61 0.00830726
-3.6 0.00836597
-3.59 0.00848599
-3.58 0.00878128
-3.57 0.00968275
-3.56 0.0108695
-3.55 0.00943465
-3.54 0.00871091
-3.53 0.0084661
-3.52 0.00836453
-3.51 0.00831464
-3.5 0.00828727
-3.49 0.00827116
-3.48 0.00826128
-3.47 0.00825513
-3.46 0.00825136
-3.45 0.00824918
-3.44 0.00824811
-3.43 0.00824785
-3.42 0.00824819
-3.41 0.00824899
-3.4 0.00825017
-3.39 0.00825165
-3.38 0.00825338
-3.37 0.00825534
-3.36 0.00825748
-3.35 0.0082598
-3.34 0.00826227
-3.33 0.0082649
-3.32 0.00826766
-3.31 0.00827056
-3.3 0.00827358
-3.29 0.00827674
-3.28 0.00828003
-3.27 0.00828345
-3.26 0.00828701
-3.25 0.0082907
-3.24 0.00829453
-3.23 0.0082985
-3.22 0.00830263
-3.21 0.00830691
-3.2 0.00831135
-3.19 0.00831596
-3.18 0.00832076
-3.17 0.00832574
-3.16 0.00833093
-3.15 0.00833633
-3.14 0.00834195
-3.13 0.00834782
-3.12 0.00835394
-3.11 0.00836033
-3.1 0.00836702
-3.09 0.00837402
-3.08 0.00838136
-3.07 0.00838906
-3.06 0.00839715
-3.05 0.00840567
-3.04 0.00841464
-3.03 0.00842412
-3.02 0.00843413
-3.01 0.00844473
-3 0.00845598
-2.99 0.00846794
-2.98 0.00848068
-2.97 0.00849427
-2.96 0.00850881
-2.95 0.00852439
-2.94 0.00854115
-2.93 0.00855921
-2.92 0.00857873
-2.91 0.00859989
-2.9 0.00862291
-2.89 0.00864804
-2.88 0.00867558
-2.87 0.00870588
-2.86 0.00873938
-2.85 0.0087766
-2.84 0.0088182
-2.83 0.00886497
-2.82 0.00891796
-2.81 0.00897846
-2.8 0.00904827
-2.79 0.0091297
-2.78 0.00922611
-2.77 0.00934238
-2.76 0.00948581
-2.75 0.00966836
-2.74 0.0099111
-2.73 0.0102548
-2.72 0.0107874
-2.71 0.011736
-2.7 0.0138411
-2.69 0.020107
-2.68 0.026962
-2.67 0.0188243
-2.66 0.0150665
-2.65 0.0143998
-2.64 0.0149457
-2.63 0.016339
-2.62 0.018769
-2.61 0.0229147
-2.6 0.0304465
-2.59 0.0458393
-2.58 0.0835244
-2.57 0.198066
-2.56 0.371028
-2.55 0.183781
-2.54 0.0793859
-2.53 0.0441371
-2.52 0.0295282
-2.51 0.0222687
-2.5 0.0181773
-2.49 0.0156561
-2.48 0.0139971
-2.47 0.0128493
-2.46 0.0120231
-2.45 0.0114094
-2.44 0.0109414
-2.43 0.0105768
-2.42 0.0102875
-2.41 0.0100543
-2.4 0.00986391
-2.39 0.00970657
-2.38 0.00957527
-2.37 0.00946472
-2.36 0.00937095
-2.35 0.00929086
-2.34 0.00922207
-2.33 0.00916268
-2.32 0.00911119
-2.31 0.00906638
-2.3 0.00902727
-2.29 0.00899305
-2.28 0.00896305
-2.27 0.00893673
-2.26 0.00891361
-2.25 0.00889332
-2.24 0.00887552
-2.23 0.00885992
-2.22 0.00884631
-2.21 0.00883446
-2.2 0.0088242
-2.19 0.00881539
-2.18 0.00880788
-2.17 0.00880157
-2.16 0.00879636
-2.15 0.00879216
-2.14 0.0087889
-2.13 0.0087865
-2.12 0.00878492
-2.11 0.0087841
-2.1 0.008784
-2.09 0.00878458
-2.08 0.00878581
-2.07 0.00878767
-2.06 0.00879013
-2.05 0.00879316
-2.04 0.00879677
-2.03 0.00880093
-2.02 0.00880564
-2.01 0.00881089
-2 0.00881669
-1.99 0.00882304
-1.98 0.00882994
-1.97 0.00883741
-1.96 0.00884546
-1.95 0.00885411
-1.94 0.0088634
-1.93 0.00887336
-1.92 0.00888403
-1.91 0.00889545
-1.9 0.00890771
-1.89 0.00892087
-1.88 0.00893504
-1.87 0.00895034
-1.86 0.00896692
-1.85 0.00898497
-1.84 0.00900477
-1.83 0.00902661
-1.82 0.00905097
-1.81 0.00907842
-1.8 0.00910982
-1.79 0.00914632
-1.78 0.00918976
-1.77 0.00924287
-1.76 0.00931004
-1.75 0.00939895
-1.74 0.00952383
-1.73 0.00971372
-1.72 0.0100339
-1.71 0.0106541
-1.7 0.012169
-1.69 0.0169761
-1.68 0.0211706
-1.67 0.0148128
-1.66 0.0118646
-1.65 0.0109476
-1.64 0.0106949
-1.63 0.0107483
-1.62 0.0110405
-1.61 0.0116404
-1.6 0.0127962
-1.59 0.015216
-1.58 0.0212336
-1.57 0.0396783
-1.56 0.0636961
-1.55 0.0344153
-1.54 0.0196522
-1.53 0.0146432
-1.52 0.0125529
-1.51 0.0115164
-1.5 0.0109392
-1.49 0.0105921
-1.48 0.0103723
-1.47 0.010229
-1.46 0.0101344
-1.45 0.0100723
-1.44 0.0100332
-1.43 0.0100107
-1.42 0.0100006
-1.41 0.0100003
-1.4 0.0100077
-1.39 0.0100216
-1.38 0.0100408
-1.37 0.0100646
-1.36 0.0100926
-1.35 0.0101244
-1.34 0.0101596
-1.33 0.0101981
-1.32 0.0102397
-1.31 0.0102844
-1.3 0.0103321
-1.29 0.0103829
-1.28 0.0104366
-1.27 0.0104935
-1.26 0.0105536
-1.25 0.0106169
-1.24 0.0106836
-1.23 0.0107539
-1.22 0.0108279
-1.21 0.0109057
-1.2 0.0109876
-1.19 0.0110739
-1.18 0.0111647
-1.17 0.0112604
-1.16 0.0113613
-1.15 0.0114676
-1.14 0.0115798
-1.13 0.0116984
-1.12 0.0118236
-1.11 0.0119561
-1.1 0.0120964
-1.09 0.0122452
-1.08 0.0124029
-1.07 0.0125706
-1.06 0.0127488
-1.05 0.0129386
-1.04 0.0131411
-1.03 0.0133572
-1.02 0.0135884
-1.01 0.0138361
-1 0.0141019
-0.99 0.0143876
-0.98 0.0146954
-0.97 0.0150275
-0.96 0.0153868
-0.95 0.0157764
-0.94 0.0161998
-0.93 0.0166612
-0.92 0.0171655
-0.91 0.0177185
-0.9 0.0183269
-0.89 0.0189986
-0.88 0.0197433
-0.87 0.0205727
-0.86 0.0215009
-0.85 0.0225455
-0.84 0.0237287
-0.83 0.0250779
-0.82 0.0266302
-0.81 0.0284318
-0.8 0.0305491
-0.79 0.0330692
-0.78 0.0361219
-0.77 0.039901
-0.76 0.0447054
-0.75 0.0510374
-0.74 0.0598043
-0.73 0.0728029
-0.72 0.0939751
-0.71 0.133643
-0.7 0.22572
-0.69 0.508214
-0.68 0.81542
-0.67 0.432183
-0.66 0.246457
-0.65 0.198804
-0.64 0.200439
-0.63 0.230603
-0.62 0.29071
-0.61 0.397214
-0.6 0.593357
-0.59 0.996361
-0.58 1.98516
-0.57 4.99242
-0.56 9.51532
-0.55 4.61663
-0.54 1.87481
-0.53 0.948749
-0.52 0.564921
-0.51 0.374123
-0.5 0.26652
-0.49 0.200156
-0.48 0.156435
-0.47 0.126139
-0.46 0.104296
-0.45 0.0880335
-0.44 0.0756027
-0.43 0.0658884
-0.42 0.0581536
-0.41 0.0518949
-0.4 0.0467596
-0.39 0.0424942
-0.38 0.038913
-0.37 0.0358773
-0.36 0.0332818
-0.35 0.0310457
-0.34 0.0291057
-0.33 0.0274119
-0.32 0.0259247
-0.31 0.0246121
-0.3 0.0234478
-0.29 0.0224107
-0.28 0.0214831
-0.27 0.0206503
-0.26 0.0199
-0.25 0.019222
-0.24 0.0186075
-0.23 0.018049
-0.22 0.0175401
-0.21 0.0170754
-0.2 0.0166501
-0.19 0.0162601
-0.18 0.0159019
-0.17 0.0155723
-0.16 0.0152687
-0.15 0.0149885
-0.14 0.0147298
-0.13 0.0144906
-0.12 0.0142694
-0.11 0.0140646
-0.1 0.0138749
-0.09 0.0136993
-0.08 0.0135366
-0.07 0.0133861
-0.06 0.0132468
-0.05 0.0131182
-0.04 0.0129995
-0.03 0.0128903
-0.02 0.0127901
-0.01 0.0126985
0 0.0126152
0.01 0.01254
0.02 0.0124726
0.03 0.012413
0.04 0.0123611
0.05 0.012317
0.06 0.012281
0.07 0.0122532
0.08 0.012234
0.09 0.0122241
0.1 0.0122243
0.11 0.0122356
0.12 0.0122593
0.13 0.0122973
0.14 0.012352
0.15 0.0124265
0.16 0.0125252
0.17 0.0126537
0.18 0.0128202
0.19 0.0130358
0.2 0.0133171
0.21 0.0136872
0.22 0.0141841
0.23 0.0148656
0.24 0.0158272
0.25 0.0172385
0.26 0.0194199
0.27 0.0230337
0.28 0.0295881
0.29 0.0430244
0.3 0.0772187
0.31 0.188197
0.32 0.283321
0.33 0.133199
0.34 0.0618686
0.35 0.0369793
0.36 0.0262973
0.37 0.0207379
0.38 0.0173283
0.39 0.0148211
0.4 0.0124526
0.41 0.00930655
0.42 0.00314662
0.43 -0.014041
0.44 -0.0433512
0.45 -0.0154275
0.46 0.00162939
0.47 0.00727818
0.48 0.00954908
0.49 0.0106461
0.5 0.0112525
0.51 0.0116248
0.52 0.0118751
0.53 0.0120576
0.54 0.0122011
0.55 0.0123218
0.56 0.0124293
0.57 0.0125297
0.58 0.0126268
0.59 0.0127232
0.6 0.0128207
0.61 0.0129208
0.62 0.0130243
0.63 0.0131321
0.64 0.0132449
0.65 0.0133633
0.66 0.0134877
0.67 0.0136187
0.68 0.0137568
0.69 0.0139024
0.7 0.0140562
0.71 0.0142186
0.72 0.0143903
0.73 0.0145718
0.74 0.0147638
0.75 0.0149671
0.76 0.0151823
0.77 0.0154104
0.78 0.0156523
0.79 0.0159091
0.8 0.0161817
0.81 0.0164715
0.82 0.0167798
0.83 0.0171081
0.84 0.0174581
0.85 0.0178316
0.86 0.0182306
0.87 0.0186574
0.88 0.0191146
0.89 0.0196049
0.9 0.0201315
0.91 0.020698
0.92 0.0213083
0.93 0.021967
0.94 0.0226793
0.95 0.0234509
0.96 0.0242886
0.97 0.0252
0.98 0.0261941
0.99 0.0272808
1 0.0284719
1.01 0.0297809
1.02 0.0312238
1.03 0.0328195
1.04 0.0345904
1.05 0.0365631
1.06 0.038769
1.07 0.0412454
1.08 0.0440389
1.09 0.0472067
1.1 0.0508184
1.11 0.0549585
1.12 0.0597365
1.13 0.0652934
1.14 0.071802
1.15 0.0794942
1.16 0.0886816
1.17 0.0997612
1.18 0.113315
1.19 0.1301
1.2 0.151281
1.21 0.178465
1.22 0.214202
1.23 0.262505
1.24 0.329896
1.25 0.427855
1.26 0.577976
1.27 0.82449
1.28 1.26706
1.29 2.17109
1.3 4.41845
1.31 11.6126
1.32 19.3775
1.33 9.04014
1.34 3.74157
1.35 1.91066
1.36 1.14342
1.37 0.759633
1.38 0.543057
1.39 0.410801
1.4 0.32683
1.41 0.275793
1.42 0.257958
1.43 0.306557
1.44 0.404892
1.45 0.250846
1.46 0.160159
1.47 0.122031
1.48 0.100995
1.49 0.0870116
1.5 0.0767045
1.51 0.068644
1.52 0.0621062
1.53 0.0566732
1.54 0.0520792
1.55 0.0481431
1.56 0.0447356
1.57 0.04176
1.58 0.0391427
1.59 0.0368261
1.6 0.0347642
1.61 0.0329198
1.62 0.0312627
1.63 0.0297677
1.64 0.028414
1.65 0.027184
1.66 0.0260629
1.67 0.0250379
1.68 0.0240981
1.69 0.0232344
1.7 0.0224385
1.71 0.0217034
1.72 0.0210231
1.73 0.020392
1.74 0.0198055
1.75 0.0192595
1.76 0.0187501
1.77 0.018274
1.78 0.0178285
1.79 0.0174108
1.8 0.0170186
1.81 0.0166498
1.82 0.0163024
1.83 0.0159748
1.84 0.0156653
1.85 0.0153727
1.86 0.0150955
1.87 0.0148326
1.88 0.0145829
1.89 0.0143454
1.9 0.0141192
1.91 0.0139035
1.92 0.0136975
1.93 0.0135004
1.94 0.0133115
1.95 0.0131302
1.96 0.0129558
1.97 0.0127879
1.98 0.0126257
1.99 0.0124687
2 0.0123164
2.01 0.0121683
2.02 0.0120237
2.03 0.0118821
2.04 0.0117429
2.05 0.0116054
2.06 0.0114689
2.07 0.0113327
2.08 0.0111959
2.09 0.0110574
2.1 0.010916
2.11 0.0107704
2.12 0.0106188
2.13 0.010459
2.14 0.0102884
2.15 0.0101035
2.16 0.00989976
2.17 0.00967131
2.18 0.00940963
2.19 0.00910394
2.2 0.00873734
2.21 0.00828665
2.22 0.00771621
2.23 0.00696788
2.24 0.00594892
2.25 0.00449746
2.26 0.00230955
2.27 -0.00123155
2.28 -0.00749587
2.29 -0.0202137
2.3 -0.0509992
2.31 -0.148064
2.32 -0.277832
2.33 -0.128407
2.34 -0.0466137
2.35 -0.0185233
2.36 -0.00688937
2.37 -0.00112196
2.38 0.00211405
2.39 0.00409134
2.4 0.00537096
2.41 0.00622165
2.42 0.00675772
2.43 0.00692586
2.44 0.0067598
2.45 0.00752898
2.46 0.00804236
2.47 0.0083086
2.48 0.00848096
2.49 0.00860629
2.5 0.00870244
2.51 0.00877824
2.52 0.00883891
2.53 0.00888792
2.54 0.0089277
2.55 0.00896008
2.56 0.00898643
2.57 0.00900785
2.58 0.0090252
2.59 0.00903916
2.6 0.0090503
2.61 0.00905908
2.62 0.00906589
2.63 0.00907106
2.64 0.00907485
2.65 0.0090775
2.66 0.0090792
2.67 0.00908012
2.68 0.00908042
2.69 0.00908022
2.7 0.00907963
2.71 0.00907876
2.72 0.0090777
2.73 0.00907652
2.74 0.00907531
2.75 0.00907413
2.76 0.00907305
2.77 0.00907213
2.78 0.00907142
2.79 0.00907099
2.8 0.00907089
2.81 0.00907118
2.82 0.00907191
2.83 0.00907314
2.84 0.00907494
2.85 0.00907737
2.86 0.00908049
2.87 0.00908438
2.88 0.00908911
2.89 0.00909478
2.9 0.00910147
2.91 0.00910929
2.92 0.00911836
2.93 0.00912879
2.94 0.00914075
2.95 0.00915438
2.96 0.00916989
2.97 0.00918747
2.98 0.00920738
2.99 0.0092299
3 0.00925533
3.01 0.00928407
3.02 0.00931653
3.03 0.00935325
3.04 0.00939483
3.05 0.00944202
3.06 0.00949565
3.07 0.00955676
3.08 0.00962661
3.09 0.00970679
3.1 0.00979919
3.11 0.00990611
3.12 0.0100306
3.13 0.0101764
3.14 0.0103484
3.15 0.0105528
3.16 0.0107982
3.17 0.0110954
3.18 0.0114605
3.19 0.011914
3.2 0.012488
3.21 0.0132262
3.22 0.0141986
3.23 0.0155152
3.24 0.0173543
3.25 0.02003
3.26 0.0241335
3.27 0.0308756
3.28 0.0429785
3.29 0.0677024
3.3 0.129135
3.31 0.325824
3.32 0.539451
3.33 0.255776
3.34 0.110691
3.35 0.0605596
3.36 0.0395397
3.37 0.0290136
3.38 0.0230595
3.39 0.0194024
3.4 0.0170435
3.41 0.0155296
3.42 0.0147637
3.43 0.0152603
3.44 0.0167045
3.45 0.0138294
3.46 0.0120982
3.47 0.0113054
3.48 0.0108311
3.49 0.0104968
3.5 0.0102402
3.51 0.0100339
3.52 0.00986308
3.53 0.00971886
3.54 0.00959534
3.55 0.00948835
3.56 0.00939483
3.57 0.00931243
3.58 0.00923934
3.59 0.00917412
3.6 0.00911561
3.61 0.00906287
3.62 0.0090151
3.63 0.00897167
3.64 0.00893202
3.65 0.0088957
3.66 0.00886232
3.67 0.00883154
3.68 0.00880308
3.69 0.00877668
3.7 0.00875214
3.71 0.00872927
3.72 0.0087079
3.73 0.00868789
3.74 0.00866911
3.75 0.00865145
3.76 0.00863482
3.77 0.00861911
3.78 0.00860426
3.79 0.00859019
3.8 0.00857683
3.81 0.00856414
3.82 0.00855206
3.83 0.00854055
3.84 0.00852955
3.85 0.00851904
3.86 0.00850898
3.87 0.00849933
3.88 0.00849006
3.89 0.00848116
3.9 0.00847259
3.91 0.00846433
3.92 0.00845636
3.93 0.00844866
3.94 0.00844121
3.95 0.00843399
3.96 0.00842699
3.97 0.00842019
3.98 0.00841357
3.99 0.00840712
4 0.00840083
4.01 0.00839468
4.02 0.00838866
4.03 0.00838274
4.04 0.00837692
4.05 0.00837118
4.06 0.0083655
4.07 0.00835987
4.08 0.00835425
4.09 0.00834862
4.1 0.00834296
4.11 0.00833724
4.12 0.0083314
4.13 0.0083254
4.14 0.00831917
4.15 0.00831263
4.16 0.00830568
4.17 0.00829817
4.18 0.00828991
4.19 0.00828063
4.2 0.00826994
4.21 0.00825729
4.22 0.00824184
4.23 0.00822221
4.24 0.00819621
4.25 0.00816004
4.26 0.0081065
4.27 0.00802104
4.28 0.0078714
4.29 0.00756941
4.3 0.00684158
4.31 0.00454981
4.32 0.00148001
4.33 0.00501337
4.34 0.00693919
4.35 0.00759939
4.36 0.00787198
4.37 0.00800635
4.38 0.0080811
4.39 0.00812626
4.4 0.00815511
4.41 0.00817416
4.42 0.00818667
4.43 0.00819344
4.44 0.00819556
4.45 0.00820475
4.46 0.00821081
4.47 0.00821406
4.48 0.008216
4.49 0.00821715
4.5 0.00821777
4.51 0.00821799
4.52 0.0082179
4.53 0.00821757
4.54 0.00821704
4.55 0.00821637
4.56 0.00821557
4.57 0.00821468
4.58 0.0082137
4.59 0.00821265
4.6 0.00821156
4.61 0.00821042
4.62 0.00820925
4.63 0.00820805
4.64 0.00820683
4.65 0.00820559
4.66 0.00820434
4.67 0.00820309
4.68 0.00820183
4.69 0.00820056
4.7 0.0081993
4.71 0.00819805
4.72 0.00819679
4.73 0.00819555
4.74 0.00819431
4.75 0.00819308
4.76 0.00819186
4.77 0.00819065
4.78 0.00818946
4.79 0.00818828
4.8 0.00818711
4.81 0.00818596
4.82 0.00818483
4.83 0.00818371
4.84 0.00818262
4.85 0.00818154
4.86 0.00818048
4.87 0.00817945
4.88 0.00817844
4.89 0.00817746
4.9 0.0081765
4.91 0.00817557
4.92 0.00817467
4.93 0.0081738
4.94 0.00817297
4.95 0.00817217
4.96 0.00817142
4.97 0.00817071
4.98 0.00817005
4.99 0.00816944
5 0.00816889
