-5 -0.137445
-4.99 -0.145811
-4.98 -0.153105
-4.97 -0.159315
-4.96 -0.164433
-4.95 -0.168458
-4.94 -0.171391
-4.93 -0.173238
-4.92 -0.174011
-4.91 -0.173725
-4.9 -0.1724
-4.89 -0.17006
-4.88 -0.166733
-4.87 -0.162452
-4.86 -0.157254
-4.85 -0.151178
-4.84 -0.144267
-4.83 -0.136571
-4.82 -0.128138
-4.81 -0.119022
-4.8 -0.109279
-4.79 -0.098969
-4.78 -0.0881514
-4.77 -0.0768898
-4.76 -0.0652487
-4.75 -0.0532942
-4.74 -0.0410934
-4.73 -0.0287145
-4.72 -0.0162261
-4.71 -0.00369676
-4.7 0.00880464
-4.69 0.0212098
-4.68 0.0334512
-4.67 0.0454621
-4.66 0.0571773
-4.65 0.0685331
-4.64 0.0794676
-4.63 0.0899214
-4.62 0.0998373
-4.61 0.109161
-4.6 0.117841
-4.59 0.125829
-4.58 0.13308
-4.57 0.139553
-4.56 0.145212
-4.55 0.150023
-4.54 0.153956
-4.53 0.156989
-4.52 0.1591
-4.51 0.160274
-4.5 0.160501
-4.49 0.159775
-4.48 0.158094
-4.47 0.155463
-4.46 0.15189
-4.45 0.147389
-4.44 0.141978
-4.43 0.13568
-4.42 0.128524
-4.41 0.120541
-4.4 0.111769
-4.39 0.102248
-4.38 0.0920256
-4.37 0.0811496
-4.36 0.0696738
-4.35 0.057655
-4.34 0.0451534
-4.33 0.0322326
-4.32 0.0189586
-4.31 0.00540041
-4.3 -0.00837092
-4.29 -0.0222822
-4.28 -0.0362587
-4.27 -0.0502242
-4.26 -0.0641013
-4.25 -0.0778122
-4.24 -0.0912785
-4.23 -0.104422
-4.22 -0.117164
-4.21 -0.129428
-4.2 -0.141136
-4.19 -0.152215
-4.18 -0.16259
-4.17 -0.172191
-4.16 -0.180947
-4.15 -0.188792
-4.14 -0.195664
-4.13 -0.201501
-4.12 -0.206246
-4.11 -0.209848
-4.1 -0.212256
-4.09 -0.213427
-4.08 -0.21332
-4.07 -0.2119
-4.06 -0.209136
-4.05 -0.205003
-4.04 -0.199481
-4.03 -0.192555
-4.02 -0.184216
-4.01 -0.174459
-4 -0.163288
-3.99 -0.150708
-3.98 -0.136734
-3.97 -0.121385
-3.96 -0.104683
-3.95 -0.0866605
-3.94 -0.0673517
-3.93 -0.0467978
-3.92 -0.0250447
-3.91 -0.00214384
-3.9 0.0218488
-3.89 0.0468721
-3.88 0.0728608
-3.87 0.099745
-3.86 0.127451
-3.85 0.155901
-3.84 0.185013
-3.83 0.214704
-3.82 0.244885
-3.81 0.275468
-3.8 0.306359
-3.79 0.337465
-3.78 0.368689
-3.77 0.399934
-3.76 0.431104
-3.75 0.462099
-3.74 0.492821
-3.73 0.523171
-3.72 0.553054
-3.71 0.582371
-3.7 0.611027
-3.69 0.638931
-3.68 0.665989
-3.67 0.692114
-3.66 0.717219
-3.65 0.741221
-3.64 0.764042
-3.63 0.785606
-3.62 0.80584
-3.61 0.824679
-3.6 0.842059
-3.59 0.857922
-3.58 0.872215
-3.57 0.884893
-3.56 0.895911
-3.55 0.905234
-3.54 0.912831
-3.53 0.918677
-3.52 0.922754
-3.51 0.925049
-3.5 0.925554
-3.49 0.924269
-3.48 0.9212
-3.47 0.916358
-3.46 0.90976
-3.45 0.90143
-3.44 0.891398
-3.43 0.879697
-3.42 0.866369
-3.41 0.85146
-3.4 0.835021
-3.39 0.817108
-3.38 0.797782
-3.37 0.77711
-3.36 0.75516
-3.35 0.732007
-3.34 0.707729
-3.33 0.682406
-3.32 0.656124
-3.31 0.628968
-3.3 0.601029
-3.29 0.572399
-3.28 0.54317
-3.27 0.513438
-3.26 0.483297
-3.25 0.452846
-3.24 0.422179
-3.23 0.391395
-3.22 0.360589
-3.21 0.329856
-3.2 0.299291
-3.19 0.268987
-3.18 0.239033
-3.17 0.20952
-3.16 0.180533
-3.15 0.152156
-3.14 0.124467
-3.13 0.0975456
-3.12 0.0714629
-3.11 0.0462887
-3.1 0.0220878
-3.09 -0.00107934
-3.08 -0.0231567
-3.07 -0.0440933
-3.06 -0.0638428
-3.05 -0.0823642
-3.04 -0.0996215
-3.03 -0.115584
-3.02 -0.130227
-3.01 -0.14353
-3 -0.155478
-2.99 -0.166063
-2.98 -0.175282
-2.97 -0.183136
-2.96 -0.189632
-2.95 -0.194783
-2.94 -0.198606
-2.93 -0.201125
-2.92 -0.202365
-2.91 -0.202361
-2.9 -0.201148
-2.89 -0.198767
-2.88 -0.195265
-2.87 -0.190689
-2.86 -0.185092
-2.85 -0.178532
-2.84 -0.171066
-2.83 -0.162757
-2.82 -0.15367
-2.81 -0.143872
-2.8 -0.133431
-2.79 -0.122417
-2.78 -0.110903
-2.77 -0.0989611
-2.76 -0.0866646
-2.75 -0.0740872
-2.74 -0.0613027
-2.73 -0.0483843
-2.72 -0.0354049
-2.71 -0.0224364
-2.7 -0.00954914
-2.69 0.00318765
-2.68 0.0157068
-2.67 0.0279432
-2.66 0.039834
-2.65 0.0513192
-2.64 0.0623415
-2.63 0.0728468
-2.62 0.082784
-2.61 0.092106
-2.6 0.100769
-2.59 0.108733
-2.58 0.115962
-2.57 0.122425
-2.56 0.128094
-2.55 0.132946
-2.54 0.136962
-2.53 0.140127
-2.52 0.142432
-2.51 0.143871
-2.5 0.144443
-2.49 0.144151
-2.48 0.143004
-2.47 0.141012
-2.46 0.138193
-2.45 0.134567
-2.44 0.130158
-2.43 0.124995
-2.42 0.119108
-2.41 0.112535
-2.4 0.105313
-2.39 0.0974844
-2.38 0.0890944
-2.37 0.0801904
-2.36 0.0708225
-2.35 0.061043
-2.34 0.0509063
-2.33 0.0404683
-2.32 0.0297866
-2.31 0.0189199
-2.3 0.00792776
-2.29 -0.00312943
-2.28 -0.014191
-2.27 -0.0251963
-2.26 -0.0360847
-2.25 -0.0467961
-2.24 -0.057271
-2.23 -0.0674511
-2.22 -0.0772791
-2.21 -0.0866995
-2.2 -0.0956582
-2.19 -0.104103
-2.18 -0.111985
-2.17 -0.119256
-2.16 -0.125872
-2.15 -0.131791
-2.14 -0.136973
-2.13 -0.141384
-2.12 -0.14499
-2.11 -0.147763
-2.1 -0.149678
-2.09 -0.150711
-2.08 -0.150847
-2.07 -0.15007
-2.06 -0.14837
-2.05 -0.145741
-2.04 -0.142179
-2.03 -0.137688
-2.02 -0.132271
-2.01 -0.125939
-2 -0.118705
-1.99 -0.110584
-1.98 -0.101599
-1.97 -0.0917728
-1.96 -0.0811334
-1.95 -0.0697118
-1.94 -0.0575424
-1.93 -0.0446625
-1.92 -0.0311125
-1.91 -0.0169353
-1.9 -0.0021766
-1.89 0.0131157
-1.88 0.0288913
-1.87 0.0450983
-1.86 0.0616828
-1.85 0.0785894
-1.84 0.0957616
-1.83 0.113142
-1.82 0.130671
-1.81 0.148291
-1.8 0.165942
-1.79 0.183564
-1.78 0.201098
-1.77 0.218485
-1.76 0.235667
-1.75 0.252587
-1.74 0.269187
-1.73 0.285413
-1.72 0.30121
-1.71 0.316528
-1.7 0.331315
-1.69 0.345524
-1.68 0.359109
-1.67 0.372027
-1.66 0.384237
-1.65 0.395701
-1.64 0.406383
-1.63 0.416251
-1.62 0.425277
-1.61 0.433434
-1.6 0.4407
-1.59 0.447055
-1.58 0.452482
-1.57 0.45697
-1.56 0.460509
-1.55 0.463093
-1.54 0.46472
-1.53 0.465391
-1.52 0.465109
-1.51 0.463884
-1.5 0.461725
-1.49 0.458647
-1.48 0.454667
-1.47 0.449805
-1.46 0.444085
-1.45 0.437532
-1.44 0.430175
-1.43 0.422046
-1.42 0.413177
-1.41 0.403605
-1.4 0.393366
-1.39 0.382502
-1.38 0.371053
-1.37 0.359063
-1.36 0.346575
-1.35 0.333635
-1.34 0.320289
-1.33 0.306586
-1.32 0.292572
-1.31 0.278296
-1.3 0.263806
-1.29 0.249152
-1.28 0.23438
-1.27 0.21954
-1.26 0.204679
-1.25 0.189844
-1.24 0.175079
-1.23 0.160431
-1.22 0.145944
-1.21 0.131658
-1.2 0.117616
-1.19 0.103855
-1.18 0.0904148
-1.17 0.0773296
-1.16 0.0646332
-1.15 0.0523571
-1.14 0.0405304
-1.13 0.0291803
-1.12 0.0183315
-1.11 0.00800615
-1.1 -0.00177583
-1.09 -0.0109971
-1.08 -0.0196427
-1.07 -0.0277004
-1.06 -0.0351602
-1.05 -0.042015
-1.04 -0.04826
-1.03 -0.0538927
-1.02 -0.0589133
-1.01 -0.0633244
-1 -0.0671309
-0.99 -0.0703398
-0.98 -0.0729605
-0.97 -0.0750047
-0.96 -0.0764857
-0.95 -0.077419
-0.94 -0.0778221
-0.93 -0.077714
-0.92 -0.0771154
-0.91 -0.0760485
-0.9 -0.0745368
-0.89 -0.0726054
-0.88 -0.0702801
-0.87 -0.067588
-0.86 -0.0645569
-0.85 -0.0612153
-0.84 -0.0575926
-0.83 -0.0537182
-0.82 -0.0496222
-0.81 -0.0453347
-0.8 -0.0408859
-0.79 -0.0363059
-0.78 -0.0316246
-0.77 -0.0268716
-0.76 -0.0220759
-0.75 -0.0172661
-0.74 -0.01247
-0.73 -0.0077147
-0.72 -0.00302628
-0.71 0.00157011
-0.7 0.00605044
-0.69 0.0103919
-0.68 0.0145727
-0.67 0.0185728
-0.66 0.0223733
-0.65 0.0259566
-0.64 0.0293069
-0.63 0.0324099
-0.62 0.0352526
-0.61 0.037824
-0.6 0.0401144
-0.59 0.0421161
-0.58 0.0438226
-0.57 0.0452294
-0.56 0.0463335
-0.55 0.0471336
-0.54 0.0476298
-0.53 0.047824
-0.52 0.0477196
-0.51 0.0473214
-0.5 0.0466355
-0.49 0.0456698
-0.48 0.0444332
-0.47 0.0429359
-0.46 0.0411894
-0.45 0.0392063
-0.44 0.0370002
-0.43 0.0345857
-0.42 0.0319783
-0.41 0.0291943
-0.4 0.0262506
-0.39 0.0231649
-0.38 0.0199554
-0.37 0.0166406
-0.36 0.0132395
-0.35 0.00977132
-0.34 0.00625542
-0.33 0.00271127
-0.32 -0.000841688
-0.31 -0.00438412
-0.3 -0.00789686
-0.29 -0.011361
-0.28 -0.0147581
-0.27 -0.0180699
-0.26 -0.021279
-0.25 -0.0243682
-0.24 -0.0273213
-0.23 -0.0301226
-0.22 -0.0327571
-0.21 -0.0352109
-0.2 -0.0374709
-0.19 -0.0395246
-0.18 -0.041361
-0.17 -0.0429698
-0.16 -0.0443417
-0.15 -0.0454687
-0.14 -0.0463437
-0.13 -0.0469608
-0.12 -0.0473151
-0.11 -0.0474031
-0.1 -0.0472222
-0.09 -0.0467711
-0.08 -0.0460494
-0.07 -0.0450581
-0.06 -0.043799
-0.05 -0.0422753
-0.04 -0.0404911
-0.03 -0.0384515
-0.02 -0.0361625
-0.01 -0.0336314
0 -0.0308661
0.01 -0.0278755
0.02 -0.0246694
0.03 -0.0212582
0.04 -0.0176532
0.05 -0.0138664
0.06 -0.00991031
0.07 -0.00579804
0.08 -0.00154325
0.09 0.00283996
0.1 0.0073371
0.11 0.0119333
0.12 0.0166136
0.13 0.0213625
0.14 0.0261647
0.15 0.0310046
0.16 0.0358666
0.17 0.0407351
0.18 0.0455948
0.19 0.0504303
0.2 0.0552264
0.21 0.0599684
0.22 0.0646417
0.23 0.0692321
0.24 0.0737257
0.25 0.0781094
0.26 0.0823701
0.27 0.0864956
0.28 0.0904742
0.29 0.0942946
0.3 0.0979465
0.31 0.10142
0.32 0.104706
0.33 0.107795
0.34 0.110681
0.35 0.113357
0.36 0.115815
0.37 0.118051
0.38 0.12006
0.39 0.121838
0.4 0.123383
0.41 0.124691
0.42 0.125761
0.43 0.126593
0.44 0.127187
0.45 0.127543
0.46 0.127662
0.47 0.127548
0.48 0.127203
0.49 0.126631
0.5 0.125836
0.51 0.124822
0.52 0.123596
0.53 0.122164
0.54 0.120531
0.55 0.118706
0.56 0.116695
0.57 0.114507
0.58 0.11215
0.59 0.109634
0.6 0.106967
0.61 0.104158
0.62 0.101218
0.63 0.0981561
0.64 0.094983
0.65 0.0917087
0.66 0.0883437
0.67 0.0848986
0.68 0.0813837
0.69 0.0778098
0.7 0.0741873
0.71 0.0705268
0.72 0.0668386
0.73 0.0631329
0.74 0.05942
0.75 0.0557097
0.76 0.0520117
0.77 0.0483356
0.78 0.0446905
0.79 0.0410854
0.8 0.0375289
0.81 0.0340294
0.82 0.0305946
0.83 0.0272323
0.84 0.0239496
0.85 0.0207533
0.86 0.0176498
0.87 0.0146449
0.88 0.0117443
0.89 0.00895296
0.9 0.0062755
0.91 0.00371609
0.92 0.00127842
0.93 -0.00103429
0.94 -0.00321925
0.95 -0.00527417
0.96 -0.0071972
0.97 -0.00898696
0.98 -0.0106425
0.99 -0.0121634
1 -0.0135495
1.01 -0.0148012
1.02 -0.0159194
1.03 -0.0169052
1.04 -0.0177603
1.05 -0.0184866
1.06 -0.0190865
1.07 -0.0195626
1.08 -0.0199181
1.09 -0.0201564
1.1 -0.020281
1.11 -0.020296
1.12 -0.0202055
1.13 -0.0200141
1.14 -0.0197265
1.15 -0.0193475
1.16 -0.0188823
1.17 -0.0183361
1.18 -0.0177145
1.19 -0.0170228
1.2 -0.0162669
1.21 -0.0154523
1.22 -0.014585
1.23 -0.0136708
1.24 -0.0127155
1.25 -0.0117251
1.26 -0.0107053
1.27 -0.00966214
1.28 -0.00860124
1.29 -0.00752832
1.3 -0.00644901
1.31 -0.00536879
1.32 -0.00429303
1.33 -0.00322694
1.34 -0.00217559
1.35 -0.00114386
1.36 -0.000136438
1.37 0.000842184
1.38 0.00178774
1.39 0.00269618
1.4 0.00356373
1.41 0.00438682
1.42 0.00516218
1.43 0.00588679
1.44 0.00655791
1.45 0.0071731
1.46 0.00773018
1.47 0.0082273
1.48 0.00866288
1.49 0.00903566
1.5 0.00934466
1.51 0.00958923
1.52 0.00976899
1.53 0.0098839
1.54 0.00993419
1.55 0.00992039
1.56 0.00984332
1.57 0.00970408
1.58 0.00950406
1.59 0.00924492
1.6 0.00892855
1.61 0.00855714
1.62 0.00813308
1.63 0.00765902
1.64 0.00713781
1.65 0.00657252
1.66 0.00596639
1.67 0.00532287
1.68 0.00464555
1.69 0.00393818
1.7 0.00320463
1.71 0.00244891
1.72 0.0016751
1.73 0.000887393
1.74 9.0023e-05
1.75 -0.000712716
1.76 -0.0015165
1.77 -0.002317
1.78 -0.00310988
1.79 -0.00389084
1.8 -0.00465562
1.81 -0.00540001
1.82 -0.00611988
1.83 -0.0068112
1.84 -0.00747004
1.85 -0.0080926
1.86 -0.00867524
1.87 -0.00921446
1.88 -0.00970692
1.89 -0.0101495
1.9 -0.0105392
1.91 -0.0108735
1.92 -0.0111496
1.93 -0.0113655
1.94 -0.011519
1.95 -0.0116084
1.96 -0.0116323
1.97 -0.0115893
1.98 -0.0114785
1.99 -0.0112993
2 -0.0110513
2.01 -0.0107343
2.02 -0.0103486
2.03 -0.00989461
2.04 -0.00937309
2.05 -0.00878509
2.06 -0.00813196
2.07 -0.00741529
2.08 -0.00663696
2.09 -0.00579913
2.1 -0.00490419
2.11 -0.00395479
2.12 -0.00295383
2.13 -0.00190442
2.14 -0.000809888
2.15 0.000326221
2.16 0.00150019
2.17 0.00270811
2.18 0.00394593
2.19 0.00520945
2.2 0.00649433
2.21 0.00779615
2.22 0.00911038
2.23 0.0104324
2.24 0.0117576
2.25 0.0130812
2.26 0.0143986
2.27 0.015705
2.28 0.0169958
2.29 0.0182663
2.3 0.0195119
2.31 0.0207281
2.32 0.0219106
2.33 0.023055
2.34 0.0241571
2.35 0.025213
2.36 0.0262187
2.37 0.0271707
2.38 0.0280655
2.39 0.0288998
2.4 0.0296706
2.41 0.0303751
2.42 0.0310107
2.43 0.0315752
2.44 0.0320665
2.45 0.0324829
2.46 0.032823
2.47 0.0330856
2.48 0.0332698
2.49 0.033375
2.5 0.033401
2.51 0.0333478
2.52 0.0332157
2.53 0.0330054
2.54 0.0327177
2.55 0.0323539
2.56 0.0319155
2.57 0.0314042
2.58 0.0308222
2.59 0.0301716
2.6 0.0294552
2.61 0.0286756
2.62 0.0278359
2.63 0.0269393
2.64 0.0259894
2.65 0.0249897
2.66 0.023944
2.67 0.0228563
2.68 0.0217307
2.69 0.0205714
2.7 0.0193827
2.71 0.018169
2.72 0.0169348
2.73 0.0156845
2.74 0.0144228
2.75 0.013154
2.76 0.0118828
2.77 0.0106137
2.78 0.00935103
2.79 0.00809923
2.8 0.00686257
2.81 0.00564523
2.82 0.00445127
2.83 0.00328462
2.84 0.00214902
2.85 0.00104809
2.86 -1.47632e-05
2.87 -0.00103633
2.88 -0.0020136
2.89 -0.00294378
2.9 -0.00382433
2.91 -0.00465292
2.92 -0.00542748
2.93 -0.00614621
2.94 -0.00680755
2.95 -0.00741021
2.96 -0.00795318
2.97 -0.00843571
2.98 -0.00885731
2.99 -0.00921779
3 -0.0095172
3.01 -0.00975588
3.02 -0.00993442
3.03 -0.0100537
3.04 -0.0101147
3.05 -0.0101189
3.06 -0.0100678
3.07 -0.00996318
3.08 -0.00980711
3.09 -0.00960178
3.1 -0.0093496
3.11 -0.00905314
3.12 -0.00871515
3.13 -0.00833852
3.14 -0.00792627
3.15 -0.00748154
3.16 -0.00700758
3.17 -0.0065077
3.18 -0.00598531
3.19 -0.00544385
3.2 -0.00488679
3.21 -0.00431764
3.22 -0.00373988
3.23 -0.00315699
3.24 -0.00257243
3.25 -0.00198957
3.26 -0.00141176
3.27 -0.000842234
3.28 -0.000284144
3.29 0.00025947
3.3 0.000785692
3.31 0.00129175
3.32 0.001775
3.33 0.002233
3.34 0.00266343
3.35 0.00306419
3.36 0.00343335
3.37 0.00376918
3.38 0.00407016
3.39 0.00433497
3.4 0.0045625
3.41 0.00475188
3.42 0.00490242
3.43 0.00501369
3.44 0.00508545
3.45 0.0051177
3.46 0.00511063
3.47 0.00506466
3.48 0.00498043
3.49 0.00485875
3.5 0.00470065
3.51 0.00450735
3.52 0.00428024
3.53 0.00402089
3.54 0.00373102
3.55 0.00341251
3.56 0.0030674
3.57 0.00269781
3.58 0.00230602
3.59 0.0018944
3.6 0.00146539
3.61 0.00102154
3.62 0.000565432
3.63 9.97153e-05
3.64 -0.000372938
3.65 -0.000849832
3.66 -0.00132827
3.67 -0.00180556
3.68 -0.00227903
3.69 -0.00274605
3.7 -0.00320406
3.71 -0.00365052
3.72 -0.00408301
3.73 -0.00449917
3.74 -0.00489674
3.75 -0.00527361
3.76 -0.00562773
3.77 -0.00595724
3.78 -0.00626038
3.79 -0.00653556
3.8 -0.00678133
3.81 -0.00699641
3.82 -0.00717968
3.83 -0.00733021
3.84 -0.00744723
3.85 -0.00753015
3.86 -0.00757855
3.87 -0.00759221
3.88 -0.00757108
3.89 -0.00751529
3.9 -0.00742514
3.91 -0.00730111
3.92 -0.00714386
3.93 -0.00695419
3.94 -0.00673309
3.95 -0.00648169
3.96 -0.00620126
3.97 -0.00589321
3.98 -0.00555909
3.99 -0.00520057
4 -0.00481942
4.01 -0.00441752
4.02 -0.00399684
4.03 -0.00355944
4.04 -0.00310743
4.05 -0.00264298
4.06 -0.00216832
4.07 -0.00168571
4.08 -0.00119741
4.09 -0.000705725
4.1 -0.000212927
4.11 0.000278711
4.12 0.000766944
4.13 0.00124956
4.14 0.00172441
4.15 0.00218939
4.16 0.00264246
4.17 0.00308168
4.18 0.00350518
4.19 0.00391118
4.2 0.00429804
4.21 0.00466419
4.22 0.00500822
4.23 0.00532881
4.24 0.00562479
4.25 0.00589513
4.26 0.00613893
4.27 0.00635544
4.28 0.00654404
4.29 0.00670428
4.3 0.00683583
4.31 0.00693855
4.32 0.0070124
4.33 0.00705752
4.34 0.00707416
4.35 0.00706275
4.36 0.00702382
4.37 0.00695806
4.38 0.00686625
4.39 0.00674933
4.4 0.00660833
4.41 0.0064444
4.42 0.00625877
4.43 0.00605278
4.44 0.00582785
4.45 0.00558547
4.46 0.0053272
4.47 0.00505465
4.48 0.00476949
4.49 0.0044734
4.5 0.00416811
4.51 0.00385537
4.52 0.00353692
4.53 0.00321452
4.54 0.0028899
4.55 0.00256477
4.56 0.00224083
4.57 0.00191971
4.58 0.00160301
4.59 0.00129229
4.6 0.000989011
4.61 0.000694587
4.62 0.000410348
4.63 0.000137538
4.64 -0.000122688
4.65 -0.00036927
4.66 -0.000601251
4.67 -0.000817774
4.68 -0.00101809
4.69 -0.00120157
4.7 -0.00136769
4.71 -0.00151603
4.72 -0.00164631
4.73 -0.00175833
4.74 -0.00185204
4.75 -0.00192749
4.76 -0.00198483
4.77 -0.00202433
4.78 -0.00204636
4.79 -0.0020514
4.8 -0.00204002
4.81 -0.00201289
4.82 -0.00197076
4.83 -0.00191447
4.84 -0.00184493
4.85 -0.00176312
4.86 -0.00167009
4.87 -0.00156693
4.88 -0.0014548
4.89 -0.00133487
4.9 -0.00120838
4.91 -0.00107657
4.92 -0.000940694
4.93 -0.000802032
4.94 -0.000661854
4.95 -0.000521425
4.96 -0.000381994
4.97 -0.000244789
4.98 -0.000111009
4.99 1.81873e-05
5 0.000141683
