0.012 1
0.016 1
0.02 1
0.024 1
0.028 1
0.032 1
0.036 1
0.04 1
0.044 1
0.048 1
0.052 1
0.056 1
0.06 1
0.064 1
0.068 1
0.072 1
0.076 1
0.08 1
0.084 1
0.088 1
0.092 1
0.096 1
0.1 1
0.104 1
0.108 1
0.112 1
0.116 1
0.12 1
0.124 1
0.128 1
0.132 1
0.136 1
0.14 1
0.144 1
0.148 1
0.152 1
0.156 1
0.16 1
0.164 1
0.168 1
0.172 1
0.176 1
0.18 1
0.184 1
0.188 1
0.192 1
0.196 1
0.2 1
0.204 1
0.208 1
0.212 1
0.216 1
0.22 1
0.224 1
0.228 1
0.232 1
0.236 1
0.24 1
0.244 1
0.248 1
0.252 1
0.256 1
0.26 1
0.264 1
0.268 1
0.272 1
0.276 1
0.28 1
0.284 1
0.288 1
0.292 1
0.296 1
0.3 1
0.304 1
0.308 1
0.312 1
0.316 1
0.32 1
0.324 1
0.328 1
0.332 1
0.336 1
0.34 1
0.344 1
0.348 1
0.352 1
0.356 1
0.36 1
0.364 1
0.368 1
0.372 1
0.376 1
0.38 1
0.384 1
0.388 1
0.392 1
0.396 1
0.4 1
0.404 1
0.408 1
0.412 1
0.416 1
0.42 1
0.424 1
0.428 1
0.432 1
0.436 1
0.44 1
0.444 1
0.448 1
0.452 1
0.456 1
0.46 1
0.464 1
0.468 1
0.472 1
0.476 1
0.48 1
0.484 1
0.488 1
0.492 1
0.496 1
0.5 1
0.504 1
0.508 1
0.512 1
0.516 1
0.52 1
0.524 1
0.528 1
0.532 1
0.536 1
0.54 1
0.544 1
0.548 1
0.552 1
0.556 1
0.56 1
0.564 1
0.568 1
0.572 1
0.576 1
0.58 1
0.584 1
0.588 1
0.592 1
0.596 1
0.6 1
0.604 1
0.608 1
0.612 1
0.616 1
0.62 1
0.624 1
0.628 1
0.632 1
0.636 1
0.64 1
0.644 1
0.648 1
0.652 1
0.656 1
0.66 1
0.664 1
0.668 1
0.672 1
0.676 1
0.68 1
0.684 1
0.688 1
0.692 1
0.696 1
0.7 1
0.704 1
0.708 1
0.712 1
0.716 1
0.72 1
0.724 1
0.728 1
0.732 1
0.736 1
0.74 1
0.744 1
0.748 1
0.752 1
0.756 1
0.76 1
0.764 1
0.768 1
0.772 1
0.776 1
0.78 1
0.784 1
0.788 1
0.792 1
0.796 1
0.8 1
0.804 1
0.808 1
0.812 1
0.816 1
0.82 1
0.824 1
0.828 1
0.832 1
0.836 1
0.84 1
0.844 1
0.848 1
0.852 1
0.856 1
0.86 1
0.864 1
0.868 1
0.872 1
0.876 1
0.88 1
0.884 1
0.888 1
0.892 1
0.896 1
0.9 1
0.904 1
0.908 1
0.912 1
0.916 1
0.92 1
0.924 1
0.928 1
0.932 1
0.936 1
0.94 1
0.944 1
0.948 1
0.952 1
0.956 1
0.96 1
0.964 1
0.968 1
0.972 1
0.976 1
0.98 1
0.984 1
0.988 1
0.992 1
0.996 1
1 1
1.004 1
1.008 1
1.012 1
1.016 1
1.02 1
1.024 1
1.028 1
1.032 1
1.036 1
1.04 1
1.044 1
1.048 1
1.052 1
1.056 1
1.06 1
1.064 1
1.068 1
1.072 1
1.076 1
1.08 1
1.084 1
1.088 1
1.092 1
1.096 1
1.1 1
1.104 1
1.108 1
1.112 1
1.116 1
1.12 1
1.124 1
1.128 1
1.132 1
1.136 1
1.14 1
1.144 1
1.148 1
1.152 1
1.156 1
1.16 1
1.164 1
1.168 1
1.172 1
1.176 1
1.18 1
1.184 1
1.188 1
1.192 1
1.196 1
1.2 1
1.204 1
1.208 1
1.212 1
1.216 1
1.22 1
1.224 1
1.228 1
1.232 1
1.236 1
1.24 1
1.244 1
1.248 1
1.252 1
1.256 1
1.26 1
1.264 1
1.268 1
1.272 1
1.276 1
1.28 1
1.284 1
1.288 1
1.292 1
1.296 1
1.3 1
1.304 1
1.308 1
1.312 1
1.316 1
1.32 1
1.324 1
1.328 1
1.332 1
1.336 1
1.34 1
1.344 1
1.348 1
1.352 1
1.356 1
1.36 1
1.364 1
1.368 1
1.372 1
1.376 1
1.38 1
1.384 1
1.388 1
1.392 1
1.396 1
1.4 1
1.404 1
1.408 1
1.412 1
1.416 1
1.42 1
1.424 1
1.428 1
1.432 1
1.436 1
1.44 1
1.444 1
1.448 1
1.452 1
1.456 1
1.46 1
1.464 1
1.468 1
1.472 1
1.476 1
1.48 1
1.484 1
1.488 1
1.492 1
1.496 1
1.5 1
1.504 1
1.508 1
1.512 1
1.516 1
1.52 1
1.524 1
1.528 1
1.532 1
1.536 1
1.54 1
1.544 1
1.548 1
1.552 1
1.556 1
1.56 1
1.564 1
1.568 1
1.572 1
1.576 1
1.58 1
1.584 1
1.588 1
1.592 1
1.596 1
1.6 1
1.604 1
1.608 1
1.612 1
1.616 1
1.62 1
1.624 1
1.628 1
1.632 1
1.636 1
1.64 1
1.644 1
1.648 1
1.652 1
1.656 1
1.66 1
1.664 1
1.668 1
1.672 1
1.676 1
1.68 1
1.684 1
1.688 1
1.692 1
1.696 1
1.7 1
1.704 1
1.708 1
1.712 1
1.716 1
1.72 1
1.724 1
1.728 1
1.732 1
1.736 1
1.74 1
1.744 1
1.748 1
1.752 1
1.756 1
1.76 1
1.764 1
1.768 1
1.772 1
1.776 1
1.78 1
1.784 1
1.788 1
1.792 1
1.796 1
1.8 1
1.804 1
1.808 1
1.812 1
1.816 1
1.82 1
1.824 1
1.828 1
1.832 1
1.836 1
1.84 1
1.844 1
1.848 1
1.852 1
1.856 1
1.86 1
1.864 1
1.868 1
1.872 1
1.876 1
1.88 1
1.884 1
1.888 1
1.892 1
1.896 1
1.9 1
1.904 1
1.908 1
1.912 1
1.916 1
1.92 1
1.924 1
1.928 1
1.932 1
1.936 1
1.94 1
1.944 1
1.948 1
1.952 1
1.956 1
1.96 1
1.964 1
1.968 1
1.972 1
1.976 1
1.98 1
1.984 1
1.988 1
1.992 1
1.996 1
2 1
2.004 1
2.008 1
2.012 1
2.016 1
2.02 1
2.024 1
2.028 1
2.032 1
2.036 1
2.04 1
2.044 1
2.048 1
2.052 1
2.056 1
2.06 1
2.064 1
2.068 1
2.072 1
2.076 1
2.08 1
2.084 1
2.088 1
2.092 1
2.096 1
2.1 1
2.104 1
2.108 1
2.112 1
2.116 1
2.12 1
2.124 1
2.128 1
2.132 1
2.136 1
2.14 1
2.144 1
2.148 1
2.152 1
2.156 1
2.16 1
2.164 1
2.168 1
2.172 1
2.176 1
2.18 1
2.184 1
2.188 1
2.192 1
2.196 1
2.2 1
2.204 1
2.208 1
2.212 1
2.216 1
2.22 1
2.224 1
2.228 1
2.232 1
2.236 1
2.24 1
2.244 1
2.248 1
2.252 1
2.256 1
2.26 1
2.264 1
2.268 1
2.272 1
2.276 1
2.28 1
2.284 1
2.288 1
2.292 1
2.296 1
2.3 1
2.304 1
2.308 1
2.312 1
2.316 1
2.32 1
2.324 1
2.328 1
2.332 1
2.336 1
2.34 1
2.344 1
2.348 1
2.352 1
2.356 1
2.36 1
2.364 1
2.368 1
2.372 1
2.376 1
2.38 1
2.384 1
2.388 1
2.392 1
2.396 1
2.4 1
2.404 1
2.408 1
2.412 1
2.416 1
2.42 1
2.424 1
2.428 1
2.432 1
2.436 1
2.44 1
2.444 1
2.448 1
2.452 1
2.456 1
2.46 1
2.464 1
2.468 1
2.472 1
2.476 1
2.48 1
2.484 1
2.488 1
2.492 1
2.496 1
2.5 1
2.504 1
2.508 1
2.512 1
2.516 1
2.52 1
2.524 1
2.528 1
2.532 1
2.536 1
2.54 1
2.544 1
2.548 1
2.552 1
2.556 1
2.56 1
2.564 1
2.568 1
2.572 1
2.576 1
2.58 1
2.584 1
2.588 1
2.592 1
2.596 1
2.6 1
2.604 1
2.608 1
2.612 1
2.616 1
2.62 1
2.624 1
2.628 1
2.632 1
2.636 1
2.64 1
2.644 1
2.648 1
2.652 1
2.656 1
2.66 1
2.664 1
2.668 1
2.672 1
2.676 1
2.68 1
2.684 1
2.688 1
2.692 1
2.696 1
2.7 1
2.704 1
2.708 1
2.712 1
2.716 1
2.72 1
2.724 1
2.728 1
2.732 1
2.736 1
2.74 1
2.744 1
2.748 1
2.752 1
2.756 1
2.76 1
2.764 1
2.768 1
2.772 1
2.776 1
2.78 1
2.784 1
2.788 1
2.792 1
2.796 1
2.8 1
2.804 1
2.808 1
2.812 1
2.816 1
2.82 1
2.824 1
2.828 1
2.832 1
2.836 1
2.84 1
2.844 1
2.848 1
2.852 1
2.856 1
2.86 1
2.864 1
2.868 1
2.872 1
2.876 1
2.88 1
2.884 1
2.888 1
2.892 1
2.896 1
2.9 1
2.904 1
2.908 1
2.912 1
2.916 1
2.92 1
2.924 1
2.928 1
2.932 1
2.936 1
2.94 1
2.944 1
2.948 1
2.952 1
2.956 1
2.96 1
2.964 1
2.968 1
2.972 1
2.976 1
2.98 1
2.984 1
2.988 1
2.992 1
2.996 1
3 1
3.004 1
3.008 1
3.012 1
3.016 1
3.02 1
3.024 1
3.028 1
3.032 1
3.036 1
3.04 1
3.044 1
3.048 1
3.052 1
3.056 1
3.06 1
3.064 1
3.068 1
3.072 1
3.076 1
3.08 1
3.084 1
3.088 1
3.092 1
3.096 1
3.1 1
3.104 1
3.108 1
3.112 1
3.116 1
3.12 1
3.124 1
3.128 1
3.132 1
3.136 1
3.14 1
3.144 1
3.148 1
3.152 1
3.156 1
3.16 1
3.164 1
3.168 1
3.172 1
3.176 1
3.18 1
3.184 1
3.188 1
3.192 1
3.196 1
3.2 1
3.204 1
3.208 1
3.212 1
3.216 1
3.22 1
3.224 1
3.228 1
3.232 1
3.236 1
3.24 1
3.244 1
3.248 1
3.252 1
3.256 1
3.26 1
3.264 1
3.268 1
3.272 1
3.276 1
3.28 1
3.284 1
3.288 1
3.292 1
3.296 1
3.3 1
3.304 1
3.308 1
3.312 1
3.316 1
3.32 1
3.324 1
3.328 1
3.332 1
3.336 1
3.34 1
3.344 1
3.348 1
3.352 1
3.356 1
3.36 1
3.364 1
3.368 1
3.372 1
3.376 1
3.38 1
3.384 1
3.388 1
3.392 1
3.396 1
3.4 1
3.404 1
3.408 1
3.412 1
3.416 1
3.42 1
3.424 1
3.428 1
3.432 1
3.436 1
3.44 1
3.444 1
3.448 1
3.452 1
3.456 1
3.46 1
3.464 1
3.468 1
3.472 1
3.476 1
3.48 1
3.484 1
3.488 1
3.492 1
3.496 1
3.5 1
3.504 1
3.508 1
3.512 1
3.516 1
3.52 1
3.524 1
3.528 1
3.532 1
3.536 1
3.54 1
3.544 1
3.548 1
3.552 1
3.556 1
3.56 1
3.564 1
3.568 1
3.572 1
3.576 1
3.58 1
3.584 1
3.588 1
3.592 1
3.596 1
3.6 1
3.604 1
3.608 1
3.612 1
3.616 1
3.62 1
3.624 1
3.628 1
3.632 1
3.636 1
3.64 1
3.644 1
3.648 1
3.652 1
3.656 1
3.66 1
3.664 1
3.668 1
3.672 1
3.676 1
3.68 1
3.684 1
3.688 1
3.692 1
3.696 1
3.7 1
3.704 1
3.708 1
3.712 1
3.716 1
3.72 1
3.724 1
3.728 1
3.732 1
3.736 1
3.74 1
3.744 1
3.748 1
3.752 1
3.756 1
3.76 1
3.764 1
3.768 1
3.772 1
3.776 1
3.78 1
3.784 1
3.788 1
3.792 1
3.796 1
3.8 1
3.804 1
3.808 1
3.812 1
3.816 1
3.82 1
3.824 1
3.828 1
3.832 1
3.836 1
3.84 1
3.844 1
3.848 1
3.852 1
3.856 1
3.86 1
3.864 1
3.868 1
3.872 1
3.876 1
3.88 1
3.884 1
3.888 1
3.892 1
3.896 1
3.9 1
3.904 1
3.908 1
3.912 1
3.916 1
3.92 1
3.924 1
3.928 1
3.932 1
3.936 1
3.94 1
3.944 1
3.948 1
3.952 1
3.956 1
3.96 1
3.964 1
3.968 1
3.972 1
3.976 1
3.98 1
3.984 1
3.988 1
3.992 1
3.996 1
4 1
4.004 1
4.008 1
4.012 1
4.016 1
4.02 1
4.024 1
4.028 1
4.032 1
4.036 1
4.04 1
4.044 1
4.048 1
4.052 1
4.056 1
4.06 1
4.064 1
4.068 1
4.072 1
4.076 1
4.08 1
4.084 1
4.088 1
4.092 1
4.096 1
4.1 1
4.104 1
4.108 1
4.112 1
4.116 1
4.12 1
4.124 1
4.128 1
4.132 1
4.136 1
4.14 1
4.144 1
4.148 1
4.152 1
4.156 1
4.16 1
4.164 1
4.168 1
4.172 1
4.176 1
4.18 1
4.184 1
4.188 1
4.192 1
4.196 1
4.2 1
4.204 1
4.208 1
4.212 1
4.216 1
4.22 1
4.224 1
4.228 1
4.232 1
4.236 1
4.24 1
4.244 1
4.248 1
4.252 1
4.256 1
4.26 1
4.264 1
4.268 1
4.272 1
4.276 1
4.28 1
4.284 1
4.288 1
4.292 1
4.296 1
4.3 1
4.304 1
4.308 1
4.312 1
4.316 1
4.32 1
4.324 1
4.328 1
4.332 1
4.336 1
4.34 1
4.344 1
4.348 1
4.352 1
4.356 1
4.36 1
4.364 1
4.368 1
4.372 1
4.376 1
4.38 1
4.384 1
4.388 1
4.392 1
4.396 1
4.4 1
4.404 1
4.408 1
4.412 1
4.416 1
4.42 1
4.424 1
4.428 1
4.432 1
4.436 1
4.44 1
4.444 1
4.448 1
4.452 1
4.456 1
4.46 1
4.464 1
4.468 1
4.472 1
4.476 1
4.48 1
4.484 1
4.488 1
4.492 1
4.496 1
4.5 1
4.504 1
4.508 1
4.512 1
4.516 1
4.52 1
4.524 1
4.528 1
4.532 1
4.536 1
4.54 1
4.544 1
4.548 1
4.552 1
4.556 1
4.56 1
4.564 1
4.568 1
4.572 1
4.576 1
4.58 1
4.584 1
4.588 1
4.592 1
4.596 1
4.6 1
4.604 1
4.608 1
4.612 1
4.616 1
4.62 1
4.624 1
4.628 1
4.632 1
4.636 1
4.64 1
4.644 1
4.648 1
4.652 1
4.656 1
4.66 1
4.664 1
4.668 1
4.672 1
4.676 1
4.68 1
4.684 1
4.688 1
4.692 1
4.696 1
4.7 1
4.704 1
4.708 1
4.712 1
4.716 1
4.72 1
4.724 1
4.728 1
4.732 1
4.736 1
4.74 1
4.744 1
4.748 1
4.752 1
4.756 1
4.76 1
4.764 1
4.768 1
4.772 1
4.776 1
4.78 1
4.784 1
4.788 1
4.792 1
4.796 1
4.8 1
4.804 1
4.808 1
4.812 1
4.816 1
4.82 1
4.824 1
4.828 1
4.832 1
4.836 1
4.84 1
4.844 1
4.848 1
4.852 1
4.856 1
4.86 1
4.864 1
4.868 1
4.872 1
4.876 1
4.88 1
4.884 1
4.888 1
4.892 1
4.896 1
4.9 1
4.904 1
4.908 1
4.912 1
4.916 1
4.92 1
4.924 1
4.928 1
4.932 1
4.936 1
4.94 1
4.944 1
4.948 1
4.952 1
4.956 1
4.96 1
4.964 1
4.968 1
4.972 1
4.976 1
4.98 1
4.984 1
4.988 1
4.992 1
4.996 1
5 1
5.004 1
5.008 1
5.012 1
5.016 1
5.02 1
5.024 1
5.028 1
5.032 1
5.036 1
5.04 1
5.044 1
5.048 1
5.052 1
5.056 1
5.06 1
5.064 1
5.068 1
5.072 1
5.076 1
5.08 1
5.084 1
5.088 1
5.092 1
5.096 1
5.1 1
5.104 1
5.108 1
5.112 1
5.116 1
5.12 1
5.124 1
5.128 1
5.132 1
5.136 1
5.14 1
5.144 1
5.148 1
5.152 1
5.156 1
5.16 1
5.164 1
5.168 1
5.172 1
5.176 1
5.18 1
5.184 1
5.188 1
5.192 1
5.196 1
5.2 1
5.204 1
5.208 1
5.212 1
5.216 1
5.22 1
5.224 1
5.228 1
5.232 1
5.236 1
5.24 1
5.244 1
5.248 1
5.252 1
5.256 1
5.26 1
5.264 1
5.268 1
5.272 1
5.276 1
5.28 1
5.284 1
5.288 1
5.292 1
5.296 1
5.3 1
5.304 1
5.308 1
5.312 1
5.316 1
5.32 1
5.324 1
5.328 1
5.332 1
5.336 1
5.34 1
5.344 1
5.348 1
5.352 1
5.356 1
5.36 1
5.364 1
5.368 1
5.372 1
5.376 1
5.38 1
5.384 1
5.388 1
5.392 1
5.396 1
5.4 1
5.404 1
5.408 1
5.412 1
5.416 1
5.42 1
5.424 1
5.428 1
5.432 1
5.436 1
5.44 1
5.444 1
5.448 1
5.452 1
5.456 1
5.46 1
5.464 1
5.468 1
5.472 1
5.476 1
5.48 1
5.484 1
5.488 1
5.492 1
5.496 1
5.5 1
5.504 1
5.508 1
5.512 1
5.516 1
5.52 1
5.524 1
5.528 1
5.532 1
5.536 1
5.54 1
5.544 1
5.548 1
5.552 1
5.556 1
5.56 1
5.564 1
5.568 1
5.572 1
5.576 1
5.58 1
5.584 1
5.588 1
5.592 1
5.596 1
5.6 1
5.604 1
5.608 1
5.612 1
5.616 1
5.62 1
5.624 1
5.628 1
5.632 1
5.636 1
5.64 1
5.644 1
5.648 1
5.652 1
5.656 1
5.66 1
5.664 1
5.668 1
5.672 1
5.676 1
5.68 1
5.684 1
5.688 1
5.692 1
5.696 1
5.7 1
5.704 1
5.708 1
5.712 1
5.716 1
5.72 1
5.724 1
5.728 1
5.732 1
5.736 1
5.74 1
5.744 1
5.748 1
5.752 1
5.756 1
5.76 1
5.764 1
5.768 1
5.772 1
5.776 1
5.78 1
5.784 1
5.788 1
5.792 1
5.796 1
5.8 1
5.804 1
5.808 1
5.812 1
5.816 1
5.82 1
5.824 1
5.828 1
5.832 1
5.836 1
5.84 1
5.844 1
5.848 1
5.852 1
5.856 1
5.86 1
5.864 1
5.868 1
5.872 1
5.876 1
5.88 1
5.884 1
5.888 1
5.892 1
5.896 1
5.9 1
5.904 1
5.908 1
5.912 1
5.916 1
5.92 1
5.924 1
5.928 1
5.932 1
5.936 1
5.94 1
5.944 1
5.948 1
5.952 1
5.956 1
5.96 1
5.964 1
5.968 1
5.972 1
5.976 1
5.98 1
5.984 1
5.988 1
5.992 1
5.996 1
6 1
6.004 1
6.008 1
6.012 1
6.016 1
6.02 1
6.024 1
6.028 1
6.032 1
6.036 1
6.04 1
6.044 1
6.048 1
6.052 1
6.056 1
6.06 1
6.064 1
6.068 1
6.072 1
6.076 1
6.08 1
6.084 1
6.088 1
6.092 1
6.096 1
6.1 1
6.104 1
6.108 1
6.112 1
6.116 1
6.12 1
6.124 1
6.128 1
6.132 1
6.136 1
6.14 1
6.144 1
6.148 1
6.152 1
6.156 1
6.16 1
6.164 1
6.168 1
6.172 1
6.176 1
6.18 1
6.184 1
6.188 1
6.192 1
6.196 1
6.2 1
6.204 1
6.208 1
6.212 1
6.216 1
6.22 1
6.224 1
6.228 1
6.232 1
6.236 1
6.24 1
6.244 1
6.248 1
6.252 1
6.256 1
6.26 1
6.264 1
6.268 1
6.272 1
6.276 1
6.28 1
6.284 1
6.288 1
6.292 1
6.296 1
6.3 1
6.304 1
6.308 1
6.312 1
6.316 1
6.32 1
6.324 1
6.328 1
6.332 1
6.336 1
6.34 1
6.344 1
6.348 1
6.352 1
6.356 1
6.36 1
6.364 1
6.368 1
6.372 1
6.376 1
6.38 1
6.384 1
6.388 1
6.392 1
6.396 1
6.4 1
6.404 1
6.408 1
6.412 1
6.416 1
6.42 1
6.424 1
6.428 1
6.432 1
6.436 1
6.44 1
6.444 1
6.448 1
6.452 1
6.456 1
6.46 1
6.464 1
6.468 1
6.472 1
6.476 1
6.48 1
6.484 1
6.488 1
6.492 1
6.496 1
6.5 1
6.504 1
6.508 1
6.512 1
6.516 1
6.52 1
6.524 1
6.528 1
6.532 1
6.536 1
6.54 1
6.544 1
6.548 1
6.552 1
6.556 1
6.56 1
6.564 1
6.568 1
6.572 1
6.576 1
6.58 1
6.584 1
6.588 1
6.592 1
6.596 1
6.6 1
6.604 1
6.608 1
6.612 1
6.616 1
6.62 1
6.624 1
6.628 1
6.632 1
6.636 1
6.64 1
6.644 1
6.648 1
6.652 1
6.656 1
6.66 1
6.664 1
6.668 1
6.672 1
6.676 1
6.68 1
6.684 1
6.688 1
6.692 1
6.696 1
6.7 1
6.704 1
6.708 1
6.712 1
6.716 1
6.72 1
6.724 1
6.728 1
6.732 1
6.736 1
6.74 1
6.744 1
6.748 1
6.752 1
6.756 1
6.76 1
6.764 1
6.768 1
6.772 1
6.776 1
6.78 1
6.784 1
6.788 1
6.792 1
6.796 1
6.8 1
6.804 1
6.808 1
6.812 1
6.816 1
6.82 1
6.824 1
6.828 1
6.832 1
6.836 1
6.84 1
6.844 1
6.848 1
6.852 1
6.856 1
6.86 1
6.864 1
6.868 1
6.872 1
6.876 1
6.88 1
6.884 1
6.888 1
6.892 1
6.896 1
6.9 1
6.904 1
6.908 1
6.912 1
6.916 1
6.92 1
6.924 1
6.928 1
6.932 1
6.936 1
6.94 1
6.944 1
6.948 1
6.952 1
6.956 1
6.96 1
6.964 1
6.968 1
6.972 1
6.976 1
6.98 1
6.984 1
6.988 1
6.992 1
6.996 1
7 1
7.004 1
7.008 1
7.012 1
7.016 1
7.02 1
7.024 1
7.028 1
7.032 1
7.036 1
7.04 1
7.044 1
7.048 1
7.052 1
7.056 1
7.06 1
7.064 1
7.068 1
7.072 1
7.076 1
7.08 1
7.084 1
7.088 1
7.092 1
7.096 1
7.1 1
7.104 1
7.108 1
7.112 1
7.116 1
7.12 1
7.124 1
7.128 1
7.132 1
7.136 1
7.14 1
7.144 1
7.148 1
7.152 1
7.156 1
7.16 1
7.164 1
7.168 1
7.172 1
7.176 1
7.18 1
7.184 1
7.188 1
7.192 1
7.196 1
7.2 1
7.204 1
7.208 1
7.212 1
7.216 1
7.22 1
7.224 1
7.228 1
7.232 1
7.236 1
7.24 1
7.244 1
7.248 1
7.252 1
7.256 1
7.26 1
7.264 1
7.268 1
7.272 1
7.276 1
7.28 1
7.284 1
7.288 1
7.292 1
7.296 1
7.3 1
7.304 1
7.308 1
7.312 1
7.316 1
7.32 1
7.324 1
7.328 1
7.332 1
7.336 1
7.34 1
7.344 1
7.348 1
7.352 1
7.356 1
7.36 1
7.364 1
7.368 1
7.372 1
7.376 1
7.38 1
7.384 1
7.388 1
7.392 1
7.396 1
7.4 1
7.404 1
7.408 1
7.412 1
7.416 1
7.42 1
7.424 1
7.428 1
7.432 1
7.436 1
7.44 1
7.444 1
7.448 1
7.452 1
7.456 1
7.46 1
7.464 1
7.468 1
7.472 1
7.476 1
7.48 1
7.484 1
7.488 1
7.492 1
7.496 1
7.5 1
7.504 1
7.508 1
7.512 1
7.516 1
7.52 1
7.524 1
7.528 1
7.532 1
7.536 1
7.54 1
7.544 1
7.548 1
7.552 1
7.556 1
7.56 1
7.564 1
7.568 1
7.572 1
7.576 1
7.58 1
7.584 1
7.588 1
7.592 1
7.596 1
7.6 1
7.604 1
7.608 1
7.612 1
7.616 1
7.62 1
7.624 1
7.628 1
7.632 1
7.636 1
7.64 1
7.644 1
7.648 1
7.652 1
7.656 1
7.66 1
7.664 1
7.668 1
7.672 1
7.676 1
7.68 1
7.684 1
7.688 1
7.692 1
7.696 1
7.7 1
7.704 1
7.708 1
7.712 1
7.716 1
7.72 1
7.724 1
7.728 1
7.732 1
7.736 1
7.74 1
7.744 1
7.748 1
7.752 1
7.756 1
7.76 1
7.764 1
7.768 1
7.772 1
7.776 1
7.78 1
7.784 1
7.788 1
7.792 1
7.796 1
7.8 1
7.804 1
7.808 1
7.812 1
7.816 1
7.82 1
7.824 1
7.828 1
7.832 1
7.836 1
7.84 1
7.844 1
7.848 1
7.852 1
7.856 1
7.86 1
7.864 1
7.868 1
7.872 1
7.876 1
7.88 1
7.884 1
7.888 1
7.892 1
7.896 1
7.9 1
7.904 1
7.908 1
7.912 1
7.916 1
7.92 1
7.924 1
7.928 1
7.932 1
7.936 1
7.94 1
7.944 1
7.948 1
7.952 1
7.956 1
7.96 1
7.964 1
7.968 1
7.972 1
7.976 1
7.98 1
7.984 1
7.988 1
7.992 1
7.996 1
8 1
8.004 1
8.008 1
8.012 1
8.016 1
8.02 1
8.024 1
8.028 1
8.032 1
8.036 1
8.04 1
8.044 1
8.048 1
8.052 1
8.056 1
8.06 1
8.064 1
8.068 1
8.072 1
8.076 1
8.08 1
8.084 1
8.088 1
8.092 1
8.096 1
8.1 1
8.104 1
8.108 1
8.112 1
8.116 1
8.12 1
8.124 1
8.128 1
8.132 1
8.136 1
8.14 1
8.144 1
8.148 1
8.152 1
8.156 1
8.16 1
8.164 1
8.168 1
8.172 1
8.176 1
8.18 1
8.184 1
8.188 1
8.192 1
8.196 1
8.2 1
8.204 1
8.208 1
8.212 1
8.216 1
8.22 1
8.224 1
8.228 1
8.232 1
8.236 1
8.24 1
8.244 1
8.248 1
8.252 1
8.256 1
8.26 1
8.264 1
8.268 1
8.272 1
8.276 1
8.28 1
8.284 1
8.288 1
8.292 1
8.296 1
8.3 1
8.304 1
8.308 1
8.312 1
8.316 1
8.32 1
8.324 1
8.328 1
8.332 1
8.336 1
8.34 1
8.344 1
8.348 1
8.352 1
8.356 1
8.36 1
8.364 1
8.368 1
8.372 1
8.376 1
8.38 1
8.384 1
8.388 1
8.392 1
8.396 1
8.4 1
8.404 1
8.408 1
8.412 1
8.416 1
8.42 1
8.424 1
8.428 1
8.432 1
8.436 1
8.44 1
8.444 1
8.448 1
8.452 1
8.456 1
8.46 1
8.464 1
8.468 1
8.472 1
8.476 1
8.48 1
8.484 1
8.488 1
8.492 1
8.496 1
8.5 1
8.504 1
8.508 1
8.512 1
8.516 1
8.52 1
8.524 1
8.528 1
8.532 1
8.536 1
8.54 1
8.544 1
8.548 1
8.552 1
8.556 1
8.56 1
8.564 1
8.568 1
8.572 1
8.576 1
8.58 1
8.584 1
8.588 1
8.592 1
8.596 1
8.6 1
8.604 1
8.608 1
8.612 1
8.616 1
8.62 1
8.624 1
8.628 1
8.632 1
8.636 1
8.64 1
8.644 1
8.648 1
8.652 1
8.656 1
8.66 1
8.664 1
8.668 1
8.672 1
8.676 1
8.68 1
8.684 1
8.688 1
8.692 1
8.696 1
8.7 1
8.704 1
8.708 1
8.712 1
8.716 1
8.72 1
8.724 1
8.728 1
8.732 1
8.736 1
8.74 1
8.744 1
8.748 1
8.752 1
8.756 1
8.76 1
8.764 1
8.768 1
8.772 1
8.776 1
8.78 1
8.784 1
8.788 1
8.792 1
8.796 1
8.8 1
8.804 1
8.808 1
8.812 1
8.816 1
8.82 1
8.824 1
8.828 1
8.832 1
8.836 1
8.84 1
8.844 1
8.848 1
8.852 1
8.856 1
8.86 1
8.864 1
8.868 1
8.872 1
8.876 1
8.88 1
8.884 1
8.888 1
8.892 1
8.896 1
8.9 1
8.904 1
8.908 1
8.912 1
8.916 1
8.92 1
8.924 1
8.928 1
8.932 1
8.936 1
8.94 1
8.944 1
8.948 1
8.952 1
8.956 1
8.96 1
8.964 1
8.968 1
8.972 1
8.976 1
8.98 1
8.984 1
8.988 1
8.992 1
8.996 1
9 1
9.004 1
9.008 1
9.012 1
9.016 1
9.02 1
9.024 1
9.028 1
9.032 1
9.036 1
9.04 1
9.044 1
9.048 1
9.052 1
9.056 1
9.06 1
9.064 1
9.068 1
9.072 1
9.076 1
9.08 1
9.084 1
9.088 1
9.092 1
9.096 1
9.1 1
9.104 1
9.108 1
9.112 1
9.116 1
9.12 1
9.124 1
9.128 1
9.132 1
9.136 1
9.14 1
9.144 1
9.148 1
9.152 1
9.156 1
9.16 1
9.164 1
9.168 1
9.172 1
9.176 1
9.18 1
9.184 1
9.188 1
9.192 1
9.196 1
9.2 1
9.204 1
9.208 1
9.212 1
9.216 1
9.22 1
9.224 1
9.228 1
9.232 1
9.236 1
9.24 1
9.244 1
9.248 1
9.252 1
9.256 1
9.26 1
9.264 1
9.268 1
9.272 1
9.276 1
9.28 1
9.284 1
9.288 1
9.292 1
9.296 1
9.3 1
9.304 1
9.308 1
9.312 1
9.316 1
9.32 1
9.324 1
9.328 1
9.332 1
9.336 1
9.34 1
9.344 1
9.348 1
9.352 1
9.356 1
9.36 1
9.364 1
9.368 1
9.372 1
9.376 1
9.38 1
9.384 1
9.388 1
9.392 1
9.396 1
9.4 1
9.404 1
9.408 1
9.412 1
9.416 1
9.42 1
9.424 1
9.428 1
9.432 1
9.436 1
9.44 1
9.444 1
9.448 1
9.452 1
9.456 1
9.46 1
9.464 1
9.468 1
9.472 1
9.476 1
9.48 1
9.484 1
9.488 1
9.492 1
9.496 1
9.5 1
9.504 1
9.508 1
9.512 1
9.516 1
9.52 1
9.524 1
9.528 1
9.532 1
9.536 1
9.54 1
9.544 1
9.548 1
9.552 1
9.556 1
9.56 1
9.564 1
9.568 1
9.572 1
9.576 1
9.58 1
9.584 1
9.588 1
9.592 1
9.596 1
9.6 1
9.604 1
9.608 1
9.612 1
9.616 1
9.62 1
9.624 1
9.628 1
9.632 1
9.636 1
9.64 1
9.644 1
9.648 1
9.652 1
9.656 1
9.66 1
9.664 1
9.668 1
9.672 1
9.676 1
9.68 1
9.684 1
9.688 1
9.692 1
9.696 1
9.7 1
9.704 1
9.708 1
9.712 1
9.716 1
9.72 1
9.724 1
9.728 1
9.732 1
9.736 1
9.74 1
9.744 1
9.748 1
9.752 1
9.756 1
9.76 1
9.764 1
9.768 1
9.772 1
9.776 1
9.78 1
9.784 1
9.788 1
9.792 1
9.796 1
9.8 1
9.804 1
9.808 1
9.812 1
9.816 1
9.82 1
9.824 1
9.828 1
9.832 1
9.836 1
9.84 1
9.844 1
9.848 1
9.852 1
9.856 1
9.86 1
9.864 1
9.868 1
9.872 1
9.876 1
9.88 1
9.884 1
9.888 1
9.892 1
9.896 1
9.9 1
9.904 1
9.908 1
9.912 1
9.916 1
9.92 1
9.924 1
9.928 1
9.932 1
9.936 1
9.94 1
9.944 1
9.948 1
9.952 1
9.956 1
9.96 1
9.964 1
9.968 1
9.972 1
9.976 1
9.98 1
9.984 1
9.988 1
9.992 1
9.996 1
10 1
10.004 1
10.008 1
10.012 1
10.016 1
10.02 1
10.024 1
10.028 1
10.032 1
10.036 1
10.04 1
10.044 1
10.048 1
10.052 1
10.056 1
10.06 1
10.064 1
10.068 1
10.072 1
10.076 1
10.08 1
10.084 1
10.088 1
10.092 1
10.096 1
10.1 1
10.104 1
10.108 1
10.112 1
10.116 1
10.12 1
10.124 1
10.128 1
10.132 1
10.136 1
10.14 1
10.144 1
10.148 1
10.152 1
10.156 1
10.16 1
10.164 1
10.168 1
10.172 1
10.176 1
10.18 1
10.184 1
10.188 1
10.192 1
10.196 1
10.2 1
10.204 1
10.208 1
10.212 1
10.216 1
10.22 1
10.224 1
10.228 1
10.232 1
10.236 1
10.24 1
10.244 1
10.248 1
10.252 1
10.256 1
10.26 1
10.264 1
10.268 1
10.272 1
10.276 1
10.28 1
10.284 1
10.288 1
10.292 1
10.296 1
10.3 1
10.304 1
10.308 1
10.312 1
10.316 1
10.32 1
10.324 1
10.328 1
10.332 1
10.336 1
10.34 1
10.344 1
10.348 1
10.352 1
10.356 1
10.36 1
10.364 1
10.368 1
10.372 1
10.376 1
10.38 1
10.384 1
10.388 1
10.392 1
10.396 1
10.4 1
10.404 1
10.408 1
10.412 1
10.416 1
10.42 1
10.424 1
10.428 1
10.432 1
10.436 1
10.44 1
10.444 1
10.448 1
10.452 1
10.456 1
10.46 1
10.464 1
10.468 1
10.472 1
10.476 1
10.48 1
10.484 1
10.488 1
10.492 1
10.496 1
10.5 1
10.504 1
10.508 1
10.512 1
10.516 1
10.52 1
10.524 1
10.528 1
10.532 1
10.536 1
10.54 1
10.544 1
10.548 1
10.552 1
10.556 1
10.56 1
10.564 1
10.568 1
10.572 1
10.576 1
10.58 1
10.584 1
10.588 1
10.592 1
10.596 1
10.6 1
10.604 1
10.608 1
10.612 1
10.616 1
10.62 1
10.624 1
10.628 1
10.632 1
10.636 1
10.64 1
10.644 1
10.648 1
10.652 1
10.656 1
10.66 1
10.664 1
10.668 1
10.672 1
10.676 1
10.68 1
10.684 1
10.688 1
10.692 1
10.696 1
10.7 1
10.704 1
10.708 1
10.712 1
10.716 1
10.72 1
10.724 1
10.728 1
10.732 1
10.736 1
10.74 1
10.744 1
10.748 1
10.752 1
10.756 1
10.76 1
10.764 1
10.768 1
10.772 1
10.776 1
10.78 1
10.784 1
10.788 1
10.792 1
10.796 1
10.8 1
10.804 1
10.808 1
10.812 1
10.816 1
10.82 1
10.824 1
10.828 1
10.832 1
10.836 1
10.84 1
10.844 1
10.848 1
10.852 1
10.856 1
10.86 1
10.864 1
10.868 1
10.872 1
10.876 1
10.88 1
10.884 1
10.888 1
10.892 1
10.896 1
10.9 1
10.904 1
10.908 1
10.912 1
10.916 1
10.92 1
10.924 1
10.928 1
10.932 1
10.936 1
10.94 1
10.944 1
10.948 1
10.952 1
10.956 1
10.96 1
10.964 1
10.968 1
10.972 1
10.976 1
10.98 1
10.984 1
10.988 1
10.992 1
10.996 1
11 1
11.004 1
11.008 1
11.012 1
11.016 1
11.02 1
11.024 1
11.028 1
11.032 1
11.036 1
11.04 1
11.044 1
11.048 1
11.052 1
11.056 1
11.06 1
11.064 1
11.068 1
11.072 1
11.076 1
11.08 1
11.084 1
11.088 1
11.092 1
11.096 1
11.1 1
11.104 1
11.108 1
11.112 1
11.116 1
11.12 1
11.124 1
11.128 1
11.132 1
11.136 1
11.14 1
11.144 1
11.148 1
11.152 1
11.156 1
11.16 1
11.164 1
11.168 1
11.172 1
11.176 1
11.18 1
11.184 1
11.188 1
11.192 1
11.196 1
11.2 1
11.204 1
11.208 1
11.212 1
11.216 1
11.22 1
11.224 1
11.228 1
11.232 1
11.236 1
11.24 1
11.244 1
11.248 1
11.252 1
11.256 1
11.26 1
11.264 1
11.268 1
11.272 1
11.276 1
11.28 1
11.284 1
11.288 1
11.292 1
11.296 1
11.3 1
11.304 1
11.308 1
11.312 1
11.316 1
11.32 1
11.324 1
11.328 1
11.332 1
11.336 1
11.34 1
11.344 1
11.348 1
11.352 1
11.356 1
11.36 1
11.364 1
11.368 1
11.372 1
11.376 1
11.38 1
11.384 1
11.388 1
11.392 1
11.396 1
11.4 1
11.404 1
11.408 1
11.412 1
11.416 1
11.42 1
11.424 1
11.428 1
11.432 1
11.436 1
11.44 1
11.444 1
11.448 1
11.452 1
11.456 1
11.46 1
11.464 1
11.468 1
11.472 1
11.476 1
11.48 1
11.484 1
11.488 1
11.492 1
11.496 1
11.5 1
11.504 1
11.508 1
11.512 1
11.516 1
11.52 1
11.524 1
11.528 1
11.532 1
11.536 1
11.54 1
11.544 1
11.548 1
11.552 1
11.556 1
11.56 1
11.564 1
11.568 1
11.572 1
11.576 1
11.58 1
11.584 1
11.588 1
11.592 1
11.596 1
11.6 1
11.604 1
11.608 1
11.612 1
11.616 1
11.62 1
11.624 1
11.628 1
11.632 1
11.636 1
11.64 1
11.644 1
11.648 1
11.652 1
11.656 1
11.66 1
11.664 1
11.668 1
11.672 1
11.676 1
11.68 1
11.684 1
11.688 1
11.692 1
11.696 1
11.7 1
11.704 1
11.708 1
11.712 1
11.716 1
11.72 1
11.724 1
11.728 1
11.732 1
11.736 1
11.74 1
11.744 1
11.748 1
11.752 1
11.756 1
11.76 1
11.764 1
11.768 1
11.772 1
11.776 1
11.78 1
11.784 1
11.788 1
11.792 1
11.796 1
11.8 1
11.804 1
11.808 1
11.812 1
11.816 1
11.82 1
11.824 1
11.828 1
11.832 1
11.836 1
11.84 1
11.844 1
11.848 1
11.852 1
11.856 1
11.86 1
11.864 1
11.868 1
11.872 1
11.876 1
11.88 1
11.884 1
11.888 1
11.892 1
11.896 1
11.9 1
11.904 1
11.908 1
11.912 1
11.916 1
11.92 1
11.924 1
11.928 1
11.932 1
11.936 1
11.94 1
11.944 1
11.948 1
11.952 1
11.956 1
11.96 1
11.964 1
11.968 1
11.972 1
11.976 1
11.98 1
11.984 1
11.988 1
11.992 1
11.996 1
12 1
12.004 1
12.008 1
12.012 1
12.016 1
12.02 1
12.024 1
12.028 1
12.032 1
12.036 1
12.04 1
12.044 1
12.048 1
12.052 1
12.056 1
12.06 1
12.064 1
12.068 1
12.072 1
12.076 1
12.08 1
12.084 1
12.088 1
12.092 1
12.096 1
12.1 1
12.104 1
12.108 1
12.112 1
12.116 1
12.12 1
12.124 1
12.128 1
12.132 1
12.136 1
12.14 1
12.144 1
12.148 1
12.152 1
12.156 1
12.16 1
12.164 1
12.168 1
12.172 1
12.176 1
12.18 1
12.184 1
12.188 1
12.192 1
12.196 1
12.2 1
12.204 1
12.208 1
12.212 1
12.216 1
12.22 1
12.224 1
12.228 1
12.232 1
12.236 1
12.24 1
12.244 1
12.248 1
12.252 1
12.256 1
12.26 1
12.264 1
12.268 1
12.272 1
12.276 1
12.28 1
12.284 1
12.288 1
12.292 1
12.296 1
12.3 1
12.304 1
12.308 1
12.312 1
12.316 1
12.32 1
12.324 1
12.328 1
12.332 1
12.336 1
12.34 1
12.344 1
12.348 1
12.352 1
12.356 1
12.36 1
12.364 1
12.368 1
12.372 1
12.376 1
12.38 1
12.384 1
12.388 1
12.392 1
12.396 1
12.4 1
12.404 1
12.408 1
12.412 1
12.416 1
12.42 1
12.424 1
12.428 1
12.432 1
12.436 1
12.44 1
12.444 1
12.448 1
12.452 1
12.456 1
12.46 1
12.464 1
12.468 1
12.472 1
12.476 1
12.48 1
12.484 1
12.488 1
12.492 1
12.496 1
12.5 1
12.504 1
12.508 1
12.512 1
12.516 1
12.52 1
12.524 1
12.528 1
12.532 1
12.536 1
12.54 1
12.544 1
12.548 1
12.552 1
12.556 1
12.56 1
12.564 1
12.568 1
12.572 1
12.576 1
12.58 1
12.584 1
12.588 1
12.592 1
12.596 1
12.6 1
12.604 1
12.608 1
12.612 1
12.616 1
12.62 1
12.624 1
12.628 1
12.632 1
12.636 1
12.64 1
12.644 1
12.648 1
12.652 1
12.656 1
12.66 1
12.664 1
12.668 1
12.672 1
12.676 1
12.68 1
12.684 1
12.688 1
12.692 1
12.696 1
12.7 1
12.704 1
12.708 1
12.712 1
12.716 1
12.72 1
12.724 1
12.728 1
12.732 1
12.736 1
12.74 1
12.744 1
12.748 1
12.752 1
12.756 1
12.76 1
12.764 1
12.768 1
12.772 1
12.776 1
12.78 1
12.784 1
12.788 1
12.792 1
12.796 1
12.8 1
12.804 1
12.808 1
12.812 1
12.816 1
12.82 1
12.824 1
12.828 1
12.832 1
12.836 1
12.84 1
12.844 1
12.848 1
12.852 1
12.856 1
12.86 1
12.864 1
12.868 1
12.872 1
12.876 1
12.88 1
12.884 1
12.888 1
12.892 1
12.896 1
12.9 1
12.904 1
12.908 1
12.912 1
12.916 1
12.92 1
12.924 1
12.928 1
12.932 1
12.936 1
12.94 1
12.944 1
12.948 1
12.952 1
12.956 1
12.96 1
12.964 1
12.968 1
12.972 1
12.976 1
12.98 1
12.984 1
12.988 1
12.992 1
12.996 1
13 1
13.004 1
13.008 1
13.012 1
13.016 1
13.02 1
13.024 1
13.028 1
13.032 1
13.036 1
13.04 1
13.044 1
13.048 1
13.052 1
13.056 1
13.06 1
13.064 1
13.068 1
13.072 1
13.076 1
13.08 1
13.084 1
13.088 1
13.092 1
13.096 1
13.1 1
13.104 1
13.108 1
13.112 1
13.116 1
13.12 1
13.124 1
13.128 1
13.132 1
13.136 1
13.14 1
13.144 1
13.148 1
13.152 1
13.156 1
13.16 1
13.164 1
13.168 1
13.172 1
13.176 1
13.18 1
13.184 1
13.188 1
13.192 1
13.196 1
13.2 1
13.204 1
13.208 1
13.212 1
13.216 1
13.22 1
13.224 1
13.228 1
13.232 1
13.236 1
13.24 1
13.244 1
13.248 1
13.252 1
13.256 1
13.26 1
13.264 1
13.268 1
13.272 1
13.276 1
13.28 1
13.284 1
13.288 1
13.292 1
13.296 1
13.3 1
13.304 1
13.308 1
13.312 1
13.316 1
13.32 1
13.324 1
13.328 1
13.332 1
13.336 1
13.34 1
13.344 1
13.348 1
13.352 1
13.356 1
13.36 1
13.364 1
13.368 1
13.372 1
13.376 1
13.38 1
13.384 1
13.388 1
13.392 1
13.396 1
13.4 1
13.404 1
13.408 1
13.412 1
13.416 1
13.42 1
13.424 1
13.428 1
13.432 1
13.436 1
13.44 1
13.444 1
13.448 1
13.452 1
13.456 1
13.46 1
13.464 1
13.468 1
13.472 1
13.476 1
13.48 1
13.484 1
13.488 1
13.492 1
13.496 1
13.5 1
13.504 1
13.508 1
13.512 1
13.516 1
13.52 1
13.524 1
13.528 1
13.532 1
13.536 1
13.54 1
13.544 1
13.548 1
13.552 1
13.556 1
13.56 1
13.564 1
13.568 1
13.572 1
13.576 1
13.58 1
13.584 1
13.588 1
13.592 1
13.596 1
13.6 1
13.604 1
13.608 1
13.612 1
13.616 1
13.62 1
13.624 1
13.628 1
13.632 1
13.636 1
13.64 1
13.644 1
13.648 1
13.652 1
13.656 1
13.66 1
13.664 1
13.668 1
13.672 1
13.676 1
13.68 1
13.684 1
13.688 1
13.692 1
13.696 1
13.7 1
13.704 1
13.708 1
13.712 1
13.716 1
13.72 1
13.724 1
13.728 1
13.732 1
13.736 1
13.74 1
13.744 1
13.748 1
13.752 1
13.756 1
13.76 1
13.764 1
13.768 1
13.772 1
13.776 1
13.78 1
13.784 1
13.788 1
13.792 1
13.796 1
13.8 1
13.804 1
13.808 1
13.812 1
13.816 1
13.82 1
13.824 1
13.828 1
13.832 1
13.836 1
13.84 1
13.844 1
13.848 1
13.852 1
13.856 1
13.86 1
13.864 1
13.868 1
13.872 1
13.876 1
13.88 1
13.884 1
13.888 1
13.892 1
13.896 1
13.9 1
13.904 1
13.908 1
13.912 1
13.916 1
13.92 1
13.924 1
13.928 1
13.932 1
13.936 1
13.94 1
13.944 1
13.948 1
13.952 1
13.956 1
13.96 1
13.964 1
13.968 1
13.972 1
13.976 1
13.98 1
13.984 1
13.988 1
13.992 1
13.996 1
14 1
14.004 1
14.008 1
14.012 1
14.016 1
14.02 1
14.024 1
14.028 1
14.032 1
14.036 1
14.04 1
14.044 1
14.048 1
14.052 1
14.056 1
14.06 1
14.064 1
14.068 1
14.072 1
14.076 1
14.08 1
14.084 1
14.088 1
14.092 1
14.096 1
14.1 1
14.104 1
14.108 1
14.112 1
14.116 1
14.12 1
14.124 1
14.128 1
14.132 1
14.136 1
14.14 1
14.144 1
14.148 1
14.152 1
14.156 1
14.16 1
14.164 1
14.168 1
14.172 1
14.176 1
14.18 1
14.184 1
14.188 1
14.192 1
14.196 1
14.2 1
14.204 1
14.208 1
14.212 1
14.216 1
14.22 1
14.224 1
14.228 1
14.232 1
14.236 1
14.24 1
14.244 1
14.248 1
14.252 1
14.256 1
14.26 1
14.264 1
14.268 1
14.272 1
14.276 1
14.28 1
14.284 1
14.288 1
14.292 1
14.296 1
14.3 1
14.304 1
14.308 1
14.312 1
14.316 1
14.32 1
14.324 1
14.328 1
14.332 1
14.336 1
14.34 1
14.344 1
14.348 1
14.352 1
14.356 1
14.36 1
14.364 1
14.368 1
14.372 1
14.376 1
14.38 1
14.384 1
14.388 1
14.392 1
14.396 1
14.4 1
14.404 1
14.408 1
14.412 1
14.416 1
14.42 1
14.424 1
14.428 1
14.432 1
14.436 1
14.44 1
14.444 1
14.448 1
14.452 1
14.456 1
14.46 1
14.464 1
14.468 1
14.472 1
14.476 1
14.48 1
14.484 1
14.488 1
14.492 1
14.496 1
14.5 1
14.504 1
14.508 1
14.512 1
14.516 1
14.52 1
14.524 1
14.528 1
14.532 1
14.536 1
14.54 1
14.544 1
14.548 1
14.552 1
14.556 1
14.56 1
14.564 1
14.568 1
14.572 1
14.576 1
14.58 1
14.584 1
14.588 1
14.592 1
14.596 1
14.6 1
14.604 1
14.608 1
14.612 1
14.616 1
14.62 1
14.624 1
14.628 1
14.632 1
14.636 1
14.64 1
14.644 1
14.648 1
14.652 1
14.656 1
14.66 1
14.664 1
14.668 1
14.672 1
14.676 1
14.68 1
14.684 1
14.688 1
14.692 1
14.696 1
14.7 1
14.704 1
14.708 1
14.712 1
14.716 1
14.72 1
14.724 1
14.728 1
14.732 1
14.736 1
14.74 1
14.744 1
14.748 1
14.752 1
14.756 1
14.76 1
14.764 1
14.768 1
14.772 1
14.776 1
14.78 1
14.784 1
14.788 1
14.792 1
14.796 1
14.8 1
14.804 1
14.808 1
14.812 1
14.816 1
14.82 1
14.824 1
14.828 1
14.832 1
14.836 1
14.84 1
14.844 1
14.848 1
14.852 1
14.856 1
14.86 1
14.864 1
14.868 1
14.872 1
14.876 1
14.88 1
14.884 1
14.888 1
14.892 1
14.896 1
14.9 1
14.904 1
14.908 1
14.912 1
14.916 1
14.92 1
14.924 1
14.928 1
14.932 1
14.936 1
14.94 1
14.944 1
14.948 1
14.952 1
14.956 1
14.96 1
14.964 1
14.968 1
14.972 1
14.976 1
14.98 1
14.984 1
14.988 1
14.992 1
14.996 1
