0.012 -14.9058 -14.9061
0.016 -14.9059 -14.9062
0.02 -14.906 -14.9063
0.024 -14.9061 -14.9065
0.028 -14.9062 -14.9066
0.032 -14.9064 -14.9067
0.036 -14.9065 -14.9068
0.04 -14.9066 -14.9069
0.044 -14.9067 -14.9071
0.048 -14.9068 -14.9072
0.052 -14.9069 -14.9073
0.056 -14.907 -14.9074
0.06 -14.9071 -14.9075
0.064 -14.9073 -14.9076
0.068 -14.9074 -14.9078
0.072 -14.9075 -14.9079
0.076 -14.9076 -14.908
0.08 -14.9077 -14.9081
0.084 -14.9078 -14.9082
0.088 -14.9079 -14.9083
0.092 -14.908 -14.9085
0.096 -14.9081 -14.9086
0.1 -14.9083 -14.9087
0.104 -14.9084 -14.9088
0.108 -14.9085 -14.9089
0.112 -14.9086 -14.909
0.116 -14.9087 -14.9092
0.12 -14.9088 -14.9093
0.124 -14.9089 -14.9094
0.128 -14.909 -14.9095
0.132 -14.9092 -14.9096
0.136 -14.9093 -14.9097
0.14 -14.9094 -14.9099
0.144 -14.9095 -14.91
0.148 -14.9096 -14.9101
0.152 -14.9097 -14.9102
0.156 -14.9098 -14.9103
0.16 -14.9099 -14.9104
0.164 -14.91 -14.9106
0.168 -14.9102 -14.9107
0.172 -14.9103 -14.9108
0.176 -14.9104 -14.9109
0.18 -14.9105 -14.911
0.184 -14.9106 -14.9111
0.188 -14.9107 -14.9112
0.192 -14.9108 -14.9114
0.196 -14.9109 -14.9115
0.2 -14.911 -14.9116
0.204 -14.9111 -14.9117
0.208 -14.9113 -14.9118
0.212 -14.9114 -14.9119
0.216 -14.9115 -14.9121
0.22 -14.9116 -14.9122
0.224 -14.9117 -14.9123
0.228 -14.9118 -14.9124
0.232 -14.9119 -14.9125
0.236 -14.912 -14.9126
0.24 -14.9121 -14.9127
0.244 -14.9122 -14.9129
0.248 -14.9124 -14.913
0.252 -14.9125 -14.9131
0.256 -14.9126 -14.9132
0.26 -14.9127 -14.9133
0.264 -14.9128 -14.9134
0.268 -14.9129 -14.9135
0.272 -14.913 -14.9137
0.276 -14.9131 -14.9138
0.28 -14.9132 -14.9139
0.284 -14.9133 -14.914
0.288 -14.9134 -14.9141
0.292 -14.9135 -14.9142
0.296 -14.9137 -14.9143
0.3 -14.9138 -14.9144
0.304 -14.9139 -14.9146
0.308 -14.914 -14.9147
0.312 -14.9141 -14.9148
0.316 -14.9142 -14.9149
0.32 -14.9143 -14.915
0.324 -14.9144 -14.9151
0.328 -14.9145 -14.9152
0.332 -14.9146 -14.9153
0.336 -14.9147 -14.9154
0.34 -14.9148 -14.9156
0.344 -14.9149 -14.9157
0.348 -14.915 -14.9158
0.352 -14.9151 -14.9159
0.356 -14.9153 -14.916
0.36 -14.9154 -14.9161
0.364 -14.9155 -14.9162
0.368 -14.9156 -14.9163
0.372 -14.9157 -14.9164
0.376 -14.9158 -14.9165
0.38 -14.9159 -14.9167
0.384 -14.916 -14.9168
0.388 -14.9161 -14.9169
0.392 -14.9162 -14.917
0.396 -14.9163 -14.9171
0.4 -14.9164 -14.9172
0.404 -14.9165 -14.9173
0.408 -14.9166 -14.9174
0.412 -14.9167 -14.9175
0.416 -14.9168 -14.9176
0.42 -14.9169 -14.9177
0.424 -14.917 -14.9178
0.428 -14.9171 -14.918
0.432 -14.9172 -14.9181
0.436 -14.9173 -14.9182
0.44 -14.9174 -14.9183
0.444 -14.9175 -14.9184
0.448 -14.9176 -14.9185
0.452 -14.9177 -14.9186
0.456 -14.9178 -14.9187
0.46 -14.9179 -14.9188
0.464 -14.918 -14.9189
0.468 -14.9181 -14.919
0.472 -14.9182 -14.9191
0.476 -14.9183 -14.9192
0.48 -14.9184 -14.9193
0.484 -14.9185 -14.9194
0.488 -14.9186 -14.9195
0.492 -14.9187 -14.9196
0.496 -14.9188 -14.9197
0.5 -14.9189 -14.9198
0.504 -14.919 -14.9199
0.508 -14.9191 -14.92
0.512 -14.9192 -14.9201
0.516 -14.9193 -14.9203
0.52 -14.9194 -14.9204
0.524 -14.9195 -14.9205
0.528 -14.9196 -14.9206
0.532 -14.9197 -14.9207
0.536 -14.9198 -14.9208
0.54 -14.9199 -14.9209
0.544 -14.92 -14.921
0.548 -14.9201 -14.9211
0.552 -14.9202 -14.9212
0.556 -14.9203 -14.9213
0.56 -14.9204 -14.9214
0.564 -14.9205 -14.9215
0.568 -14.9206 -14.9216
0.572 -14.9207 -14.9217
0.576 -14.9208 -14.9218
0.58 -14.9209 -14.9219
0.584 -14.921 -14.922
0.588 -14.9211 -14.9221
0.592 -14.9211 -14.9221
0.596 -14.9212 -14.9222
0.6 -14.9213 -14.9223
0.604 -14.9214 -14.9224
0.608 -14.9215 -14.9225
0.612 -14.9216 -14.9226
0.616 -14.9217 -14.9227
0.62 -14.9218 -14.9228
0.624 -14.9219 -14.9229
0.628 -14.922 -14.923
0.632 -14.9221 -14.9231
0.636 -14.9222 -14.9232
0.64 -14.9222 -14.9233
0.644 -14.9223 -14.9234
0.648 -14.9224 -14.9235
0.652 -14.9225 -14.9236
0.656 -14.9226 -14.9237
0.66 -14.9227 -14.9238
0.664 -14.9228 -14.9239
0.668 -14.9229 -14.924
0.672 -14.923 -14.924
0.676 -14.923 -14.9241
0.68 -14.9231 -14.9242
0.684 -14.9232 -14.9243
0.688 -14.9233 -14.9244
0.692 -14.9234 -14.9245
0.696 -14.9235 -14.9246
0.7 -14.9236 -14.9247
0.704 -14.9237 -14.9248
0.708 -14.9237 -14.9249
0.712 -14.9238 -14.9249
0.716 -14.9239 -14.925
0.72 -14.924 -14.9251
0.724 -14.9241 -14.9252
0.728 -14.9242 -14.9253
0.732 -14.9242 -14.9254
0.736 -14.9243 -14.9255
0.74 -14.9244 -14.9256
0.744 -14.9245 -14.9257
0.748 -14.9246 -14.9257
0.752 -14.9247 -14.9258
0.756 -14.9247 -14.9259
0.76 -14.9248 -14.926
0.764 -14.9249 -14.9261
0.768 -14.925 -14.9262
0.772 -14.9251 -14.9262
0.776 -14.9252 -14.9263
0.78 -14.9252 -14.9264
0.784 -14.9253 -14.9265
0.788 -14.9254 -14.9266
0.792 -14.9255 -14.9267
0.796 -14.9255 -14.9267
0.8 -14.9256 -14.9268
0.804 -14.9257 -14.9269
0.808 -14.9258 -14.927
0.812 -14.9259 -14.9271
0.816 -14.9259 -14.9272
0.82 -14.926 -14.9272
0.824 -14.9261 -14.9273
0.828 -14.9262 -14.9274
0.832 -14.9262 -14.9275
0.836 -14.9263 -14.9276
0.84 -14.9264 -14.9276
0.844 -14.9265 -14.9277
0.848 -14.9265 -14.9278
0.852 -14.9266 -14.9279
0.856 -14.9267 -14.9279
0.86 -14.9268 -14.928
0.864 -14.9268 -14.9281
0.868 -14.9269 -14.9282
0.872 -14.927 -14.9282
0.876 -14.9271 -14.9283
0.88 -14.9271 -14.9284
0.884 -14.9272 -14.9285
0.888 -14.9273 -14.9285
0.892 -14.9273 -14.9286
0.896 -14.9274 -14.9287
0.9 -14.9275 -14.9288
0.904 -14.9276 -14.9288
0.908 -14.9276 -14.9289
0.912 -14.9277 -14.929
0.916 -14.9278 -14.9291
0.92 -14.9278 -14.9291
0.924 -14.9279 -14.9292
0.928 -14.928 -14.9293
0.932 -14.928 -14.9293
0.936 -14.9281 -14.9294
0.94 -14.9282 -14.9295
0.944 -14.9282 -14.9295
0.948 -14.9283 -14.9296
0.952 -14.9284 -14.9297
0.956 -14.9284 -14.9298
0.96 -14.9285 -14.9298
0.964 -14.9286 -14.9299
0.968 -14.9286 -14.93
0.972 -14.9287 -14.93
0.976 -14.9287 -14.9301
0.98 -14.9288 -14.9302
0.984 -14.9289 -14.9302
0.988 -14.9289 -14.9303
0.992 -14.929 -14.9303
0.996 -14.9291 -14.9304
1 -14.9291 -14.9305
1.004 -14.9292 -14.9305
1.008 -14.9292 -14.9306
1.012 -14.9293 -14.9307
1.016 -14.9294 -14.9307
1.02 -14.9294 -14.9308
1.024 -14.9295 -14.9308
1.028 -14.9295 -14.9309
1.032 -14.9296 -14.931
1.036 -14.9296 -14.931
1.04 -14.9297 -14.9311
1.044 -14.9298 -14.9312
1.048 -14.9298 -14.9312
1.052 -14.9299 -14.9313
1.056 -14.9299 -14.9313
1.06 -14.93 -14.9314
1.064 -14.93 -14.9314
1.068 -14.9301 -14.9315
1.072 -14.9301 -14.9316
1.076 -14.9302 -14.9316
1.08 -14.9303 -14.9317
1.084 -14.9303 -14.9317
1.088 -14.9304 -14.9318
1.092 -14.9304 -14.9318
1.096 -14.9305 -14.9319
1.1 -14.9305 -14.9319
1.104 -14.9306 -14.932
1.108 -14.9306 -14.932
1.112 -14.9307 -14.9321
1.116 -14.9307 -14.9321
1.12 -14.9308 -14.9322
1.124 -14.9308 -14.9322
1.128 -14.9309 -14.9323
1.132 -14.9309 -14.9323
1.136 -14.931 -14.9324
1.14 -14.931 -14.9324
1.144 -14.931 -14.9325
1.148 -14.9311 -14.9325
1.152 -14.9311 -14.9326
1.156 -14.9312 -14.9326
1.16 -14.9312 -14.9327
1.164 -14.9313 -14.9327
1.168 -14.9313 -14.9328
1.172 -14.9314 -14.9328
1.176 -14.9314 -14.9329
1.18 -14.9315 -14.9329
1.184 -14.9315 -14.933
1.188 -14.9315 -14.933
1.192 -14.9316 -14.9331
1.196 -14.9316 -14.9331
1.2 -14.9317 -14.9331
1.204 -14.9317 -14.9332
1.208 -14.9317 -14.9332
1.212 -14.9318 -14.9333
1.216 -14.9318 -14.9333
1.22 -14.9319 -14.9333
1.224 -14.9319 -14.9334
1.228 -14.9319 -14.9334
1.232 -14.932 -14.9335
1.236 -14.932 -14.9335
1.24 -14.932 -14.9335
1.244 -14.9321 -14.9336
1.248 -14.9321 -14.9336
1.252 -14.9322 -14.9337
1.256 -14.9322 -14.9337
1.26 -14.9322 -14.9337
1.264 -14.9323 -14.9338
1.268 -14.9323 -14.9338
1.272 -14.9323 -14.9338
1.276 -14.9324 -14.9339
1.28 -14.9324 -14.9339
1.284 -14.9324 -14.9339
1.288 -14.9325 -14.934
1.292 -14.9325 -14.934
1.296 -14.9325 -14.934
1.3 -14.9325 -14.9341
1.304 -14.9326 -14.9341
1.308 -14.9326 -14.9341
1.312 -14.9326 -14.9342
1.316 -14.9327 -14.9342
1.32 -14.9327 -14.9342
1.324 -14.9327 -14.9342
1.328 -14.9327 -14.9343
1.332 -14.9328 -14.9343
1.336 -14.9328 -14.9343
1.34 -14.9328 -14.9344
1.344 -14.9328 -14.9344
1.348 -14.9329 -14.9344
1.352 -14.9329 -14.9344
1.356 -14.9329 -14.9345
1.36 -14.9329 -14.9345
1.364 -14.933 -14.9345
1.368 -14.933 -14.9345
1.372 -14.933 -14.9346
1.376 -14.933 -14.9346
1.38 -14.9331 -14.9346
1.384 -14.9331 -14.9346
1.388 -14.9331 -14.9346
1.392 -14.9331 -14.9347
1.396 -14.9331 -14.9347
1.4 -14.9332 -14.9347
1.404 -14.9332 -14.9347
1.408 -14.9332 -14.9347
1.412 -14.9332 -14.9348
1.416 -14.9332 -14.9348
1.42 -14.9332 -14.9348
1.424 -14.9333 -14.9348
1.428 -14.9333 -14.9348
1.432 -14.9333 -14.9348
1.436 -14.9333 -14.9349
1.44 -14.9333 -14.9349
1.444 -14.9333 -14.9349
1.448 -14.9334 -14.9349
1.452 -14.9334 -14.9349
1.456 -14.9334 -14.9349
1.46 -14.9334 -14.935
1.464 -14.9334 -14.935
1.468 -14.9334 -14.935
1.472 -14.9334 -14.935
1.476 -14.9334 -14.935
1.48 -14.9334 -14.935
1.484 -14.9335 -14.935
1.488 -14.9335 -14.935
1.492 -14.9335 -14.935
1.496 -14.9335 -14.935
1.5 -14.9335 -14.9351
1.504 -14.9335 -14.9351
1.508 -14.9335 -14.9351
1.512 -14.9335 -14.9351
1.516 -14.9335 -14.9351
1.52 -14.9335 -14.9351
1.524 -14.9335 -14.9351
1.528 -14.9335 -14.9351
1.532 -14.9335 -14.9351
1.536 -14.9335 -14.9351
1.54 -14.9335 -14.9351
1.544 -14.9336 -14.9351
1.548 -14.9336 -14.9351
1.552 -14.9336 -14.9351
1.556 -14.9336 -14.9351
1.56 -14.9336 -14.9351
1.564 -14.9336 -14.9351
1.568 -14.9336 -14.9351
1.572 -14.9336 -14.9351
1.576 -14.9336 -14.9351
1.58 -14.9336 -14.9351
1.584 -14.9336 -14.9351
1.588 -14.9336 -14.9351
1.592 -14.9336 -14.9351
1.596 -14.9335 -14.9351
1.6 -14.9335 -14.9351
1.604 -14.9335 -14.9351
1.608 -14.9335 -14.9351
1.612 -14.9335 -14.9351
1.616 -14.9335 -14.9351
1.62 -14.9335 -14.9351
1.624 -14.9335 -14.9351
1.628 -14.9335 -14.9351
1.632 -14.9335 -14.9351
1.636 -14.9335 -14.9351
1.64 -14.9335 -14.9351
1.644 -14.9335 -14.9351
1.648 -14.9335 -14.935
1.652 -14.9335 -14.935
1.656 -14.9335 -14.935
1.66 -14.9334 -14.935
1.664 -14.9334 -14.935
1.668 -14.9334 -14.935
1.672 -14.9334 -14.935
1.676 -14.9334 -14.935
1.68 -14.9334 -14.935
1.684 -14.9334 -14.9349
1.688 -14.9334 -14.9349
1.692 -14.9333 -14.9349
1.696 -14.9333 -14.9349
1.7 -14.9333 -14.9349
1.704 -14.9333 -14.9349
1.708 -14.9333 -14.9349
1.712 -14.9333 -14.9348
1.716 -14.9333 -14.9348
1.72 -14.9332 -14.9348
1.724 -14.9332 -14.9348
1.728 -14.9332 -14.9348
1.732 -14.9332 -14.9347
1.736 -14.9332 -14.9347
1.74 -14.9332 -14.9347
1.744 -14.9331 -14.9347
1.748 -14.9331 -14.9347
1.752 -14.9331 -14.9346
1.756 -14.9331 -14.9346
1.76 -14.9331 -14.9346
1.764 -14.933 -14.9346
1.768 -14.933 -14.9346
1.772 -14.933 -14.9345
1.776 -14.933 -14.9345
1.78 -14.9329 -14.9345
1.784 -14.9329 -14.9345
1.788 -14.9329 -14.9344
1.792 -14.9329 -14.9344
1.796 -14.9328 -14.9344
1.8 -14.9328 -14.9344
1.804 -14.9328 -14.9343
1.808 -14.9328 -14.9343
1.812 -14.9327 -14.9343
1.816 -14.9327 -14.9342
1.82 -14.9327 -14.9342
1.824 -14.9327 -14.9342
1.828 -14.9326 -14.9342
1.832 -14.9326 -14.9341
1.836 -14.9326 -14.9341
1.84 -14.9325 -14.9341
1.844 -14.9325 -14.934
1.848 -14.9325 -14.934
1.852 -14.9324 -14.934
1.856 -14.9324 -14.9339
1.86 -14.9324 -14.9339
1.864 -14.9323 -14.9339
1.868 -14.9323 -14.9338
1.872 -14.9323 -14.9338
1.876 -14.9322 -14.9338
1.88 -14.9322 -14.9337
1.884 -14.9322 -14.9337
1.888 -14.9321 -14.9337
1.892 -14.9321 -14.9336
1.896 -14.9321 -14.9336
1.9 -14.932 -14.9335
1.904 -14.932 -14.9335
1.908 -14.932 -14.9335
1.912 -14.9319 -14.9334
1.916 -14.9319 -14.9334
1.92 -14.9318 -14.9334
1.924 -14.9318 -14.9333
1.928 -14.9318 -14.9333
1.932 -14.9317 -14.9332
1.936 -14.9317 -14.9332
1.94 -14.9316 -14.9331
1.944 -14.9316 -14.9331
1.948 -14.9316 -14.9331
1.952 -14.9315 -14.933
1.956 -14.9315 -14.933
1.96 -14.9314 -14.9329
1.964 -14.9314 -14.9329
1.968 -14.9314 -14.9328
1.972 -14.9313 -14.9328
1.976 -14.9313 -14.9327
1.98 -14.9312 -14.9327
1.984 -14.9312 -14.9327
1.988 -14.9311 -14.9326
1.992 -14.9311 -14.9326
1.996 -14.931 -14.9325
2 -14.931 -14.9325
2.004 -14.9309 -14.9324
2.008 -14.9309 -14.9324
2.012 -14.9308 -14.9323
2.016 -14.9308 -14.9323
2.02 -14.9307 -14.9322
2.024 -14.9307 -14.9322
2.028 -14.9307 -14.9321
2.032 -14.9306 -14.9321
2.036 -14.9305 -14.932
2.04 -14.9305 -14.9319
2.044 -14.9304 -14.9319
2.048 -14.9304 -14.9318
2.052 -14.9303 -14.9318
2.056 -14.9303 -14.9317
2.06 -14.9302 -14.9317
2.064 -14.9302 -14.9316
2.068 -14.9301 -14.9316
2.072 -14.9301 -14.9315
2.076 -14.93 -14.9315
2.08 -14.93 -14.9314
2.084 -14.9299 -14.9313
2.088 -14.9299 -14.9313
2.092 -14.9298 -14.9312
2.096 -14.9297 -14.9312
2.1 -14.9297 -14.9311
2.104 -14.9296 -14.931
2.108 -14.9296 -14.931
2.112 -14.9295 -14.9309
2.116 -14.9295 -14.9309
2.12 -14.9294 -14.9308
2.124 -14.9293 -14.9307
2.128 -14.9293 -14.9307
2.132 -14.9292 -14.9306
2.136 -14.9292 -14.9306
2.14 -14.9291 -14.9305
2.144 -14.929 -14.9304
2.148 -14.929 -14.9304
2.152 -14.9289 -14.9303
2.156 -14.9289 -14.9302
2.16 -14.9288 -14.9302
2.164 -14.9287 -14.9301
2.168 -14.9287 -14.93
2.172 -14.9286 -14.93
2.176 -14.9285 -14.9299
2.18 -14.9285 -14.9298
2.184 -14.9284 -14.9298
2.188 -14.9283 -14.9297
2.192 -14.9283 -14.9296
2.196 -14.9282 -14.9296
2.2 -14.9281 -14.9295
2.204 -14.9281 -14.9294
2.208 -14.928 -14.9294
2.212 -14.9279 -14.9293
2.216 -14.9279 -14.9292
2.22 -14.9278 -14.9291
2.224 -14.9277 -14.9291
2.228 -14.9277 -14.929
2.232 -14.9276 -14.9289
2.236 -14.9275 -14.9289
2.24 -14.9275 -14.9288
2.244 -14.9274 -14.9287
2.248 -14.9273 -14.9286
2.252 -14.9273 -14.9286
2.256 -14.9272 -14.9285
2.26 -14.9271 -14.9284
2.264 -14.927 -14.9283
2.268 -14.927 -14.9283
2.272 -14.9269 -14.9282
2.276 -14.9268 -14.9281
2.28 -14.9267 -14.928
2.284 -14.9267 -14.928
2.288 -14.9266 -14.9279
2.292 -14.9265 -14.9278
2.296 -14.9264 -14.9277
2.3 -14.9264 -14.9276
2.304 -14.9263 -14.9276
2.308 -14.9262 -14.9275
2.312 -14.9261 -14.9274
2.316 -14.9261 -14.9273
2.32 -14.926 -14.9273
2.324 -14.9259 -14.9272
2.328 -14.9258 -14.9271
2.332 -14.9258 -14.927
2.336 -14.9257 -14.9269
2.34 -14.9256 -14.9268
2.344 -14.9255 -14.9268
2.348 -14.9254 -14.9267
2.352 -14.9254 -14.9266
2.356 -14.9253 -14.9265
2.36 -14.9252 -14.9264
2.364 -14.9251 -14.9264
2.368 -14.925 -14.9263
2.372 -14.925 -14.9262
2.376 -14.9249 -14.9261
2.38 -14.9248 -14.926
2.384 -14.9247 -14.9259
2.388 -14.9246 -14.9258
2.392 -14.9246 -14.9258
2.396 -14.9245 -14.9257
2.4 -14.9244 -14.9256
2.404 -14.9243 -14.9255
2.408 -14.9242 -14.9254
2.412 -14.9241 -14.9253
2.416 -14.9241 -14.9252
2.42 -14.924 -14.9251
2.424 -14.9239 -14.9251
2.428 -14.9238 -14.925
2.432 -14.9237 -14.9249
2.436 -14.9236 -14.9248
2.44 -14.9235 -14.9247
2.444 -14.9235 -14.9246
2.448 -14.9234 -14.9245
2.452 -14.9233 -14.9244
2.456 -14.9232 -14.9243
2.46 -14.9231 -14.9242
2.464 -14.923 -14.9242
2.468 -14.9229 -14.9241
2.472 -14.9228 -14.924
2.476 -14.9228 -14.9239
2.48 -14.9227 -14.9238
2.484 -14.9226 -14.9237
2.488 -14.9225 -14.9236
2.492 -14.9224 -14.9235
2.496 -14.9223 -14.9234
2.5 -14.9222 -14.9233
2.504 -14.9221 -14.9232
2.508 -14.922 -14.9231
2.512 -14.922 -14.923
2.516 -14.9219 -14.9229
2.52 -14.9218 -14.9228
2.524 -14.9217 -14.9228
2.528 -14.9216 -14.9227
2.532 -14.9215 -14.9226
2.536 -14.9214 -14.9225
2.54 -14.9213 -14.9224
2.544 -14.9212 -14.9223
2.548 -14.9211 -14.9222
2.552 -14.921 -14.9221
2.556 -14.9209 -14.922
2.56 -14.9208 -14.9219
2.564 -14.9207 -14.9218
2.568 -14.9207 -14.9217
2.572 -14.9206 -14.9216
2.576 -14.9205 -14.9215
2.58 -14.9204 -14.9214
2.584 -14.9203 -14.9213
2.588 -14.9202 -14.9212
2.592 -14.9201 -14.9211
2.596 -14.92 -14.921
2.6 -14.9199 -14.9209
2.604 -14.9198 -14.9208
2.608 -14.9197 -14.9207
2.612 -14.9196 -14.9206
2.616 -14.9195 -14.9205
2.62 -14.9194 -14.9204
2.624 -14.9193 -14.9203
2.628 -14.9192 -14.9202
2.632 -14.9191 -14.9201
2.636 -14.919 -14.92
2.64 -14.9189 -14.9199
2.644 -14.9188 -14.9198
2.648 -14.9187 -14.9197
2.652 -14.9186 -14.9196
2.656 -14.9185 -14.9195
2.66 -14.9184 -14.9193
2.664 -14.9183 -14.9192
2.668 -14.9182 -14.9191
2.672 -14.9181 -14.919
2.676 -14.918 -14.9189
2.68 -14.9179 -14.9188
2.684 -14.9178 -14.9187
2.688 -14.9177 -14.9186
2.692 -14.9176 -14.9185
2.696 -14.9175 -14.9184
2.7 -14.9174 -14.9183
2.704 -14.9173 -14.9182
2.708 -14.9172 -14.9181
2.712 -14.9171 -14.918
2.716 -14.917 -14.9179
2.72 -14.9169 -14.9178
2.724 -14.9168 -14.9177
2.728 -14.9167 -14.9175
2.732 -14.9166 -14.9174
2.736 -14.9165 -14.9173
2.74 -14.9164 -14.9172
2.744 -14.9163 -14.9171
2.748 -14.9162 -14.917
2.752 -14.9161 -14.9169
2.756 -14.916 -14.9168
2.76 -14.9159 -14.9167
2.764 -14.9158 -14.9166
2.768 -14.9156 -14.9165
2.772 -14.9155 -14.9164
2.776 -14.9154 -14.9162
2.78 -14.9153 -14.9161
2.784 -14.9152 -14.916
2.788 -14.9151 -14.9159
2.792 -14.915 -14.9158
2.796 -14.9149 -14.9157
2.8 -14.9148 -14.9156
2.804 -14.9147 -14.9155
2.808 -14.9146 -14.9154
2.812 -14.9145 -14.9152
2.816 -14.9144 -14.9151
2.82 -14.9143 -14.915
2.824 -14.9142 -14.9149
2.828 -14.9141 -14.9148
2.832 -14.9139 -14.9147
2.836 -14.9138 -14.9146
2.84 -14.9137 -14.9145
2.844 -14.9136 -14.9144
2.848 -14.9135 -14.9142
2.852 -14.9134 -14.9141
2.856 -14.9133 -14.914
2.86 -14.9132 -14.9139
2.864 -14.9131 -14.9138
2.868 -14.913 -14.9137
2.872 -14.9129 -14.9136
2.876 -14.9128 -14.9135
2.88 -14.9127 -14.9133
2.884 -14.9125 -14.9132
2.888 -14.9124 -14.9131
2.892 -14.9123 -14.913
2.896 -14.9122 -14.9129
2.9 -14.9121 -14.9128
2.904 -14.912 -14.9127
2.908 -14.9119 -14.9125
2.912 -14.9118 -14.9124
2.916 -14.9117 -14.9123
2.92 -14.9116 -14.9122
2.924 -14.9115 -14.9121
2.928 -14.9113 -14.912
2.932 -14.9112 -14.9119
2.936 -14.9111 -14.9117
2.94 -14.911 -14.9116
2.944 -14.9109 -14.9115
2.948 -14.9108 -14.9114
2.952 -14.9107 -14.9113
2.956 -14.9106 -14.9112
2.96 -14.9105 -14.911
2.964 -14.9103 -14.9109
2.968 -14.9102 -14.9108
2.972 -14.9101 -14.9107
2.976 -14.91 -14.9106
2.98 -14.9099 -14.9105
2.984 -14.9098 -14.9104
2.988 -14.9097 -14.9102
2.992 -14.9096 -14.9101
2.996 -14.9095 -14.91
3 -14.9093 -14.9099
3.004 -14.9092 -14.9098
3.008 -14.9091 -14.9097
3.012 -14.909 -14.9095
3.016 -14.9089 -14.9094
3.02 -14.9088 -14.9093
3.024 -14.9087 -14.9092
3.028 -14.9086 -14.9091
3.032 -14.9085 -14.909
3.036 -14.9083 -14.9088
3.04 -14.9082 -14.9087
3.044 -14.9081 -14.9086
3.048 -14.908 -14.9085
3.052 -14.9079 -14.9084
3.056 -14.9078 -14.9083
3.06 -14.9077 -14.9081
3.064 -14.9076 -14.908
3.068 -14.9074 -14.9079
3.072 -14.9073 -14.9078
3.076 -14.9072 -14.9077
3.08 -14.9071 -14.9075
3.084 -14.907 -14.9074
3.088 -14.9069 -14.9073
3.092 -14.9068 -14.9072
3.096 -14.9067 -14.9071
3.1 -14.9065 -14.907
3.104 -14.9064 -14.9068
3.108 -14.9063 -14.9067
3.112 -14.9062 -14.9066
3.116 -14.9061 -14.9065
3.12 -14.906 -14.9064
3.124 -14.9059 -14.9063
3.128 -14.9058 -14.9061
3.132 -14.9056 -14.906
3.136 -14.9055 -14.9059
3.14 -14.9054 -14.9058
3.144 -14.9053 -14.9057
3.148 -14.9052 -14.9056
3.152 -14.9051 -14.9054
3.156 -14.905 -14.9053
3.16 -14.9049 -14.9052
3.164 -14.9047 -14.9051
3.168 -14.9046 -14.905
3.172 -14.9045 -14.9049
3.176 -14.9044 -14.9047
3.18 -14.9043 -14.9046
3.184 -14.9042 -14.9045
3.188 -14.9041 -14.9044
3.192 -14.904 -14.9043
3.196 -14.9038 -14.9041
3.2 -14.9037 -14.904
3.204 -14.9036 -14.9039
3.208 -14.9035 -14.9038
3.212 -14.9034 -14.9037
3.216 -14.9033 -14.9036
3.22 -14.9032 -14.9034
3.224 -14.9031 -14.9033
3.228 -14.9029 -14.9032
3.232 -14.9028 -14.9031
3.236 -14.9027 -14.903
3.24 -14.9026 -14.9029
3.244 -14.9025 -14.9027
3.248 -14.9024 -14.9026
3.252 -14.9023 -14.9025
3.256 -14.9022 -14.9024
3.26 -14.9021 -14.9023
3.264 -14.9019 -14.9022
3.268 -14.9018 -14.902
3.272 -14.9017 -14.9019
3.276 -14.9016 -14.9018
3.28 -14.9015 -14.9017
3.284 -14.9014 -14.9016
3.288 -14.9013 -14.9015
3.292 -14.9012 -14.9013
3.296 -14.9011 -14.9012
3.3 -14.9009 -14.9011
3.304 -14.9008 -14.901
3.308 -14.9007 -14.9009
3.312 -14.9006 -14.9008
3.316 -14.9005 -14.9006
3.32 -14.9004 -14.9005
3.324 -14.9003 -14.9004
3.328 -14.9002 -14.9003
3.332 -14.9001 -14.9002
3.336 -14.8999 -14.9001
3.34 -14.8998 -14.9
3.344 -14.8997 -14.8998
3.348 -14.8996 -14.8997
3.352 -14.8995 -14.8996
3.356 -14.8994 -14.8995
3.36 -14.8993 -14.8994
3.364 -14.8992 -14.8993
3.368 -14.8991 -14.8992
3.372 -14.899 -14.899
3.376 -14.8988 -14.8989
3.38 -14.8987 -14.8988
3.384 -14.8986 -14.8987
3.388 -14.8985 -14.8986
3.392 -14.8984 -14.8985
3.396 -14.8983 -14.8984
3.4 -14.8982 -14.8982
3.404 -14.8981 -14.8981
3.408 -14.898 -14.898
3.412 -14.8979 -14.8979
3.416 -14.8978 -14.8978
3.42 -14.8976 -14.8977
3.424 -14.8975 -14.8976
3.428 -14.8974 -14.8975
3.432 -14.8973 -14.8973
3.436 -14.8972 -14.8972
3.44 -14.8971 -14.8971
3.444 -14.897 -14.897
3.448 -14.8969 -14.8969
3.452 -14.8968 -14.8968
3.456 -14.8967 -14.8967
3.46 -14.8966 -14.8966
3.464 -14.8965 -14.8964
3.468 -14.8964 -14.8963
3.472 -14.8963 -14.8962
3.476 -14.8961 -14.8961
3.48 -14.896 -14.896
3.484 -14.8959 -14.8959
3.488 -14.8958 -14.8958
3.492 -14.8957 -14.8957
3.496 -14.8956 -14.8956
3.5 -14.8955 -14.8954
3.504 -14.8954 -14.8953
3.508 -14.8953 -14.8952
3.512 -14.8952 -14.8951
3.516 -14.8951 -14.895
3.52 -14.895 -14.8949
3.524 -14.8949 -14.8948
3.528 -14.8948 -14.8947
3.532 -14.8947 -14.8946
3.536 -14.8946 -14.8945
3.54 -14.8945 -14.8944
3.544 -14.8944 -14.8942
3.548 -14.8943 -14.8941
3.552 -14.8942 -14.894
3.556 -14.8941 -14.8939
3.56 -14.894 -14.8938
3.564 -14.8939 -14.8937
3.568 -14.8938 -14.8936
3.572 -14.8936 -14.8935
3.576 -14.8935 -14.8934
3.58 -14.8934 -14.8933
3.584 -14.8933 -14.8932
3.588 -14.8932 -14.8931
3.592 -14.8931 -14.893
3.596 -14.893 -14.8929
3.6 -14.8929 -14.8928
3.604 -14.8928 -14.8927
3.608 -14.8927 -14.8925
3.612 -14.8926 -14.8924
3.616 -14.8925 -14.8923
3.62 -14.8924 -14.8922
3.624 -14.8923 -14.8921
3.628 -14.8922 -14.892
3.632 -14.8921 -14.8919
3.636 -14.892 -14.8918
3.64 -14.8919 -14.8917
3.644 -14.8918 -14.8916
3.648 -14.8917 -14.8915
3.652 -14.8916 -14.8914
3.656 -14.8915 -14.8913
3.66 -14.8915 -14.8912
3.664 -14.8914 -14.8911
3.668 -14.8913 -14.891
3.672 -14.8912 -14.8909
3.676 -14.8911 -14.8908
3.68 -14.891 -14.8907
3.684 -14.8909 -14.8906
3.688 -14.8908 -14.8905
3.692 -14.8907 -14.8904
3.696 -14.8906 -14.8903
3.7 -14.8905 -14.8902
3.704 -14.8904 -14.8901
3.708 -14.8903 -14.89
3.712 -14.8902 -14.8899
3.716 -14.8901 -14.8898
3.72 -14.89 -14.8897
3.724 -14.8899 -14.8896
3.728 -14.8898 -14.8895
3.732 -14.8897 -14.8894
3.736 -14.8896 -14.8893
3.74 -14.8895 -14.8892
3.744 -14.8895 -14.8891
3.748 -14.8894 -14.889
3.752 -14.8893 -14.8889
3.756 -14.8892 -14.8888
3.76 -14.8891 -14.8887
3.764 -14.889 -14.8886
3.768 -14.8889 -14.8885
3.772 -14.8888 -14.8884
3.776 -14.8887 -14.8884
3.78 -14.8886 -14.8883
3.784 -14.8885 -14.8882
3.788 -14.8885 -14.8881
3.792 -14.8884 -14.888
3.796 -14.8883 -14.8879
3.8 -14.8882 -14.8878
3.804 -14.8881 -14.8877
3.808 -14.888 -14.8876
3.812 -14.8879 -14.8875
3.816 -14.8878 -14.8874
3.82 -14.8877 -14.8873
3.824 -14.8877 -14.8872
3.828 -14.8876 -14.8871
3.832 -14.8875 -14.8871
3.836 -14.8874 -14.887
3.84 -14.8873 -14.8869
3.844 -14.8872 -14.8868
3.848 -14.8871 -14.8867
3.852 -14.8871 -14.8866
3.856 -14.887 -14.8865
3.86 -14.8869 -14.8864
3.864 -14.8868 -14.8863
3.868 -14.8867 -14.8863
3.872 -14.8866 -14.8862
3.876 -14.8865 -14.8861
3.88 -14.8865 -14.886
3.884 -14.8864 -14.8859
3.888 -14.8863 -14.8858
3.892 -14.8862 -14.8857
3.896 -14.8861 -14.8856
3.9 -14.8861 -14.8856
3.904 -14.886 -14.8855
3.908 -14.8859 -14.8854
3.912 -14.8858 -14.8853
3.916 -14.8857 -14.8852
3.92 -14.8856 -14.8851
3.924 -14.8856 -14.8851
3.928 -14.8855 -14.885
3.932 -14.8854 -14.8849
3.936 -14.8853 -14.8848
3.94 -14.8853 -14.8847
3.944 -14.8852 -14.8846
3.948 -14.8851 -14.8846
3.952 -14.885 -14.8845
3.956 -14.8849 -14.8844
3.96 -14.8849 -14.8843
3.964 -14.8848 -14.8842
3.968 -14.8847 -14.8842
3.972 -14.8846 -14.8841
3.976 -14.8846 -14.884
3.98 -14.8845 -14.8839
3.984 -14.8844 -14.8838
3.988 -14.8843 -14.8838
3.992 -14.8843 -14.8837
3.996 -14.8842 -14.8836
4 -14.8841 -14.8835
4.004 -14.884 -14.8835
4.008 -14.884 -14.8834
4.012 -14.8839 -14.8833
4.016 -14.8838 -14.8832
4.02 -14.8838 -14.8832
4.024 -14.8837 -14.8831
4.028 -14.8836 -14.883
4.032 -14.8835 -14.8829
4.036 -14.8835 -14.8829
4.04 -14.8834 -14.8828
4.044 -14.8833 -14.8827
4.048 -14.8833 -14.8826
4.052 -14.8832 -14.8826
4.056 -14.8831 -14.8825
4.06 -14.8831 -14.8824
4.064 -14.883 -14.8824
4.068 -14.8829 -14.8823
4.072 -14.8829 -14.8822
4.076 -14.8828 -14.8821
4.08 -14.8827 -14.8821
4.084 -14.8827 -14.882
4.088 -14.8826 -14.8819
4.092 -14.8825 -14.8819
4.096 -14.8825 -14.8818
4.1 -14.8824 -14.8817
4.104 -14.8823 -14.8817
4.108 -14.8823 -14.8816
4.112 -14.8822 -14.8815
4.116 -14.8821 -14.8815
4.12 -14.8821 -14.8814
4.124 -14.882 -14.8813
4.128 -14.8819 -14.8813
4.132 -14.8819 -14.8812
4.136 -14.8818 -14.8811
4.14 -14.8818 -14.8811
4.144 -14.8817 -14.881
4.148 -14.8816 -14.881
4.152 -14.8816 -14.8809
4.156 -14.8815 -14.8808
4.16 -14.8815 -14.8808
4.164 -14.8814 -14.8807
4.168 -14.8813 -14.8806
4.172 -14.8813 -14.8806
4.176 -14.8812 -14.8805
4.18 -14.8812 -14.8805
4.184 -14.8811 -14.8804
4.188 -14.8811 -14.8803
4.192 -14.881 -14.8803
4.196 -14.881 -14.8802
4.2 -14.8809 -14.8802
4.204 -14.8808 -14.8801
4.208 -14.8808 -14.8801
4.212 -14.8807 -14.88
4.216 -14.8807 -14.8799
4.22 -14.8806 -14.8799
4.224 -14.8806 -14.8798
4.228 -14.8805 -14.8798
4.232 -14.8805 -14.8797
4.236 -14.8804 -14.8797
4.24 -14.8804 -14.8796
4.244 -14.8803 -14.8796
4.248 -14.8803 -14.8795
4.252 -14.8802 -14.8795
4.256 -14.8802 -14.8794
4.26 -14.8801 -14.8794
4.264 -14.8801 -14.8793
4.268 -14.88 -14.8793
4.272 -14.88 -14.8792
4.276 -14.8799 -14.8792
4.28 -14.8799 -14.8791
4.284 -14.8798 -14.8791
4.288 -14.8798 -14.879
4.292 -14.8797 -14.879
4.296 -14.8797 -14.8789
4.3 -14.8796 -14.8789
4.304 -14.8796 -14.8788
4.308 -14.8796 -14.8788
4.312 -14.8795 -14.8787
4.316 -14.8795 -14.8787
4.32 -14.8794 -14.8786
4.324 -14.8794 -14.8786
4.328 -14.8793 -14.8785
4.332 -14.8793 -14.8785
4.336 -14.8793 -14.8785
4.34 -14.8792 -14.8784
4.344 -14.8792 -14.8784
4.348 -14.8791 -14.8783
4.352 -14.8791 -14.8783
4.356 -14.8791 -14.8783
4.36 -14.879 -14.8782
4.364 -14.879 -14.8782
4.368 -14.8789 -14.8781
4.372 -14.8789 -14.8781
4.376 -14.8789 -14.8781
4.38 -14.8788 -14.878
4.384 -14.8788 -14.878
4.388 -14.8788 -14.8779
4.392 -14.8787 -14.8779
4.396 -14.8787 -14.8779
4.4 -14.8787 -14.8778
4.404 -14.8786 -14.8778
4.408 -14.8786 -14.8778
4.412 -14.8786 -14.8777
4.416 -14.8785 -14.8777
4.42 -14.8785 -14.8777
4.424 -14.8785 -14.8776
4.428 -14.8784 -14.8776
4.432 -14.8784 -14.8776
4.436 -14.8784 -14.8775
4.44 -14.8783 -14.8775
4.444 -14.8783 -14.8775
4.448 -14.8783 -14.8774
4.452 -14.8782 -14.8774
4.456 -14.8782 -14.8774
4.46 -14.8782 -14.8773
4.464 -14.8782 -14.8773
4.468 -14.8781 -14.8773
4.472 -14.8781 -14.8773
4.476 -14.8781 -14.8772
4.48 -14.8781 -14.8772
4.484 -14.878 -14.8772
4.488 -14.878 -14.8771
4.492 -14.878 -14.8771
4.496 -14.878 -14.8771
4.5 -14.8779 -14.8771
4.504 -14.8779 -14.877
4.508 -14.8779 -14.877
4.512 -14.8779 -14.877
4.516 -14.8778 -14.877
4.52 -14.8778 -14.877
4.524 -14.8778 -14.8769
4.528 -14.8778 -14.8769
4.532 -14.8778 -14.8769
4.536 -14.8777 -14.8769
4.54 -14.8777 -14.8768
4.544 -14.8777 -14.8768
4.548 -14.8777 -14.8768
4.552 -14.8777 -14.8768
4.556 -14.8776 -14.8768
4.56 -14.8776 -14.8768
4.564 -14.8776 -14.8767
4.568 -14.8776 -14.8767
4.572 -14.8776 -14.8767
4.576 -14.8776 -14.8767
4.58 -14.8775 -14.8767
4.584 -14.8775 -14.8767
4.588 -14.8775 -14.8766
4.592 -14.8775 -14.8766
4.596 -14.8775 -14.8766
4.6 -14.8775 -14.8766
4.604 -14.8775 -14.8766
4.608 -14.8775 -14.8766
4.612 -14.8774 -14.8766
4.616 -14.8774 -14.8765
4.62 -14.8774 -14.8765
4.624 -14.8774 -14.8765
4.628 -14.8774 -14.8765
4.632 -14.8774 -14.8765
4.636 -14.8774 -14.8765
4.64 -14.8774 -14.8765
4.644 -14.8774 -14.8765
4.648 -14.8774 -14.8765
4.652 -14.8774 -14.8765
4.656 -14.8774 -14.8765
4.66 -14.8773 -14.8765
4.664 -14.8773 -14.8764
4.668 -14.8773 -14.8764
4.672 -14.8773 -14.8764
4.676 -14.8773 -14.8764
4.68 -14.8773 -14.8764
4.684 -14.8773 -14.8764
4.688 -14.8773 -14.8764
4.692 -14.8773 -14.8764
4.696 -14.8773 -14.8764
4.7 -14.8773 -14.8764
4.704 -14.8773 -14.8764
4.708 -14.8773 -14.8764
4.712 -14.8773 -14.8764
4.716 -14.8773 -14.8764
4.72 -14.8773 -14.8764
4.724 -14.8773 -14.8764
4.728 -14.8773 -14.8764
4.732 -14.8773 -14.8764
4.736 -14.8773 -14.8764
4.74 -14.8773 -14.8764
4.744 -14.8773 -14.8764
4.748 -14.8773 -14.8764
4.752 -14.8773 -14.8764
4.756 -14.8773 -14.8764
4.76 -14.8773 -14.8764
4.764 -14.8773 -14.8765
4.768 -14.8774 -14.8765
4.772 -14.8774 -14.8765
4.776 -14.8774 -14.8765
4.78 -14.8774 -14.8765
4.784 -14.8774 -14.8765
4.788 -14.8774 -14.8765
4.792 -14.8774 -14.8765
4.796 -14.8774 -14.8765
4.8 -14.8774 -14.8765
4.804 -14.8774 -14.8765
4.808 -14.8774 -14.8765
4.812 -14.8775 -14.8766
4.816 -14.8775 -14.8766
4.82 -14.8775 -14.8766
4.824 -14.8775 -14.8766
4.828 -14.8775 -14.8766
4.832 -14.8775 -14.8766
4.836 -14.8775 -14.8766
4.84 -14.8775 -14.8767
4.844 -14.8776 -14.8767
4.848 -14.8776 -14.8767
4.852 -14.8776 -14.8767
4.856 -14.8776 -14.8767
4.86 -14.8776 -14.8767
4.864 -14.8776 -14.8768
4.868 -14.8777 -14.8768
4.872 -14.8777 -14.8768
4.876 -14.8777 -14.8768
4.88 -14.8777 -14.8768
4.884 -14.8777 -14.8768
4.888 -14.8777 -14.8769
4.892 -14.8778 -14.8769
4.896 -14.8778 -14.8769
4.9 -14.8778 -14.8769
4.904 -14.8778 -14.877
4.908 -14.8779 -14.877
4.912 -14.8779 -14.877
4.916 -14.8779 -14.877
4.92 -14.8779 -14.877
4.924 -14.8779 -14.8771
4.928 -14.878 -14.8771
4.932 -14.878 -14.8771
4.936 -14.878 -14.8771
4.94 -14.878 -14.8772
4.944 -14.8781 -14.8772
4.948 -14.8781 -14.8772
4.952 -14.8781 -14.8773
4.956 -14.8781 -14.8773
4.96 -14.8782 -14.8773
4.964 -14.8782 -14.8773
4.968 -14.8782 -14.8774
4.972 -14.8783 -14.8774
4.976 -14.8783 -14.8774
4.98 -14.8783 -14.8775
4.984 -14.8783 -14.8775
4.988 -14.8784 -14.8775
4.992 -14.8784 -14.8776
4.996 -14.8784 -14.8776
5 -14.8785 -14.8776
5.004 -14.8785 -14.8777
5.008 -14.8785 -14.8777
5.012 -14.8786 -14.8777
5.016 -14.8786 -14.8778
5.02 -14.8786 -14.8778
5.024 -14.8787 -14.8778
5.028 -14.8787 -14.8779
5.032 -14.8787 -14.8779
5.036 -14.8788 -14.8779
5.04 -14.8788 -14.878
5.044 -14.8789 -14.878
5.048 -14.8789 -14.8781
5.052 -14.8789 -14.8781
5.056 -14.879 -14.8781
5.06 -14.879 -14.8782
5.064 -14.879 -14.8782
5.068 -14.8791 -14.8783
5.072 -14.8791 -14.8783
5.076 -14.8792 -14.8783
5.08 -14.8792 -14.8784
5.084 -14.8792 -14.8784
5.088 -14.8793 -14.8785
5.092 -14.8793 -14.8785
5.096 -14.8794 -14.8785
5.1 -14.8794 -14.8786
5.104 -14.8794 -14.8786
5.108 -14.8795 -14.8787
5.112 -14.8795 -14.8787
5.116 -14.8796 -14.8788
5.12 -14.8796 -14.8788
5.124 -14.8797 -14.8789
5.128 -14.8797 -14.8789
5.132 -14.8798 -14.879
5.136 -14.8798 -14.879
5.14 -14.8799 -14.8791
5.144 -14.8799 -14.8791
5.148 -14.8799 -14.8792
5.152 -14.88 -14.8792
5.156 -14.88 -14.8793
5.16 -14.8801 -14.8793
5.164 -14.8801 -14.8794
5.168 -14.8802 -14.8794
5.172 -14.8802 -14.8795
5.176 -14.8803 -14.8795
5.18 -14.8803 -14.8796
5.184 -14.8804 -14.8796
5.188 -14.8804 -14.8797
5.192 -14.8805 -14.8797
5.196 -14.8805 -14.8798
5.2 -14.8806 -14.8798
5.204 -14.8807 -14.8799
5.208 -14.8807 -14.8799
5.212 -14.8808 -14.88
5.216 -14.8808 -14.8801
5.22 -14.8809 -14.8801
5.224 -14.8809 -14.8802
5.228 -14.881 -14.8802
5.232 -14.881 -14.8803
5.236 -14.8811 -14.8803
5.24 -14.8811 -14.8804
5.244 -14.8812 -14.8805
5.248 -14.8813 -14.8805
5.252 -14.8813 -14.8806
5.256 -14.8814 -14.8806
5.26 -14.8814 -14.8807
5.264 -14.8815 -14.8808
5.268 -14.8816 -14.8808
5.272 -14.8816 -14.8809
5.276 -14.8817 -14.881
5.28 -14.8817 -14.881
5.284 -14.8818 -14.8811
5.288 -14.8819 -14.8811
5.292 -14.8819 -14.8812
5.296 -14.882 -14.8813
5.3 -14.882 -14.8813
5.304 -14.8821 -14.8814
5.308 -14.8822 -14.8815
5.312 -14.8822 -14.8815
5.316 -14.8823 -14.8816
5.32 -14.8824 -14.8817
5.324 -14.8824 -14.8817
5.328 -14.8825 -14.8818
5.332 -14.8826 -14.8819
5.336 -14.8826 -14.8819
5.34 -14.8827 -14.882
5.344 -14.8827 -14.8821
5.348 -14.8828 -14.8821
5.352 -14.8829 -14.8822
5.356 -14.883 -14.8823
5.36 -14.883 -14.8824
5.364 -14.8831 -14.8824
5.368 -14.8832 -14.8825
5.372 -14.8832 -14.8826
5.376 -14.8833 -14.8826
5.38 -14.8834 -14.8827
5.384 -14.8834 -14.8828
5.388 -14.8835 -14.8829
5.392 -14.8836 -14.8829
5.396 -14.8836 -14.883
5.4 -14.8837 -14.8831
5.404 -14.8838 -14.8832
5.408 -14.8839 -14.8832
5.412 -14.8839 -14.8833
5.416 -14.884 -14.8834
5.42 -14.8841 -14.8835
5.424 -14.8841 -14.8835
5.428 -14.8842 -14.8836
5.432 -14.8843 -14.8837
5.436 -14.8844 -14.8838
5.44 -14.8844 -14.8838
5.444 -14.8845 -14.8839
5.448 -14.8846 -14.884
5.452 -14.8847 -14.8841
5.456 -14.8847 -14.8842
5.46 -14.8848 -14.8842
5.464 -14.8849 -14.8843
5.468 -14.885 -14.8844
5.472 -14.8851 -14.8845
5.476 -14.8851 -14.8846
5.48 -14.8852 -14.8846
5.484 -14.8853 -14.8847
5.488 -14.8854 -14.8848
5.492 -14.8854 -14.8849
5.496 -14.8855 -14.885
5.5 -14.8856 -14.8851
5.504 -14.8857 -14.8851
5.508 -14.8858 -14.8852
5.512 -14.8858 -14.8853
5.516 -14.8859 -14.8854
5.52 -14.886 -14.8855
5.524 -14.8861 -14.8856
5.528 -14.8862 -14.8856
5.532 -14.8863 -14.8857
5.536 -14.8863 -14.8858
5.54 -14.8864 -14.8859
5.544 -14.8865 -14.886
5.548 -14.8866 -14.8861
5.552 -14.8867 -14.8862
5.556 -14.8868 -14.8863
5.56 -14.8868 -14.8863
5.564 -14.8869 -14.8864
5.568 -14.887 -14.8865
5.572 -14.8871 -14.8866
5.576 -14.8872 -14.8867
5.58 -14.8873 -14.8868
5.584 -14.8873 -14.8869
5.588 -14.8874 -14.887
5.592 -14.8875 -14.8871
5.596 -14.8876 -14.8871
5.6 -14.8877 -14.8872
5.604 -14.8878 -14.8873
5.608 -14.8879 -14.8874
5.612 -14.888 -14.8875
5.616 -14.888 -14.8876
5.62 -14.8881 -14.8877
5.624 -14.8882 -14.8878
5.628 -14.8883 -14.8879
5.632 -14.8884 -14.888
5.636 -14.8885 -14.8881
5.64 -14.8886 -14.8882
5.644 -14.8887 -14.8883
5.648 -14.8888 -14.8883
5.652 -14.8889 -14.8884
5.656 -14.8889 -14.8885
5.66 -14.889 -14.8886
5.664 -14.8891 -14.8887
5.668 -14.8892 -14.8888
5.672 -14.8893 -14.8889
5.676 -14.8894 -14.889
5.68 -14.8895 -14.8891
5.684 -14.8896 -14.8892
5.688 -14.8897 -14.8893
5.692 -14.8898 -14.8894
5.696 -14.8899 -14.8895
5.7 -14.89 -14.8896
5.704 -14.8901 -14.8897
5.708 -14.8902 -14.8898
5.712 -14.8902 -14.8899
5.716 -14.8903 -14.89
5.72 -14.8904 -14.8901
5.724 -14.8905 -14.8902
5.728 -14.8906 -14.8903
5.732 -14.8907 -14.8904
5.736 -14.8908 -14.8905
5.74 -14.8909 -14.8906
5.744 -14.891 -14.8907
5.748 -14.8911 -14.8908
5.752 -14.8912 -14.8909
5.756 -14.8913 -14.891
5.76 -14.8914 -14.8911
5.764 -14.8915 -14.8912
5.768 -14.8916 -14.8913
5.772 -14.8917 -14.8914
5.776 -14.8918 -14.8915
5.78 -14.8919 -14.8916
5.784 -14.892 -14.8917
5.788 -14.8921 -14.8918
5.792 -14.8922 -14.8919
5.796 -14.8923 -14.892
5.8 -14.8924 -14.8921
5.804 -14.8925 -14.8922
5.808 -14.8926 -14.8923
5.812 -14.8927 -14.8924
5.816 -14.8928 -14.8925
5.82 -14.8929 -14.8926
5.824 -14.893 -14.8928
5.828 -14.8931 -14.8929
5.832 -14.8932 -14.893
5.836 -14.8933 -14.8931
5.84 -14.8934 -14.8932
5.844 -14.8935 -14.8933
5.848 -14.8936 -14.8934
5.852 -14.8937 -14.8935
5.856 -14.8938 -14.8936
5.86 -14.8939 -14.8937
5.864 -14.894 -14.8938
5.868 -14.8941 -14.8939
5.872 -14.8942 -14.894
5.876 -14.8943 -14.8941
5.88 -14.8944 -14.8942
5.884 -14.8945 -14.8944
5.888 -14.8946 -14.8945
5.892 -14.8947 -14.8946
5.896 -14.8948 -14.8947
5.9 -14.8949 -14.8948
5.904 -14.895 -14.8949
5.908 -14.8951 -14.895
5.912 -14.8952 -14.8951
5.916 -14.8954 -14.8952
5.92 -14.8955 -14.8953
5.924 -14.8956 -14.8954
5.928 -14.8957 -14.8956
5.932 -14.8958 -14.8957
5.936 -14.8959 -14.8958
5.94 -14.896 -14.8959
5.944 -14.8961 -14.896
5.948 -14.8962 -14.8961
5.952 -14.8963 -14.8962
5.956 -14.8964 -14.8963
5.96 -14.8965 -14.8964
5.964 -14.8966 -14.8966
5.968 -14.8967 -14.8967
5.972 -14.8968 -14.8968
5.976 -14.8969 -14.8969
5.98 -14.8971 -14.897
5.984 -14.8972 -14.8971
5.988 -14.8973 -14.8972
5.992 -14.8974 -14.8973
5.996 -14.8975 -14.8974
6 -14.8976 -14.8976
6.004 -14.8977 -14.8977
6.008 -14.8978 -14.8978
6.012 -14.8979 -14.8979
6.016 -14.898 -14.898
6.02 -14.8981 -14.8981
6.024 -14.8982 -14.8982
6.028 -14.8984 -14.8984
6.032 -14.8985 -14.8985
6.036 -14.8986 -14.8986
6.04 -14.8987 -14.8987
6.044 -14.8988 -14.8988
6.048 -14.8989 -14.8989
6.052 -14.899 -14.899
6.056 -14.8991 -14.8992
6.06 -14.8992 -14.8993
6.064 -14.8993 -14.8994
6.068 -14.8994 -14.8995
6.072 -14.8996 -14.8996
6.076 -14.8997 -14.8997
6.08 -14.8998 -14.8998
6.084 -14.8999 -14.9
6.088 -14.9 -14.9001
6.092 -14.9001 -14.9002
6.096 -14.9002 -14.9003
6.1 -14.9003 -14.9004
6.104 -14.9004 -14.9005
6.108 -14.9005 -14.9006
6.112 -14.9007 -14.9008
6.116 -14.9008 -14.9009
6.12 -14.9009 -14.901
6.124 -14.901 -14.9011
6.128 -14.9011 -14.9012
6.132 -14.9012 -14.9013
6.136 -14.9013 -14.9015
6.14 -14.9014 -14.9016
6.144 -14.9015 -14.9017
6.148 -14.9017 -14.9018
6.152 -14.9018 -14.9019
6.156 -14.9019 -14.902
6.16 -14.902 -14.9022
6.164 -14.9021 -14.9023
6.168 -14.9022 -14.9024
6.172 -14.9023 -14.9025
6.176 -14.9024 -14.9026
6.18 -14.9026 -14.9027
6.184 -14.9027 -14.9029
6.188 -14.9028 -14.903
6.192 -14.9029 -14.9031
6.196 -14.903 -14.9032
6.2 -14.9031 -14.9033
6.204 -14.9032 -14.9034
6.208 -14.9033 -14.9036
6.212 -14.9035 -14.9037
6.216 -14.9036 -14.9038
6.22 -14.9037 -14.9039
6.224 -14.9038 -14.904
6.228 -14.9039 -14.9041
6.232 -14.904 -14.9043
6.236 -14.9041 -14.9044
6.24 -14.9042 -14.9045
6.244 -14.9043 -14.9046
6.248 -14.9045 -14.9047
6.252 -14.9046 -14.9048
6.256 -14.9047 -14.905
6.26 -14.9048 -14.9051
6.264 -14.9049 -14.9052
6.268 -14.905 -14.9053
6.272 -14.9051 -14.9054
6.276 -14.9052 -14.9056
6.28 -14.9054 -14.9057
6.284 -14.9055 -14.9058
6.288 -14.9056 -14.9059
6.292 -14.9057 -14.906
6.296 -14.9058 -14.9061
6.3 -14.9059 -14.9063
6.304 -14.906 -14.9064
6.308 -14.9061 -14.9065
6.312 -14.9063 -14.9066
6.316 -14.9064 -14.9067
6.32 -14.9065 -14.9068
6.324 -14.9066 -14.907
6.328 -14.9067 -14.9071
6.332 -14.9068 -14.9072
6.336 -14.9069 -14.9073
6.34 -14.907 -14.9074
6.344 -14.9072 -14.9075
6.348 -14.9073 -14.9077
6.352 -14.9074 -14.9078
6.356 -14.9075 -14.9079
6.36 -14.9076 -14.908
6.364 -14.9077 -14.9081
6.368 -14.9078 -14.9082
6.372 -14.9079 -14.9084
6.376 -14.9081 -14.9085
6.38 -14.9082 -14.9086
6.384 -14.9083 -14.9087
6.388 -14.9084 -14.9088
6.392 -14.9085 -14.909
6.396 -14.9086 -14.9091
6.4 -14.9087 -14.9092
6.404 -14.9088 -14.9093
6.408 -14.909 -14.9094
6.412 -14.9091 -14.9095
6.416 -14.9092 -14.9097
6.42 -14.9093 -14.9098
6.424 -14.9094 -14.9099
6.428 -14.9095 -14.91
6.432 -14.9096 -14.9101
6.436 -14.9097 -14.9102
6.44 -14.9098 -14.9103
6.444 -14.91 -14.9105
6.448 -14.9101 -14.9106
6.452 -14.9102 -14.9107
6.456 -14.9103 -14.9108
6.46 -14.9104 -14.9109
6.464 -14.9105 -14.911
6.468 -14.9106 -14.9112
6.472 -14.9107 -14.9113
6.476 -14.9108 -14.9114
6.48 -14.911 -14.9115
6.484 -14.9111 -14.9116
6.488 -14.9112 -14.9117
6.492 -14.9113 -14.9118
6.496 -14.9114 -14.912
6.5 -14.9115 -14.9121
6.504 -14.9116 -14.9122
6.508 -14.9117 -14.9123
6.512 -14.9118 -14.9124
6.516 -14.9119 -14.9125
6.52 -14.9121 -14.9127
6.524 -14.9122 -14.9128
6.528 -14.9123 -14.9129
6.532 -14.9124 -14.913
6.536 -14.9125 -14.9131
6.54 -14.9126 -14.9132
6.544 -14.9127 -14.9133
6.548 -14.9128 -14.9134
6.552 -14.9129 -14.9136
6.556 -14.913 -14.9137
6.56 -14.9131 -14.9138
6.564 -14.9132 -14.9139
6.568 -14.9134 -14.914
6.572 -14.9135 -14.9141
6.576 -14.9136 -14.9142
6.58 -14.9137 -14.9144
6.584 -14.9138 -14.9145
6.588 -14.9139 -14.9146
6.592 -14.914 -14.9147
6.596 -14.9141 -14.9148
6.6 -14.9142 -14.9149
6.604 -14.9143 -14.915
6.608 -14.9144 -14.9151
6.612 -14.9145 -14.9152
6.616 -14.9146 -14.9154
6.62 -14.9147 -14.9155
6.624 -14.9149 -14.9156
6.628 -14.915 -14.9157
6.632 -14.9151 -14.9158
6.636 -14.9152 -14.9159
6.64 -14.9153 -14.916
6.644 -14.9154 -14.9161
6.648 -14.9155 -14.9162
6.652 -14.9156 -14.9163
6.656 -14.9157 -14.9165
6.66 -14.9158 -14.9166
6.664 -14.9159 -14.9167
6.668 -14.916 -14.9168
6.672 -14.9161 -14.9169
6.676 -14.9162 -14.917
6.68 -14.9163 -14.9171
6.684 -14.9164 -14.9172
6.688 -14.9165 -14.9173
6.692 -14.9166 -14.9174
6.696 -14.9167 -14.9175
6.7 -14.9168 -14.9177
6.704 -14.9169 -14.9178
6.708 -14.917 -14.9179
6.712 -14.9171 -14.918
6.716 -14.9172 -14.9181
6.72 -14.9174 -14.9182
6.724 -14.9175 -14.9183
6.728 -14.9176 -14.9184
6.732 -14.9177 -14.9185
6.736 -14.9178 -14.9186
6.74 -14.9179 -14.9187
6.744 -14.918 -14.9188
6.748 -14.9181 -14.9189
6.752 -14.9182 -14.919
6.756 -14.9183 -14.9191
6.76 -14.9184 -14.9192
6.764 -14.9185 -14.9193
6.768 -14.9186 -14.9194
6.772 -14.9187 -14.9196
6.776 -14.9188 -14.9197
6.78 -14.9189 -14.9198
6.784 -14.919 -14.9199
6.788 -14.9191 -14.92
6.792 -14.9192 -14.9201
6.796 -14.9193 -14.9202
6.8 -14.9193 -14.9203
6.804 -14.9194 -14.9204
6.808 -14.9195 -14.9205
6.812 -14.9196 -14.9206
6.816 -14.9197 -14.9207
6.82 -14.9198 -14.9208
6.824 -14.9199 -14.9209
6.828 -14.92 -14.921
6.832 -14.9201 -14.9211
6.836 -14.9202 -14.9212
6.84 -14.9203 -14.9213
6.844 -14.9204 -14.9214
6.848 -14.9205 -14.9215
6.852 -14.9206 -14.9216
6.856 -14.9207 -14.9217
6.86 -14.9208 -14.9218
6.864 -14.9209 -14.9219
6.868 -14.921 -14.922
6.872 -14.9211 -14.9221
6.876 -14.9212 -14.9222
6.88 -14.9213 -14.9223
6.884 -14.9214 -14.9224
6.888 -14.9214 -14.9225
6.892 -14.9215 -14.9226
6.896 -14.9216 -14.9227
6.9 -14.9217 -14.9227
6.904 -14.9218 -14.9228
6.908 -14.9219 -14.9229
6.912 -14.922 -14.923
6.916 -14.9221 -14.9231
6.92 -14.9222 -14.9232
6.924 -14.9223 -14.9233
6.928 -14.9224 -14.9234
6.932 -14.9224 -14.9235
6.936 -14.9225 -14.9236
6.94 -14.9226 -14.9237
6.944 -14.9227 -14.9238
6.948 -14.9228 -14.9239
6.952 -14.9229 -14.924
6.956 -14.923 -14.9241
6.96 -14.9231 -14.9242
6.964 -14.9232 -14.9242
6.968 -14.9232 -14.9243
6.972 -14.9233 -14.9244
6.976 -14.9234 -14.9245
6.98 -14.9235 -14.9246
6.984 -14.9236 -14.9247
6.988 -14.9237 -14.9248
6.992 -14.9238 -14.9249
6.996 -14.9238 -14.925
7 -14.9239 -14.9251
7.004 -14.924 -14.9251
7.008 -14.9241 -14.9252
7.012 -14.9242 -14.9253
7.016 -14.9243 -14.9254
7.02 -14.9243 -14.9255
7.024 -14.9244 -14.9256
7.028 -14.9245 -14.9257
7.032 -14.9246 -14.9258
7.036 -14.9247 -14.9258
7.04 -14.9248 -14.9259
7.044 -14.9248 -14.926
7.048 -14.9249 -14.9261
7.052 -14.925 -14.9262
7.056 -14.9251 -14.9263
7.06 -14.9252 -14.9263
7.064 -14.9252 -14.9264
7.068 -14.9253 -14.9265
7.072 -14.9254 -14.9266
7.076 -14.9255 -14.9267
7.08 -14.9256 -14.9268
7.084 -14.9256 -14.9268
7.088 -14.9257 -14.9269
7.092 -14.9258 -14.927
7.096 -14.9259 -14.9271
7.1 -14.926 -14.9272
7.104 -14.926 -14.9273
7.108 -14.9261 -14.9273
7.112 -14.9262 -14.9274
7.116 -14.9263 -14.9275
7.12 -14.9263 -14.9276
7.124 -14.9264 -14.9276
7.128 -14.9265 -14.9277
7.132 -14.9266 -14.9278
7.136 -14.9266 -14.9279
7.14 -14.9267 -14.928
7.144 -14.9268 -14.928
7.148 -14.9269 -14.9281
7.152 -14.9269 -14.9282
7.156 -14.927 -14.9283
7.16 -14.9271 -14.9283
7.164 -14.9271 -14.9284
7.168 -14.9272 -14.9285
7.172 -14.9273 -14.9286
7.176 -14.9274 -14.9286
7.18 -14.9274 -14.9287
7.184 -14.9275 -14.9288
7.188 -14.9276 -14.9289
7.192 -14.9276 -14.9289
7.196 -14.9277 -14.929
7.2 -14.9278 -14.9291
7.204 -14.9278 -14.9291
7.208 -14.9279 -14.9292
7.212 -14.928 -14.9293
7.216 -14.928 -14.9294
7.22 -14.9281 -14.9294
7.224 -14.9282 -14.9295
7.228 -14.9282 -14.9296
7.232 -14.9283 -14.9296
7.236 -14.9284 -14.9297
7.24 -14.9284 -14.9298
7.244 -14.9285 -14.9298
7.248 -14.9286 -14.9299
7.252 -14.9286 -14.93
7.256 -14.9287 -14.93
7.26 -14.9288 -14.9301
7.264 -14.9288 -14.9302
7.268 -14.9289 -14.9302
7.272 -14.9289 -14.9303
7.276 -14.929 -14.9304
7.28 -14.9291 -14.9304
7.284 -14.9291 -14.9305
7.288 -14.9292 -14.9306
7.292 -14.9292 -14.9306
7.296 -14.9293 -14.9307
7.3 -14.9294 -14.9307
7.304 -14.9294 -14.9308
7.308 -14.9295 -14.9309
7.312 -14.9295 -14.9309
7.316 -14.9296 -14.931
7.32 -14.9297 -14.931
7.324 -14.9297 -14.9311
7.328 -14.9298 -14.9312
7.332 -14.9298 -14.9312
7.336 -14.9299 -14.9313
7.34 -14.9299 -14.9313
7.344 -14.93 -14.9314
7.348 -14.93 -14.9315
7.352 -14.9301 -14.9315
7.356 -14.9302 -14.9316
7.36 -14.9302 -14.9316
7.364 -14.9303 -14.9317
7.368 -14.9303 -14.9317
7.372 -14.9304 -14.9318
7.376 -14.9304 -14.9318
7.38 -14.9305 -14.9319
7.384 -14.9305 -14.9319
7.388 -14.9306 -14.932
7.392 -14.9306 -14.9321
7.396 -14.9307 -14.9321
7.4 -14.9307 -14.9322
7.404 -14.9308 -14.9322
7.408 -14.9308 -14.9323
7.412 -14.9309 -14.9323
7.416 -14.9309 -14.9324
7.42 -14.931 -14.9324
7.424 -14.931 -14.9325
7.428 -14.9311 -14.9325
7.432 -14.9311 -14.9326
7.436 -14.9312 -14.9326
7.44 -14.9312 -14.9327
7.444 -14.9312 -14.9327
7.448 -14.9313 -14.9327
7.452 -14.9313 -14.9328
7.456 -14.9314 -14.9328
7.46 -14.9314 -14.9329
7.464 -14.9315 -14.9329
7.468 -14.9315 -14.933
7.472 -14.9315 -14.933
7.476 -14.9316 -14.9331
7.48 -14.9316 -14.9331
7.484 -14.9317 -14.9331
7.488 -14.9317 -14.9332
7.492 -14.9317 -14.9332
7.496 -14.9318 -14.9333
7.5 -14.9318 -14.9333
7.504 -14.9319 -14.9334
7.508 -14.9319 -14.9334
7.512 -14.9319 -14.9334
7.516 -14.932 -14.9335
7.52 -14.932 -14.9335
7.524 -14.9321 -14.9335
7.528 -14.9321 -14.9336
7.532 -14.9321 -14.9336
7.536 -14.9322 -14.9337
7.54 -14.9322 -14.9337
7.544 -14.9322 -14.9337
7.548 -14.9323 -14.9338
7.552 -14.9323 -14.9338
7.556 -14.9323 -14.9338
7.56 -14.9324 -14.9339
7.564 -14.9324 -14.9339
7.568 -14.9324 -14.9339
7.572 -14.9325 -14.934
7.576 -14.9325 -14.934
7.58 -14.9325 -14.934
7.584 -14.9325 -14.9341
7.588 -14.9326 -14.9341
7.592 -14.9326 -14.9341
7.596 -14.9326 -14.9342
7.6 -14.9327 -14.9342
7.604 -14.9327 -14.9342
7.608 -14.9327 -14.9342
7.612 -14.9327 -14.9343
7.616 -14.9328 -14.9343
7.62 -14.9328 -14.9343
7.624 -14.9328 -14.9344
7.628 -14.9329 -14.9344
7.632 -14.9329 -14.9344
7.636 -14.9329 -14.9344
7.64 -14.9329 -14.9345
7.644 -14.9329 -14.9345
7.648 -14.933 -14.9345
7.652 -14.933 -14.9345
7.656 -14.933 -14.9346
7.66 -14.933 -14.9346
7.664 -14.9331 -14.9346
7.668 -14.9331 -14.9346
7.672 -14.9331 -14.9346
7.676 -14.9331 -14.9347
7.68 -14.9331 -14.9347
7.684 -14.9332 -14.9347
7.688 -14.9332 -14.9347
7.692 -14.9332 -14.9347
7.696 -14.9332 -14.9348
7.7 -14.9332 -14.9348
7.704 -14.9332 -14.9348
7.708 -14.9333 -14.9348
7.712 -14.9333 -14.9348
7.716 -14.9333 -14.9349
7.72 -14.9333 -14.9349
7.724 -14.9333 -14.9349
7.728 -14.9333 -14.9349
7.732 -14.9334 -14.9349
7.736 -14.9334 -14.9349
7.74 -14.9334 -14.9349
7.744 -14.9334 -14.935
7.748 -14.9334 -14.935
7.752 -14.9334 -14.935
7.756 -14.9334 -14.935
7.76 -14.9334 -14.935
7.764 -14.9334 -14.935
7.768 -14.9335 -14.935
7.772 -14.9335 -14.935
7.776 -14.9335 -14.935
7.78 -14.9335 -14.9351
7.784 -14.9335 -14.9351
7.788 -14.9335 -14.9351
7.792 -14.9335 -14.9351
7.796 -14.9335 -14.9351
7.8 -14.9335 -14.9351
7.804 -14.9335 -14.9351
7.808 -14.9335 -14.9351
7.812 -14.9335 -14.9351
7.816 -14.9335 -14.9351
7.82 -14.9335 -14.9351
7.824 -14.9335 -14.9351
7.828 -14.9336 -14.9351
7.832 -14.9336 -14.9351
7.836 -14.9336 -14.9351
7.84 -14.9336 -14.9351
7.844 -14.9336 -14.9351
7.848 -14.9336 -14.9351
7.852 -14.9336 -14.9351
7.856 -14.9336 -14.9351
7.86 -14.9336 -14.9351
7.864 -14.9336 -14.9351
7.868 -14.9336 -14.9351
7.872 -14.9336 -14.9351
7.876 -14.9336 -14.9351
7.88 -14.9335 -14.9351
7.884 -14.9335 -14.9351
7.888 -14.9335 -14.9351
7.892 -14.9335 -14.9351
7.896 -14.9335 -14.9351
7.9 -14.9335 -14.9351
7.904 -14.9335 -14.9351
7.908 -14.9335 -14.9351
7.912 -14.9335 -14.9351
7.916 -14.9335 -14.9351
7.92 -14.9335 -14.9351
7.924 -14.9335 -14.9351
7.928 -14.9335 -14.935
7.932 -14.9335 -14.935
7.936 -14.9335 -14.935
7.94 -14.9335 -14.935
7.944 -14.9334 -14.935
7.948 -14.9334 -14.935
7.952 -14.9334 -14.935
7.956 -14.9334 -14.935
7.96 -14.9334 -14.935
7.964 -14.9334 -14.935
7.968 -14.9334 -14.9349
7.972 -14.9334 -14.9349
7.976 -14.9333 -14.9349
7.98 -14.9333 -14.9349
7.984 -14.9333 -14.9349
7.988 -14.9333 -14.9349
7.992 -14.9333 -14.9348
7.996 -14.9333 -14.9348
8 -14.9333 -14.9348
8.004 -14.9332 -14.9348
8.008 -14.9332 -14.9348
8.012 -14.9332 -14.9348
8.016 -14.9332 -14.9347
8.02 -14.9332 -14.9347
8.024 -14.9331 -14.9347
8.028 -14.9331 -14.9347
8.032 -14.9331 -14.9347
8.036 -14.9331 -14.9346
8.04 -14.9331 -14.9346
8.044 -14.933 -14.9346
8.048 -14.933 -14.9346
8.052 -14.933 -14.9346
8.056 -14.933 -14.9345
8.06 -14.933 -14.9345
8.064 -14.9329 -14.9345
8.068 -14.9329 -14.9345
8.072 -14.9329 -14.9344
8.076 -14.9329 -14.9344
8.08 -14.9328 -14.9344
8.084 -14.9328 -14.9344
8.088 -14.9328 -14.9343
8.092 -14.9328 -14.9343
8.096 -14.9327 -14.9343
8.1 -14.9327 -14.9342
8.104 -14.9327 -14.9342
8.108 -14.9326 -14.9342
8.112 -14.9326 -14.9342
8.116 -14.9326 -14.9341
8.12 -14.9326 -14.9341
8.124 -14.9325 -14.9341
8.128 -14.9325 -14.934
8.132 -14.9325 -14.934
8.136 -14.9324 -14.934
8.14 -14.9324 -14.9339
8.144 -14.9324 -14.9339
8.148 -14.9323 -14.9339
8.152 -14.9323 -14.9338
8.156 -14.9323 -14.9338
8.16 -14.9322 -14.9338
8.164 -14.9322 -14.9337
8.168 -14.9322 -14.9337
8.172 -14.9321 -14.9337
8.176 -14.9321 -14.9336
8.18 -14.9321 -14.9336
8.184 -14.932 -14.9335
8.188 -14.932 -14.9335
8.192 -14.932 -14.9335
8.196 -14.9319 -14.9334
8.2 -14.9319 -14.9334
8.204 -14.9318 -14.9333
8.208 -14.9318 -14.9333
8.212 -14.9318 -14.9333
8.216 -14.9317 -14.9332
8.22 -14.9317 -14.9332
8.224 -14.9316 -14.9331
8.228 -14.9316 -14.9331
8.232 -14.9316 -14.9331
8.236 -14.9315 -14.933
8.24 -14.9315 -14.933
8.244 -14.9314 -14.9329
8.248 -14.9314 -14.9329
8.252 -14.9313 -14.9328
8.256 -14.9313 -14.9328
8.26 -14.9313 -14.9327
8.264 -14.9312 -14.9327
8.268 -14.9312 -14.9326
8.272 -14.9311 -14.9326
8.276 -14.9311 -14.9325
8.28 -14.931 -14.9325
8.284 -14.931 -14.9325
8.288 -14.9309 -14.9324
8.292 -14.9309 -14.9324
8.296 -14.9308 -14.9323
8.3 -14.9308 -14.9323
8.304 -14.9307 -14.9322
8.308 -14.9307 -14.9321
8.312 -14.9306 -14.9321
8.316 -14.9306 -14.932
8.32 -14.9305 -14.932
8.324 -14.9305 -14.9319
8.328 -14.9304 -14.9319
8.332 -14.9304 -14.9318
8.336 -14.9303 -14.9318
8.34 -14.9303 -14.9317
8.344 -14.9302 -14.9317
8.348 -14.9302 -14.9316
8.352 -14.9301 -14.9316
8.356 -14.9301 -14.9315
8.36 -14.93 -14.9314
8.364 -14.93 -14.9314
8.368 -14.9299 -14.9313
8.372 -14.9298 -14.9313
8.376 -14.9298 -14.9312
8.38 -14.9297 -14.9312
8.384 -14.9297 -14.9311
8.388 -14.9296 -14.931
8.392 -14.9296 -14.931
8.396 -14.9295 -14.9309
8.4 -14.9294 -14.9309
8.404 -14.9294 -14.9308
8.408 -14.9293 -14.9307
8.412 -14.9293 -14.9307
8.416 -14.9292 -14.9306
8.42 -14.9291 -14.9305
8.424 -14.9291 -14.9305
8.428 -14.929 -14.9304
8.432 -14.929 -14.9304
8.436 -14.9289 -14.9303
8.44 -14.9288 -14.9302
8.444 -14.9288 -14.9302
8.448 -14.9287 -14.9301
8.452 -14.9287 -14.93
8.456 -14.9286 -14.93
8.46 -14.9285 -14.9299
8.464 -14.9285 -14.9298
8.468 -14.9284 -14.9298
8.472 -14.9283 -14.9297
8.476 -14.9283 -14.9296
8.48 -14.9282 -14.9296
8.484 -14.9281 -14.9295
8.488 -14.9281 -14.9294
8.492 -14.928 -14.9293
8.496 -14.9279 -14.9293
8.5 -14.9279 -14.9292
8.504 -14.9278 -14.9291
8.508 -14.9277 -14.9291
8.512 -14.9277 -14.929
8.516 -14.9276 -14.9289
8.52 -14.9275 -14.9288
8.524 -14.9274 -14.9288
8.528 -14.9274 -14.9287
8.532 -14.9273 -14.9286
8.536 -14.9272 -14.9285
8.54 -14.9272 -14.9285
8.544 -14.9271 -14.9284
8.548 -14.927 -14.9283
8.552 -14.9269 -14.9282
8.556 -14.9269 -14.9282
8.56 -14.9268 -14.9281
8.564 -14.9267 -14.928
8.568 -14.9267 -14.9279
8.572 -14.9266 -14.9279
8.576 -14.9265 -14.9278
8.58 -14.9264 -14.9277
8.584 -14.9264 -14.9276
8.588 -14.9263 -14.9276
8.592 -14.9262 -14.9275
8.596 -14.9261 -14.9274
8.6 -14.9261 -14.9273
8.604 -14.926 -14.9272
8.608 -14.9259 -14.9272
8.612 -14.9258 -14.9271
8.616 -14.9257 -14.927
8.62 -14.9257 -14.9269
8.624 -14.9256 -14.9268
8.628 -14.9255 -14.9268
8.632 -14.9254 -14.9267
8.636 -14.9254 -14.9266
8.64 -14.9253 -14.9265
8.644 -14.9252 -14.9264
8.648 -14.9251 -14.9263
8.652 -14.925 -14.9263
8.656 -14.925 -14.9262
8.66 -14.9249 -14.9261
8.664 -14.9248 -14.926
8.668 -14.9247 -14.9259
8.672 -14.9246 -14.9258
8.676 -14.9245 -14.9257
8.68 -14.9245 -14.9257
8.684 -14.9244 -14.9256
8.688 -14.9243 -14.9255
8.692 -14.9242 -14.9254
8.696 -14.9241 -14.9253
8.7 -14.924 -14.9252
8.704 -14.924 -14.9251
8.708 -14.9239 -14.925
8.712 -14.9238 -14.925
8.716 -14.9237 -14.9249
8.72 -14.9236 -14.9248
8.724 -14.9235 -14.9247
8.728 -14.9234 -14.9246
8.732 -14.9234 -14.9245
8.736 -14.9233 -14.9244
8.74 -14.9232 -14.9243
8.744 -14.9231 -14.9242
8.748 -14.923 -14.9241
8.752 -14.9229 -14.924
8.756 -14.9228 -14.924
8.76 -14.9227 -14.9239
8.764 -14.9227 -14.9238
8.768 -14.9226 -14.9237
8.772 -14.9225 -14.9236
8.776 -14.9224 -14.9235
8.78 -14.9223 -14.9234
8.784 -14.9222 -14.9233
8.788 -14.9221 -14.9232
8.792 -14.922 -14.9231
8.796 -14.9219 -14.923
8.8 -14.9218 -14.9229
8.804 -14.9218 -14.9228
8.808 -14.9217 -14.9227
8.812 -14.9216 -14.9226
8.816 -14.9215 -14.9225
8.82 -14.9214 -14.9224
8.824 -14.9213 -14.9223
8.828 -14.9212 -14.9222
8.832 -14.9211 -14.9222
8.836 -14.921 -14.9221
8.84 -14.9209 -14.922
8.844 -14.9208 -14.9219
8.848 -14.9207 -14.9218
8.852 -14.9206 -14.9217
8.856 -14.9205 -14.9216
8.86 -14.9204 -14.9215
8.864 -14.9203 -14.9214
8.868 -14.9203 -14.9213
8.872 -14.9202 -14.9212
8.876 -14.9201 -14.9211
8.88 -14.92 -14.921
8.884 -14.9199 -14.9209
8.888 -14.9198 -14.9208
8.892 -14.9197 -14.9207
8.896 -14.9196 -14.9206
8.9 -14.9195 -14.9205
8.904 -14.9194 -14.9204
8.908 -14.9193 -14.9203
8.912 -14.9192 -14.9202
8.916 -14.9191 -14.92
8.92 -14.919 -14.9199
8.924 -14.9189 -14.9198
8.928 -14.9188 -14.9197
8.932 -14.9187 -14.9196
8.936 -14.9186 -14.9195
8.94 -14.9185 -14.9194
8.944 -14.9184 -14.9193
8.948 -14.9183 -14.9192
8.952 -14.9182 -14.9191
8.956 -14.9181 -14.919
8.96 -14.918 -14.9189
8.964 -14.9179 -14.9188
8.968 -14.9178 -14.9187
8.972 -14.9177 -14.9186
8.976 -14.9176 -14.9185
8.98 -14.9175 -14.9184
8.984 -14.9174 -14.9183
8.988 -14.9173 -14.9182
8.992 -14.9172 -14.9181
8.996 -14.9171 -14.918
9 -14.917 -14.9178
9.004 -14.9169 -14.9177
9.008 -14.9168 -14.9176
9.012 -14.9167 -14.9175
9.016 -14.9166 -14.9174
9.02 -14.9165 -14.9173
9.024 -14.9164 -14.9172
9.028 -14.9163 -14.9171
9.032 -14.9161 -14.917
9.036 -14.916 -14.9169
9.04 -14.9159 -14.9168
9.044 -14.9158 -14.9167
9.048 -14.9157 -14.9165
9.052 -14.9156 -14.9164
9.056 -14.9155 -14.9163
9.06 -14.9154 -14.9162
9.064 -14.9153 -14.9161
9.068 -14.9152 -14.916
9.072 -14.9151 -14.9159
9.076 -14.915 -14.9158
9.08 -14.9149 -14.9157
9.084 -14.9148 -14.9156
9.088 -14.9147 -14.9154
9.092 -14.9146 -14.9153
9.096 -14.9145 -14.9152
9.1 -14.9144 -14.9151
9.104 -14.9142 -14.915
9.108 -14.9141 -14.9149
9.112 -14.914 -14.9148
9.116 -14.9139 -14.9147
9.12 -14.9138 -14.9146
9.124 -14.9137 -14.9144
9.128 -14.9136 -14.9143
9.132 -14.9135 -14.9142
9.136 -14.9134 -14.9141
9.14 -14.9133 -14.914
9.144 -14.9132 -14.9139
9.148 -14.9131 -14.9138
9.152 -14.913 -14.9137
9.156 -14.9128 -14.9135
9.16 -14.9127 -14.9134
9.164 -14.9126 -14.9133
9.168 -14.9125 -14.9132
9.172 -14.9124 -14.9131
9.176 -14.9123 -14.913
9.18 -14.9122 -14.9129
9.184 -14.9121 -14.9127
9.188 -14.912 -14.9126
9.192 -14.9119 -14.9125
9.196 -14.9118 -14.9124
9.2 -14.9116 -14.9123
9.204 -14.9115 -14.9122
9.208 -14.9114 -14.9121
9.212 -14.9113 -14.9119
9.216 -14.9112 -14.9118
9.22 -14.9111 -14.9117
9.224 -14.911 -14.9116
9.228 -14.9109 -14.9115
9.232 -14.9108 -14.9114
9.236 -14.9107 -14.9113
9.24 -14.9105 -14.9111
9.244 -14.9104 -14.911
9.248 -14.9103 -14.9109
9.252 -14.9102 -14.9108
9.256 -14.9101 -14.9107
9.26 -14.91 -14.9106
9.264 -14.9099 -14.9104
9.268 -14.9098 -14.9103
9.272 -14.9097 -14.9102
9.276 -14.9095 -14.9101
9.28 -14.9094 -14.91
9.284 -14.9093 -14.9099
9.288 -14.9092 -14.9097
9.292 -14.9091 -14.9096
9.296 -14.909 -14.9095
9.3 -14.9089 -14.9094
9.304 -14.9088 -14.9093
9.308 -14.9087 -14.9092
9.312 -14.9085 -14.909
9.316 -14.9084 -14.9089
9.32 -14.9083 -14.9088
9.324 -14.9082 -14.9087
9.328 -14.9081 -14.9086
9.332 -14.908 -14.9085
9.336 -14.9079 -14.9083
9.34 -14.9078 -14.9082
9.344 -14.9076 -14.9081
9.348 -14.9075 -14.908
9.352 -14.9074 -14.9079
9.356 -14.9073 -14.9078
9.36 -14.9072 -14.9076
9.364 -14.9071 -14.9075
9.368 -14.907 -14.9074
9.372 -14.9069 -14.9073
9.376 -14.9067 -14.9072
9.38 -14.9066 -14.9071
9.384 -14.9065 -14.9069
9.388 -14.9064 -14.9068
9.392 -14.9063 -14.9067
9.396 -14.9062 -14.9066
9.4 -14.9061 -14.9065
9.404 -14.906 -14.9064
9.408 -14.9058 -14.9062
9.412 -14.9057 -14.9061
9.416 -14.9056 -14.906
9.42 -14.9055 -14.9059
9.424 -14.9054 -14.9058
9.428 -14.9053 -14.9056
9.432 -14.9052 -14.9055
9.436 -14.9051 -14.9054
9.44 -14.9049 -14.9053
9.444 -14.9048 -14.9052
9.448 -14.9047 -14.9051
9.452 -14.9046 -14.9049
9.456 -14.9045 -14.9048
9.46 -14.9044 -14.9047
9.464 -14.9043 -14.9046
9.468 -14.9042 -14.9045
9.472 -14.904 -14.9044
9.476 -14.9039 -14.9042
9.48 -14.9038 -14.9041
9.484 -14.9037 -14.904
9.488 -14.9036 -14.9039
9.492 -14.9035 -14.9038
9.496 -14.9034 -14.9037
9.5 -14.9033 -14.9035
9.504 -14.9032 -14.9034
9.508 -14.903 -14.9033
9.512 -14.9029 -14.9032
9.516 -14.9028 -14.9031
9.52 -14.9027 -14.903
9.524 -14.9026 -14.9028
9.528 -14.9025 -14.9027
9.532 -14.9024 -14.9026
9.536 -14.9023 -14.9025
9.54 -14.9021 -14.9024
9.544 -14.902 -14.9023
9.548 -14.9019 -14.9021
9.552 -14.9018 -14.902
9.556 -14.9017 -14.9019
9.56 -14.9016 -14.9018
9.564 -14.9015 -14.9017
9.568 -14.9014 -14.9016
9.572 -14.9013 -14.9014
9.576 -14.9011 -14.9013
9.58 -14.901 -14.9012
9.584 -14.9009 -14.9011
9.588 -14.9008 -14.901
9.592 -14.9007 -14.9009
9.596 -14.9006 -14.9007
9.6 -14.9005 -14.9006
9.604 -14.9004 -14.9005
9.608 -14.9003 -14.9004
9.612 -14.9001 -14.9003
9.616 -14.9 -14.9002
9.62 -14.8999 -14.9
9.624 -14.8998 -14.8999
9.628 -14.8997 -14.8998
9.632 -14.8996 -14.8997
9.636 -14.8995 -14.8996
9.64 -14.8994 -14.8995
9.644 -14.8993 -14.8994
9.648 -14.8992 -14.8992
9.652 -14.899 -14.8991
9.656 -14.8989 -14.899
9.66 -14.8988 -14.8989
9.664 -14.8987 -14.8988
9.668 -14.8986 -14.8987
9.672 -14.8985 -14.8986
9.676 -14.8984 -14.8984
9.68 -14.8983 -14.8983
9.684 -14.8982 -14.8982
9.688 -14.8981 -14.8981
9.692 -14.898 -14.898
9.696 -14.8978 -14.8979
9.7 -14.8977 -14.8978
9.704 -14.8976 -14.8977
9.708 -14.8975 -14.8975
9.712 -14.8974 -14.8974
9.716 -14.8973 -14.8973
9.72 -14.8972 -14.8972
9.724 -14.8971 -14.8971
9.728 -14.897 -14.897
9.732 -14.8969 -14.8969
9.736 -14.8968 -14.8968
9.74 -14.8967 -14.8966
9.744 -14.8966 -14.8965
9.748 -14.8964 -14.8964
9.752 -14.8963 -14.8963
9.756 -14.8962 -14.8962
9.76 -14.8961 -14.8961
9.764 -14.896 -14.896
9.768 -14.8959 -14.8959
9.772 -14.8958 -14.8958
9.776 -14.8957 -14.8956
9.78 -14.8956 -14.8955
9.784 -14.8955 -14.8954
9.788 -14.8954 -14.8953
9.792 -14.8953 -14.8952
9.796 -14.8952 -14.8951
9.8 -14.8951 -14.895
9.804 -14.895 -14.8949
9.808 -14.8949 -14.8948
9.812 -14.8948 -14.8947
9.816 -14.8947 -14.8946
9.82 -14.8946 -14.8944
9.824 -14.8944 -14.8943
9.828 -14.8943 -14.8942
9.832 -14.8942 -14.8941
9.836 -14.8941 -14.894
9.84 -14.894 -14.8939
9.844 -14.8939 -14.8938
9.848 -14.8938 -14.8937
9.852 -14.8937 -14.8936
9.856 -14.8936 -14.8935
9.86 -14.8935 -14.8934
9.864 -14.8934 -14.8933
9.868 -14.8933 -14.8932
9.872 -14.8932 -14.8931
9.876 -14.8931 -14.8929
9.88 -14.893 -14.8928
9.884 -14.8929 -14.8927
9.888 -14.8928 -14.8926
9.892 -14.8927 -14.8925
9.896 -14.8926 -14.8924
9.9 -14.8925 -14.8923
9.904 -14.8924 -14.8922
9.908 -14.8923 -14.8921
9.912 -14.8922 -14.892
9.916 -14.8921 -14.8919
9.92 -14.892 -14.8918
9.924 -14.8919 -14.8917
9.928 -14.8918 -14.8916
9.932 -14.8917 -14.8915
9.936 -14.8916 -14.8914
9.94 -14.8915 -14.8913
9.944 -14.8914 -14.8912
9.948 -14.8913 -14.8911
9.952 -14.8912 -14.891
9.956 -14.8911 -14.8909
9.96 -14.891 -14.8908
9.964 -14.8909 -14.8907
9.968 -14.8908 -14.8906
9.972 -14.8908 -14.8905
9.976 -14.8907 -14.8904
9.98 -14.8906 -14.8903
9.984 -14.8905 -14.8902
9.988 -14.8904 -14.8901
9.992 -14.8903 -14.89
9.996 -14.8902 -14.8899
10 -14.8901 -14.8898
10.004 -14.89 -14.8897
10.008 -14.8899 -14.8896
10.012 -14.8898 -14.8895
10.016 -14.8897 -14.8894
10.02 -14.8896 -14.8893
10.024 -14.8895 -14.8892
10.028 -14.8894 -14.8891
10.032 -14.8893 -14.889
10.036 -14.8892 -14.8889
10.04 -14.8892 -14.8888
10.044 -14.8891 -14.8887
10.048 -14.889 -14.8886
10.052 -14.8889 -14.8885
10.056 -14.8888 -14.8884
10.06 -14.8887 -14.8883
10.064 -14.8886 -14.8882
10.068 -14.8885 -14.8881
10.072 -14.8884 -14.888
10.076 -14.8883 -14.888
10.08 -14.8883 -14.8879
10.084 -14.8882 -14.8878
10.088 -14.8881 -14.8877
10.092 -14.888 -14.8876
10.096 -14.8879 -14.8875
10.1 -14.8878 -14.8874
10.104 -14.8877 -14.8873
10.108 -14.8876 -14.8872
10.112 -14.8876 -14.8871
10.116 -14.8875 -14.887
10.12 -14.8874 -14.8869
10.124 -14.8873 -14.8869
10.128 -14.8872 -14.8868
10.132 -14.8871 -14.8867
10.136 -14.887 -14.8866
10.14 -14.8869 -14.8865
10.144 -14.8869 -14.8864
10.148 -14.8868 -14.8863
10.152 -14.8867 -14.8862
10.156 -14.8866 -14.8861
10.16 -14.8865 -14.8861
10.164 -14.8864 -14.886
10.168 -14.8864 -14.8859
10.172 -14.8863 -14.8858
10.176 -14.8862 -14.8857
10.18 -14.8861 -14.8856
10.184 -14.886 -14.8855
10.188 -14.886 -14.8855
10.192 -14.8859 -14.8854
10.196 -14.8858 -14.8853
10.2 -14.8857 -14.8852
10.204 -14.8856 -14.8851
10.208 -14.8856 -14.885
10.212 -14.8855 -14.885
10.216 -14.8854 -14.8849
10.22 -14.8853 -14.8848
10.224 -14.8852 -14.8847
10.228 -14.8852 -14.8846
10.232 -14.8851 -14.8845
10.236 -14.885 -14.8845
10.24 -14.8849 -14.8844
10.244 -14.8848 -14.8843
10.248 -14.8848 -14.8842
10.252 -14.8847 -14.8841
10.256 -14.8846 -14.8841
10.26 -14.8845 -14.884
10.264 -14.8845 -14.8839
10.268 -14.8844 -14.8838
10.272 -14.8843 -14.8838
10.276 -14.8842 -14.8837
10.28 -14.8842 -14.8836
10.284 -14.8841 -14.8835
10.288 -14.884 -14.8834
10.292 -14.884 -14.8834
10.296 -14.8839 -14.8833
10.3 -14.8838 -14.8832
10.304 -14.8837 -14.8831
10.308 -14.8837 -14.8831
10.312 -14.8836 -14.883
10.316 -14.8835 -14.8829
10.32 -14.8835 -14.8828
10.324 -14.8834 -14.8828
10.328 -14.8833 -14.8827
10.332 -14.8832 -14.8826
10.336 -14.8832 -14.8826
10.34 -14.8831 -14.8825
10.344 -14.883 -14.8824
10.348 -14.883 -14.8823
10.352 -14.8829 -14.8823
10.356 -14.8828 -14.8822
10.36 -14.8828 -14.8821
10.364 -14.8827 -14.8821
10.368 -14.8826 -14.882
10.372 -14.8826 -14.8819
10.376 -14.8825 -14.8819
10.38 -14.8824 -14.8818
10.384 -14.8824 -14.8817
10.388 -14.8823 -14.8817
10.392 -14.8822 -14.8816
10.396 -14.8822 -14.8815
10.4 -14.8821 -14.8815
10.404 -14.8821 -14.8814
10.408 -14.882 -14.8813
10.412 -14.8819 -14.8813
10.416 -14.8819 -14.8812
10.42 -14.8818 -14.8811
10.424 -14.8818 -14.8811
10.428 -14.8817 -14.881
10.432 -14.8816 -14.8809
10.436 -14.8816 -14.8809
10.44 -14.8815 -14.8808
10.444 -14.8815 -14.8808
10.448 -14.8814 -14.8807
10.452 -14.8813 -14.8806
10.456 -14.8813 -14.8806
10.46 -14.8812 -14.8805
10.464 -14.8812 -14.8805
10.468 -14.8811 -14.8804
10.472 -14.8811 -14.8803
10.476 -14.881 -14.8803
10.48 -14.8809 -14.8802
10.484 -14.8809 -14.8802
10.488 -14.8808 -14.8801
10.492 -14.8808 -14.88
10.496 -14.8807 -14.88
10.5 -14.8807 -14.8799
10.504 -14.8806 -14.8799
10.508 -14.8806 -14.8798
10.512 -14.8805 -14.8798
10.516 -14.8805 -14.8797
10.52 -14.8804 -14.8797
10.524 -14.8804 -14.8796
10.528 -14.8803 -14.8796
10.532 -14.8803 -14.8795
10.536 -14.8802 -14.8795
10.54 -14.8802 -14.8794
10.544 -14.8801 -14.8793
10.548 -14.8801 -14.8793
10.552 -14.88 -14.8792
10.556 -14.88 -14.8792
10.56 -14.8799 -14.8791
10.564 -14.8799 -14.8791
10.568 -14.8798 -14.879
10.572 -14.8798 -14.879
10.576 -14.8797 -14.879
10.58 -14.8797 -14.8789
10.584 -14.8796 -14.8789
10.588 -14.8796 -14.8788
10.592 -14.8795 -14.8788
10.596 -14.8795 -14.8787
10.6 -14.8795 -14.8787
10.604 -14.8794 -14.8786
10.608 -14.8794 -14.8786
10.612 -14.8793 -14.8785
10.616 -14.8793 -14.8785
10.62 -14.8793 -14.8785
10.624 -14.8792 -14.8784
10.628 -14.8792 -14.8784
10.632 -14.8791 -14.8783
10.636 -14.8791 -14.8783
10.64 -14.8791 -14.8782
10.644 -14.879 -14.8782
10.648 -14.879 -14.8782
10.652 -14.8789 -14.8781
10.656 -14.8789 -14.8781
10.66 -14.8789 -14.878
10.664 -14.8788 -14.878
10.668 -14.8788 -14.878
10.672 -14.8788 -14.8779
10.676 -14.8787 -14.8779
10.68 -14.8787 -14.8779
10.684 -14.8786 -14.8778
10.688 -14.8786 -14.8778
10.692 -14.8786 -14.8778
10.696 -14.8785 -14.8777
10.7 -14.8785 -14.8777
10.704 -14.8785 -14.8776
10.708 -14.8785 -14.8776
10.712 -14.8784 -14.8776
10.716 -14.8784 -14.8775
10.72 -14.8784 -14.8775
10.724 -14.8783 -14.8775
10.728 -14.8783 -14.8775
10.732 -14.8783 -14.8774
10.736 -14.8782 -14.8774
10.74 -14.8782 -14.8774
10.744 -14.8782 -14.8773
10.748 -14.8782 -14.8773
10.752 -14.8781 -14.8773
10.756 -14.8781 -14.8772
10.76 -14.8781 -14.8772
10.764 -14.878 -14.8772
10.768 -14.878 -14.8772
10.772 -14.878 -14.8771
10.776 -14.878 -14.8771
10.78 -14.878 -14.8771
10.784 -14.8779 -14.8771
10.788 -14.8779 -14.877
10.792 -14.8779 -14.877
10.796 -14.8779 -14.877
10.8 -14.8778 -14.877
10.804 -14.8778 -14.8769
10.808 -14.8778 -14.8769
10.812 -14.8778 -14.8769
10.816 -14.8778 -14.8769
10.82 -14.8777 -14.8769
10.824 -14.8777 -14.8768
10.828 -14.8777 -14.8768
10.832 -14.8777 -14.8768
10.836 -14.8777 -14.8768
10.84 -14.8776 -14.8768
10.844 -14.8776 -14.8767
10.848 -14.8776 -14.8767
10.852 -14.8776 -14.8767
10.856 -14.8776 -14.8767
10.86 -14.8776 -14.8767
10.864 -14.8775 -14.8767
10.868 -14.8775 -14.8767
10.872 -14.8775 -14.8766
10.876 -14.8775 -14.8766
10.88 -14.8775 -14.8766
10.884 -14.8775 -14.8766
10.888 -14.8775 -14.8766
10.892 -14.8775 -14.8766
10.896 -14.8774 -14.8766
10.9 -14.8774 -14.8765
10.904 -14.8774 -14.8765
10.908 -14.8774 -14.8765
10.912 -14.8774 -14.8765
10.916 -14.8774 -14.8765
10.92 -14.8774 -14.8765
10.924 -14.8774 -14.8765
10.928 -14.8774 -14.8765
10.932 -14.8774 -14.8765
10.936 -14.8774 -14.8765
10.94 -14.8773 -14.8765
10.944 -14.8773 -14.8765
10.948 -14.8773 -14.8764
10.952 -14.8773 -14.8764
10.956 -14.8773 -14.8764
10.96 -14.8773 -14.8764
10.964 -14.8773 -14.8764
10.968 -14.8773 -14.8764
10.972 -14.8773 -14.8764
10.976 -14.8773 -14.8764
10.98 -14.8773 -14.8764
10.984 -14.8773 -14.8764
10.988 -14.8773 -14.8764
10.992 -14.8773 -14.8764
10.996 -14.8773 -14.8764
11 -14.8773 -14.8764
11.004 -14.8773 -14.8764
11.008 -14.8773 -14.8764
11.012 -14.8773 -14.8764
11.016 -14.8773 -14.8764
11.02 -14.8773 -14.8764
11.024 -14.8773 -14.8764
11.028 -14.8773 -14.8764
11.032 -14.8773 -14.8764
11.036 -14.8773 -14.8764
11.04 -14.8773 -14.8764
11.044 -14.8773 -14.8764
11.048 -14.8773 -14.8765
11.052 -14.8774 -14.8765
11.056 -14.8774 -14.8765
11.06 -14.8774 -14.8765
11.064 -14.8774 -14.8765
11.068 -14.8774 -14.8765
11.072 -14.8774 -14.8765
11.076 -14.8774 -14.8765
11.08 -14.8774 -14.8765
11.084 -14.8774 -14.8765
11.088 -14.8774 -14.8765
11.092 -14.8774 -14.8766
11.096 -14.8775 -14.8766
11.1 -14.8775 -14.8766
11.104 -14.8775 -14.8766
11.108 -14.8775 -14.8766
11.112 -14.8775 -14.8766
11.116 -14.8775 -14.8766
11.12 -14.8775 -14.8766
11.124 -14.8775 -14.8767
11.128 -14.8776 -14.8767
11.132 -14.8776 -14.8767
11.136 -14.8776 -14.8767
11.14 -14.8776 -14.8767
11.144 -14.8776 -14.8767
11.148 -14.8776 -14.8768
11.152 -14.8777 -14.8768
11.156 -14.8777 -14.8768
11.16 -14.8777 -14.8768
11.164 -14.8777 -14.8768
11.168 -14.8777 -14.8769
11.172 -14.8778 -14.8769
11.176 -14.8778 -14.8769
11.18 -14.8778 -14.8769
11.184 -14.8778 -14.8769
11.188 -14.8778 -14.877
11.192 -14.8779 -14.877
11.196 -14.8779 -14.877
11.2 -14.8779 -14.877
11.204 -14.8779 -14.8771
11.208 -14.8779 -14.8771
11.212 -14.878 -14.8771
11.216 -14.878 -14.8771
11.22 -14.878 -14.8772
11.224 -14.878 -14.8772
11.228 -14.8781 -14.8772
11.232 -14.8781 -14.8772
11.236 -14.8781 -14.8773
11.24 -14.8782 -14.8773
11.244 -14.8782 -14.8773
11.248 -14.8782 -14.8773
11.252 -14.8782 -14.8774
11.256 -14.8783 -14.8774
11.26 -14.8783 -14.8774
11.264 -14.8783 -14.8775
11.268 -14.8784 -14.8775
11.272 -14.8784 -14.8775
11.276 -14.8784 -14.8776
11.28 -14.8784 -14.8776
11.284 -14.8785 -14.8776
11.288 -14.8785 -14.8777
11.292 -14.8785 -14.8777
11.296 -14.8786 -14.8777
11.3 -14.8786 -14.8778
11.304 -14.8786 -14.8778
11.308 -14.8787 -14.8778
11.312 -14.8787 -14.8779
11.316 -14.8787 -14.8779
11.32 -14.8788 -14.8779
11.324 -14.8788 -14.878
11.328 -14.8789 -14.878
11.332 -14.8789 -14.8781
11.336 -14.8789 -14.8781
11.34 -14.879 -14.8781
11.344 -14.879 -14.8782
11.348 -14.879 -14.8782
11.352 -14.8791 -14.8783
11.356 -14.8791 -14.8783
11.36 -14.8792 -14.8783
11.364 -14.8792 -14.8784
11.368 -14.8792 -14.8784
11.372 -14.8793 -14.8785
11.376 -14.8793 -14.8785
11.38 -14.8794 -14.8786
11.384 -14.8794 -14.8786
11.388 -14.8795 -14.8786
11.392 -14.8795 -14.8787
11.396 -14.8795 -14.8787
11.4 -14.8796 -14.8788
11.404 -14.8796 -14.8788
11.408 -14.8797 -14.8789
11.412 -14.8797 -14.8789
11.416 -14.8798 -14.879
11.42 -14.8798 -14.879
11.424 -14.8799 -14.8791
11.428 -14.8799 -14.8791
11.432 -14.88 -14.8792
11.436 -14.88 -14.8792
11.44 -14.8801 -14.8793
11.444 -14.8801 -14.8793
11.448 -14.8802 -14.8794
11.452 -14.8802 -14.8794
11.456 -14.8802 -14.8795
11.46 -14.8803 -14.8795
11.464 -14.8804 -14.8796
11.468 -14.8804 -14.8796
11.472 -14.8805 -14.8797
11.476 -14.8805 -14.8797
11.48 -14.8806 -14.8798
11.484 -14.8806 -14.8798
11.488 -14.8807 -14.8799
11.492 -14.8807 -14.88
11.496 -14.8808 -14.88
11.5 -14.8808 -14.8801
11.504 -14.8809 -14.8801
11.508 -14.8809 -14.8802
11.512 -14.881 -14.8802
11.516 -14.881 -14.8803
11.52 -14.8811 -14.8804
11.524 -14.8812 -14.8804
11.528 -14.8812 -14.8805
11.532 -14.8813 -14.8805
11.536 -14.8813 -14.8806
11.54 -14.8814 -14.8807
11.544 -14.8814 -14.8807
11.548 -14.8815 -14.8808
11.552 -14.8816 -14.8808
11.556 -14.8816 -14.8809
11.56 -14.8817 -14.881
11.564 -14.8817 -14.881
11.568 -14.8818 -14.8811
11.572 -14.8819 -14.8812
11.576 -14.8819 -14.8812
11.58 -14.882 -14.8813
11.584 -14.8821 -14.8814
11.588 -14.8821 -14.8814
11.592 -14.8822 -14.8815
11.596 -14.8822 -14.8815
11.6 -14.8823 -14.8816
11.604 -14.8824 -14.8817
11.608 -14.8824 -14.8817
11.612 -14.8825 -14.8818
11.616 -14.8826 -14.8819
11.62 -14.8826 -14.882
11.624 -14.8827 -14.882
11.628 -14.8828 -14.8821
11.632 -14.8828 -14.8822
11.636 -14.8829 -14.8822
11.64 -14.883 -14.8823
11.644 -14.883 -14.8824
11.648 -14.8831 -14.8824
11.652 -14.8832 -14.8825
11.656 -14.8832 -14.8826
11.66 -14.8833 -14.8827
11.664 -14.8834 -14.8827
11.668 -14.8834 -14.8828
11.672 -14.8835 -14.8829
11.676 -14.8836 -14.883
11.68 -14.8837 -14.883
11.684 -14.8837 -14.8831
11.688 -14.8838 -14.8832
11.692 -14.8839 -14.8832
11.696 -14.8839 -14.8833
11.7 -14.884 -14.8834
11.704 -14.8841 -14.8835
11.708 -14.8842 -14.8836
11.712 -14.8842 -14.8836
11.716 -14.8843 -14.8837
11.72 -14.8844 -14.8838
11.724 -14.8845 -14.8839
11.728 -14.8845 -14.8839
11.732 -14.8846 -14.884
11.736 -14.8847 -14.8841
11.74 -14.8848 -14.8842
11.744 -14.8848 -14.8843
11.748 -14.8849 -14.8843
11.752 -14.885 -14.8844
11.756 -14.8851 -14.8845
11.76 -14.8851 -14.8846
11.764 -14.8852 -14.8847
11.768 -14.8853 -14.8847
11.772 -14.8854 -14.8848
11.776 -14.8855 -14.8849
11.78 -14.8855 -14.885
11.784 -14.8856 -14.8851
11.788 -14.8857 -14.8852
11.792 -14.8858 -14.8852
11.796 -14.8859 -14.8853
11.8 -14.8859 -14.8854
11.804 -14.886 -14.8855
11.808 -14.8861 -14.8856
11.812 -14.8862 -14.8857
11.816 -14.8863 -14.8857
11.82 -14.8864 -14.8858
11.824 -14.8864 -14.8859
11.828 -14.8865 -14.886
11.832 -14.8866 -14.8861
11.836 -14.8867 -14.8862
11.84 -14.8868 -14.8863
11.844 -14.8869 -14.8864
11.848 -14.8869 -14.8864
11.852 -14.887 -14.8865
11.856 -14.8871 -14.8866
11.86 -14.8872 -14.8867
11.864 -14.8873 -14.8868
11.868 -14.8874 -14.8869
11.872 -14.8875 -14.887
11.876 -14.8875 -14.8871
11.88 -14.8876 -14.8872
11.884 -14.8877 -14.8873
11.888 -14.8878 -14.8873
11.892 -14.8879 -14.8874
11.896 -14.888 -14.8875
11.9 -14.8881 -14.8876
11.904 -14.8882 -14.8877
11.908 -14.8882 -14.8878
11.912 -14.8883 -14.8879
11.916 -14.8884 -14.888
11.92 -14.8885 -14.8881
11.924 -14.8886 -14.8882
11.928 -14.8887 -14.8883
11.932 -14.8888 -14.8884
11.936 -14.8889 -14.8885
11.94 -14.889 -14.8886
11.944 -14.8891 -14.8887
11.948 -14.8891 -14.8887
11.952 -14.8892 -14.8888
11.956 -14.8893 -14.8889
11.96 -14.8894 -14.889
11.964 -14.8895 -14.8891
11.968 -14.8896 -14.8892
11.972 -14.8897 -14.8893
11.976 -14.8898 -14.8894
11.98 -14.8899 -14.8895
11.984 -14.89 -14.8896
11.988 -14.8901 -14.8897
11.992 -14.8902 -14.8898
11.996 -14.8903 -14.8899
12 -14.8904 -14.89
12.004 -14.8905 -14.8901
12.008 -14.8906 -14.8902
12.012 -14.8906 -14.8903
12.016 -14.8907 -14.8904
12.02 -14.8908 -14.8905
12.024 -14.8909 -14.8906
12.028 -14.891 -14.8907
12.032 -14.8911 -14.8908
12.036 -14.8912 -14.8909
12.04 -14.8913 -14.891
12.044 -14.8914 -14.8911
12.048 -14.8915 -14.8912
12.052 -14.8916 -14.8913
12.056 -14.8917 -14.8914
12.06 -14.8918 -14.8915
12.064 -14.8919 -14.8916
12.068 -14.892 -14.8917
12.072 -14.8921 -14.8918
12.076 -14.8922 -14.8919
12.08 -14.8923 -14.892
12.084 -14.8924 -14.8921
12.088 -14.8925 -14.8923
12.092 -14.8926 -14.8924
12.096 -14.8927 -14.8925
12.1 -14.8928 -14.8926
12.104 -14.8929 -14.8927
12.108 -14.893 -14.8928
12.112 -14.8931 -14.8929
12.116 -14.8932 -14.893
12.12 -14.8933 -14.8931
12.124 -14.8934 -14.8932
12.128 -14.8935 -14.8933
12.132 -14.8936 -14.8934
12.136 -14.8937 -14.8935
12.14 -14.8938 -14.8936
12.144 -14.8939 -14.8937
12.148 -14.894 -14.8938
12.152 -14.8941 -14.8939
12.156 -14.8942 -14.8941
12.16 -14.8943 -14.8942
12.164 -14.8944 -14.8943
12.168 -14.8945 -14.8944
12.172 -14.8946 -14.8945
12.176 -14.8947 -14.8946
12.18 -14.8949 -14.8947
12.184 -14.895 -14.8948
12.188 -14.8951 -14.8949
12.192 -14.8952 -14.895
12.196 -14.8953 -14.8951
12.2 -14.8954 -14.8952
12.204 -14.8955 -14.8954
12.208 -14.8956 -14.8955
12.212 -14.8957 -14.8956
12.216 -14.8958 -14.8957
12.22 -14.8959 -14.8958
12.224 -14.896 -14.8959
12.228 -14.8961 -14.896
12.232 -14.8962 -14.8961
12.236 -14.8963 -14.8962
12.24 -14.8964 -14.8964
12.244 -14.8965 -14.8965
12.248 -14.8966 -14.8966
12.252 -14.8968 -14.8967
12.256 -14.8969 -14.8968
12.26 -14.897 -14.8969
12.264 -14.8971 -14.897
12.268 -14.8972 -14.8971
12.272 -14.8973 -14.8972
12.276 -14.8974 -14.8974
12.28 -14.8975 -14.8975
12.284 -14.8976 -14.8976
12.288 -14.8977 -14.8977
12.292 -14.8978 -14.8978
12.296 -14.8979 -14.8979
12.3 -14.898 -14.898
12.304 -14.8982 -14.8981
12.308 -14.8983 -14.8983
12.312 -14.8984 -14.8984
12.316 -14.8985 -14.8985
12.32 -14.8986 -14.8986
12.324 -14.8987 -14.8987
12.328 -14.8988 -14.8988
12.332 -14.8989 -14.8989
12.336 -14.899 -14.8991
12.34 -14.8991 -14.8992
12.344 -14.8992 -14.8993
12.348 -14.8994 -14.8994
12.352 -14.8995 -14.8995
12.356 -14.8996 -14.8996
12.36 -14.8997 -14.8997
12.364 -14.8998 -14.8999
12.368 -14.8999 -14.9
12.372 -14.9 -14.9001
12.376 -14.9001 -14.9002
12.38 -14.9002 -14.9003
12.384 -14.9004 -14.9004
12.388 -14.9005 -14.9006
12.392 -14.9006 -14.9007
12.396 -14.9007 -14.9008
12.4 -14.9008 -14.9009
12.404 -14.9009 -14.901
12.408 -14.901 -14.9011
12.412 -14.9011 -14.9012
12.416 -14.9012 -14.9014
12.42 -14.9013 -14.9015
12.424 -14.9015 -14.9016
12.428 -14.9016 -14.9017
12.432 -14.9017 -14.9018
12.436 -14.9018 -14.9019
12.44 -14.9019 -14.9021
12.444 -14.902 -14.9022
12.448 -14.9021 -14.9023
12.452 -14.9022 -14.9024
12.456 -14.9024 -14.9025
12.46 -14.9025 -14.9026
12.464 -14.9026 -14.9028
12.468 -14.9027 -14.9029
12.472 -14.9028 -14.903
12.476 -14.9029 -14.9031
12.48 -14.903 -14.9032
12.484 -14.9031 -14.9033
12.488 -14.9032 -14.9035
12.492 -14.9034 -14.9036
12.496 -14.9035 -14.9037
12.5 -14.9036 -14.9038
12.504 -14.9037 -14.9039
12.508 -14.9038 -14.904
12.512 -14.9039 -14.9042
12.516 -14.904 -14.9043
12.52 -14.9041 -14.9044
12.524 -14.9043 -14.9045
12.528 -14.9044 -14.9046
12.532 -14.9045 -14.9048
12.536 -14.9046 -14.9049
12.54 -14.9047 -14.905
12.544 -14.9048 -14.9051
12.548 -14.9049 -14.9052
12.552 -14.905 -14.9053
12.556 -14.9052 -14.9055
12.56 -14.9053 -14.9056
12.564 -14.9054 -14.9057
12.568 -14.9055 -14.9058
12.572 -14.9056 -14.9059
12.576 -14.9057 -14.906
12.58 -14.9058 -14.9062
12.584 -14.9059 -14.9063
12.588 -14.9061 -14.9064
12.592 -14.9062 -14.9065
12.596 -14.9063 -14.9066
12.6 -14.9064 -14.9067
12.604 -14.9065 -14.9069
12.608 -14.9066 -14.907
12.612 -14.9067 -14.9071
12.616 -14.9068 -14.9072
12.62 -14.907 -14.9073
12.624 -14.9071 -14.9075
12.628 -14.9072 -14.9076
12.632 -14.9073 -14.9077
12.636 -14.9074 -14.9078
12.64 -14.9075 -14.9079
12.644 -14.9076 -14.908
12.648 -14.9077 -14.9082
12.652 -14.9079 -14.9083
12.656 -14.908 -14.9084
12.66 -14.9081 -14.9085
12.664 -14.9082 -14.9086
12.668 -14.9083 -14.9087
12.672 -14.9084 -14.9089
12.676 -14.9085 -14.909
12.68 -14.9086 -14.9091
12.684 -14.9088 -14.9092
12.688 -14.9089 -14.9093
12.692 -14.909 -14.9094
12.696 -14.9091 -14.9096
12.7 -14.9092 -14.9097
12.704 -14.9093 -14.9098
12.708 -14.9094 -14.9099
12.712 -14.9095 -14.91
12.716 -14.9096 -14.9101
12.72 -14.9098 -14.9103
12.724 -14.9099 -14.9104
12.728 -14.91 -14.9105
12.732 -14.9101 -14.9106
12.736 -14.9102 -14.9107
12.74 -14.9103 -14.9108
12.744 -14.9104 -14.911
12.748 -14.9105 -14.9111
12.752 -14.9106 -14.9112
12.756 -14.9108 -14.9113
12.76 -14.9109 -14.9114
12.764 -14.911 -14.9115
12.768 -14.9111 -14.9116
12.772 -14.9112 -14.9118
12.776 -14.9113 -14.9119
12.78 -14.9114 -14.912
12.784 -14.9115 -14.9121
12.788 -14.9116 -14.9122
12.792 -14.9117 -14.9123
12.796 -14.9119 -14.9124
12.8 -14.912 -14.9126
12.804 -14.9121 -14.9127
12.808 -14.9122 -14.9128
12.812 -14.9123 -14.9129
12.816 -14.9124 -14.913
12.82 -14.9125 -14.9131
12.824 -14.9126 -14.9132
12.828 -14.9127 -14.9134
12.832 -14.9128 -14.9135
12.836 -14.9129 -14.9136
12.84 -14.9131 -14.9137
12.844 -14.9132 -14.9138
12.848 -14.9133 -14.9139
12.852 -14.9134 -14.914
12.856 -14.9135 -14.9141
12.86 -14.9136 -14.9143
12.864 -14.9137 -14.9144
12.868 -14.9138 -14.9145
12.872 -14.9139 -14.9146
12.876 -14.914 -14.9147
12.88 -14.9141 -14.9148
12.884 -14.9142 -14.9149
12.888 -14.9143 -14.915
12.892 -14.9144 -14.9152
12.896 -14.9146 -14.9153
12.9 -14.9147 -14.9154
12.904 -14.9148 -14.9155
12.908 -14.9149 -14.9156
12.912 -14.915 -14.9157
12.916 -14.9151 -14.9158
12.92 -14.9152 -14.9159
12.924 -14.9153 -14.916
12.928 -14.9154 -14.9162
12.932 -14.9155 -14.9163
12.936 -14.9156 -14.9164
12.94 -14.9157 -14.9165
12.944 -14.9158 -14.9166
12.948 -14.9159 -14.9167
12.952 -14.916 -14.9168
12.956 -14.9161 -14.9169
12.96 -14.9162 -14.917
12.964 -14.9163 -14.9171
12.968 -14.9164 -14.9172
12.972 -14.9166 -14.9173
12.976 -14.9167 -14.9175
12.98 -14.9168 -14.9176
12.984 -14.9169 -14.9177
12.988 -14.917 -14.9178
12.992 -14.9171 -14.9179
12.996 -14.9172 -14.918
13 -14.9173 -14.9181
13.004 -14.9174 -14.9182
13.008 -14.9175 -14.9183
13.012 -14.9176 -14.9184
13.016 -14.9177 -14.9185
13.02 -14.9178 -14.9186
13.024 -14.9179 -14.9187
13.028 -14.918 -14.9188
13.032 -14.9181 -14.9189
13.036 -14.9182 -14.9191
13.04 -14.9183 -14.9192
13.044 -14.9184 -14.9193
13.048 -14.9185 -14.9194
13.052 -14.9186 -14.9195
13.056 -14.9187 -14.9196
13.06 -14.9188 -14.9197
13.064 -14.9189 -14.9198
13.068 -14.919 -14.9199
13.072 -14.9191 -14.92
13.076 -14.9192 -14.9201
13.08 -14.9193 -14.9202
13.084 -14.9194 -14.9203
13.088 -14.9195 -14.9204
13.092 -14.9196 -14.9205
13.096 -14.9197 -14.9206
13.1 -14.9198 -14.9207
13.104 -14.9199 -14.9208
13.108 -14.92 -14.9209
13.112 -14.92 -14.921
13.116 -14.9201 -14.9211
13.12 -14.9202 -14.9212
13.124 -14.9203 -14.9213
13.128 -14.9204 -14.9214
13.132 -14.9205 -14.9215
13.136 -14.9206 -14.9216
13.14 -14.9207 -14.9217
13.144 -14.9208 -14.9218
13.148 -14.9209 -14.9219
13.152 -14.921 -14.922
13.156 -14.9211 -14.9221
13.16 -14.9212 -14.9222
13.164 -14.9213 -14.9223
13.168 -14.9214 -14.9224
13.172 -14.9215 -14.9225
13.176 -14.9216 -14.9226
13.18 -14.9216 -14.9227
13.184 -14.9217 -14.9228
13.188 -14.9218 -14.9229
13.192 -14.9219 -14.923
13.196 -14.922 -14.9231
13.2 -14.9221 -14.9231
13.204 -14.9222 -14.9232
13.208 -14.9223 -14.9233
13.212 -14.9224 -14.9234
13.216 -14.9225 -14.9235
13.22 -14.9226 -14.9236
13.224 -14.9226 -14.9237
13.228 -14.9227 -14.9238
13.232 -14.9228 -14.9239
13.236 -14.9229 -14.924
13.24 -14.923 -14.9241
13.244 -14.9231 -14.9242
13.248 -14.9232 -14.9243
13.252 -14.9233 -14.9244
13.256 -14.9233 -14.9244
13.26 -14.9234 -14.9245
13.264 -14.9235 -14.9246
13.268 -14.9236 -14.9247
13.272 -14.9237 -14.9248
13.276 -14.9238 -14.9249
13.28 -14.9239 -14.925
13.284 -14.9239 -14.9251
13.288 -14.924 -14.9252
13.292 -14.9241 -14.9253
13.296 -14.9242 -14.9253
13.3 -14.9243 -14.9254
13.304 -14.9244 -14.9255
13.308 -14.9244 -14.9256
13.312 -14.9245 -14.9257
13.316 -14.9246 -14.9258
13.32 -14.9247 -14.9259
13.324 -14.9248 -14.9259
13.328 -14.9249 -14.926
13.332 -14.9249 -14.9261
13.336 -14.925 -14.9262
13.34 -14.9251 -14.9263
13.344 -14.9252 -14.9264
13.348 -14.9253 -14.9265
13.352 -14.9253 -14.9265
13.356 -14.9254 -14.9266
13.36 -14.9255 -14.9267
13.364 -14.9256 -14.9268
13.368 -14.9257 -14.9269
13.372 -14.9257 -14.9269
13.376 -14.9258 -14.927
13.38 -14.9259 -14.9271
13.384 -14.926 -14.9272
13.388 -14.926 -14.9273
13.392 -14.9261 -14.9273
13.396 -14.9262 -14.9274
13.4 -14.9263 -14.9275
13.404 -14.9263 -14.9276
13.408 -14.9264 -14.9277
13.412 -14.9265 -14.9277
13.416 -14.9266 -14.9278
13.42 -14.9266 -14.9279
13.424 -14.9267 -14.928
13.428 -14.9268 -14.9281
13.432 -14.9269 -14.9281
13.436 -14.9269 -14.9282
13.44 -14.927 -14.9283
13.444 -14.9271 -14.9284
13.448 -14.9272 -14.9284
13.452 -14.9272 -14.9285
13.456 -14.9273 -14.9286
13.46 -14.9274 -14.9287
13.464 -14.9274 -14.9287
13.468 -14.9275 -14.9288
13.472 -14.9276 -14.9289
13.476 -14.9276 -14.9289
13.48 -14.9277 -14.929
13.484 -14.9278 -14.9291
13.488 -14.9279 -14.9292
13.492 -14.9279 -14.9292
13.496 -14.928 -14.9293
13.5 -14.9281 -14.9294
13.504 -14.9281 -14.9294
13.508 -14.9282 -14.9295
13.512 -14.9283 -14.9296
13.516 -14.9283 -14.9296
13.52 -14.9284 -14.9297
13.524 -14.9285 -14.9298
13.528 -14.9285 -14.9298
13.532 -14.9286 -14.9299
13.536 -14.9286 -14.93
13.54 -14.9287 -14.93
13.544 -14.9288 -14.9301
13.548 -14.9288 -14.9302
13.552 -14.9289 -14.9302
13.556 -14.929 -14.9303
13.56 -14.929 -14.9304
13.564 -14.9291 -14.9304
13.568 -14.9291 -14.9305
13.572 -14.9292 -14.9306
13.576 -14.9293 -14.9306
13.58 -14.9293 -14.9307
13.584 -14.9294 -14.9308
13.588 -14.9294 -14.9308
13.592 -14.9295 -14.9309
13.596 -14.9296 -14.9309
13.6 -14.9296 -14.931
13.604 -14.9297 -14.9311
13.608 -14.9297 -14.9311
13.612 -14.9298 -14.9312
13.616 -14.9298 -14.9312
13.62 -14.9299 -14.9313
13.624 -14.93 -14.9313
13.628 -14.93 -14.9314
13.632 -14.9301 -14.9315
13.636 -14.9301 -14.9315
13.64 -14.9302 -14.9316
13.644 -14.9302 -14.9316
13.648 -14.9303 -14.9317
13.652 -14.9303 -14.9317
13.656 -14.9304 -14.9318
13.66 -14.9304 -14.9319
13.664 -14.9305 -14.9319
13.668 -14.9305 -14.932
13.672 -14.9306 -14.932
13.676 -14.9306 -14.9321
13.68 -14.9307 -14.9321
13.684 -14.9307 -14.9322
13.688 -14.9308 -14.9322
13.692 -14.9308 -14.9323
13.696 -14.9309 -14.9323
13.7 -14.9309 -14.9324
13.704 -14.931 -14.9324
13.708 -14.931 -14.9325
13.712 -14.9311 -14.9325
13.716 -14.9311 -14.9326
13.72 -14.9312 -14.9326
13.724 -14.9312 -14.9327
13.728 -14.9312 -14.9327
13.732 -14.9313 -14.9328
13.736 -14.9313 -14.9328
13.74 -14.9314 -14.9328
13.744 -14.9314 -14.9329
13.748 -14.9315 -14.9329
13.752 -14.9315 -14.933
13.756 -14.9316 -14.933
13.76 -14.9316 -14.9331
13.764 -14.9316 -14.9331
13.768 -14.9317 -14.9332
13.772 -14.9317 -14.9332
13.776 -14.9318 -14.9332
13.78 -14.9318 -14.9333
13.784 -14.9318 -14.9333
13.788 -14.9319 -14.9334
13.792 -14.9319 -14.9334
13.796 -14.9319 -14.9334
13.8 -14.932 -14.9335
13.804 -14.932 -14.9335
13.808 -14.9321 -14.9336
13.812 -14.9321 -14.9336
13.816 -14.9321 -14.9336
13.82 -14.9322 -14.9337
13.824 -14.9322 -14.9337
13.828 -14.9322 -14.9337
13.832 -14.9323 -14.9338
13.836 -14.9323 -14.9338
13.84 -14.9323 -14.9338
13.844 -14.9324 -14.9339
13.848 -14.9324 -14.9339
13.852 -14.9324 -14.9339
13.856 -14.9325 -14.934
13.86 -14.9325 -14.934
13.864 -14.9325 -14.934
13.868 -14.9326 -14.9341
13.872 -14.9326 -14.9341
13.876 -14.9326 -14.9341
13.88 -14.9326 -14.9342
13.884 -14.9327 -14.9342
13.888 -14.9327 -14.9342
13.892 -14.9327 -14.9343
13.896 -14.9328 -14.9343
13.9 -14.9328 -14.9343
13.904 -14.9328 -14.9343
13.908 -14.9328 -14.9344
13.912 -14.9329 -14.9344
13.916 -14.9329 -14.9344
13.92 -14.9329 -14.9344
13.924 -14.9329 -14.9345
13.928 -14.933 -14.9345
13.932 -14.933 -14.9345
13.936 -14.933 -14.9345
13.94 -14.933 -14.9346
13.944 -14.933 -14.9346
13.948 -14.9331 -14.9346
13.952 -14.9331 -14.9346
13.956 -14.9331 -14.9347
13.96 -14.9331 -14.9347
13.964 -14.9331 -14.9347
13.968 -14.9332 -14.9347
13.972 -14.9332 -14.9347
13.976 -14.9332 -14.9348
13.98 -14.9332 -14.9348
13.984 -14.9332 -14.9348
13.988 -14.9333 -14.9348
13.992 -14.9333 -14.9348
13.996 -14.9333 -14.9348
14 -14.9333 -14.9349
14.004 -14.9333 -14.9349
14.008 -14.9333 -14.9349
14.012 -14.9333 -14.9349
14.016 -14.9334 -14.9349
14.02 -14.9334 -14.9349
14.024 -14.9334 -14.9349
14.028 -14.9334 -14.935
14.032 -14.9334 -14.935
14.036 -14.9334 -14.935
14.04 -14.9334 -14.935
14.044 -14.9334 -14.935
14.048 -14.9335 -14.935
14.052 -14.9335 -14.935
14.056 -14.9335 -14.935
14.06 -14.9335 -14.935
14.064 -14.9335 -14.9351
14.068 -14.9335 -14.9351
14.072 -14.9335 -14.9351
14.076 -14.9335 -14.9351
14.08 -14.9335 -14.9351
14.084 -14.9335 -14.9351
14.088 -14.9335 -14.9351
14.092 -14.9335 -14.9351
14.096 -14.9335 -14.9351
14.1 -14.9335 -14.9351
14.104 -14.9335 -14.9351
14.108 -14.9335 -14.9351
14.112 -14.9336 -14.9351
14.116 -14.9336 -14.9351
14.12 -14.9336 -14.9351
14.124 -14.9336 -14.9351
14.128 -14.9336 -14.9351
14.132 -14.9336 -14.9351
14.136 -14.9336 -14.9351
14.14 -14.9336 -14.9351
14.144 -14.9336 -14.9351
14.148 -14.9336 -14.9351
14.152 -14.9336 -14.9351
14.156 -14.9336 -14.9351
14.16 -14.9336 -14.9351
14.164 -14.9335 -14.9351
14.168 -14.9335 -14.9351
14.172 -14.9335 -14.9351
14.176 -14.9335 -14.9351
14.18 -14.9335 -14.9351
14.184 -14.9335 -14.9351
14.188 -14.9335 -14.9351
14.192 -14.9335 -14.9351
14.196 -14.9335 -14.9351
14.2 -14.9335 -14.9351
14.204 -14.9335 -14.9351
14.208 -14.9335 -14.9351
14.212 -14.9335 -14.935
14.216 -14.9335 -14.935
14.22 -14.9335 -14.935
14.224 -14.9335 -14.935
14.228 -14.9334 -14.935
14.232 -14.9334 -14.935
14.236 -14.9334 -14.935
14.24 -14.9334 -14.935
14.244 -14.9334 -14.935
14.248 -14.9334 -14.9349
14.252 -14.9334 -14.9349
14.256 -14.9334 -14.9349
14.26 -14.9333 -14.9349
14.264 -14.9333 -14.9349
14.268 -14.9333 -14.9349
14.272 -14.9333 -14.9349
14.276 -14.9333 -14.9348
14.28 -14.9333 -14.9348
14.284 -14.9333 -14.9348
14.288 -14.9332 -14.9348
14.292 -14.9332 -14.9348
14.296 -14.9332 -14.9348
14.3 -14.9332 -14.9347
14.304 -14.9332 -14.9347
14.308 -14.9331 -14.9347
14.312 -14.9331 -14.9347
14.316 -14.9331 -14.9347
14.32 -14.9331 -14.9346
14.324 -14.9331 -14.9346
14.328 -14.933 -14.9346
14.332 -14.933 -14.9346
14.336 -14.933 -14.9345
14.34 -14.933 -14.9345
14.344 -14.933 -14.9345
14.348 -14.9329 -14.9345
14.352 -14.9329 -14.9345
14.356 -14.9329 -14.9344
14.36 -14.9329 -14.9344
14.364 -14.9328 -14.9344
14.368 -14.9328 -14.9343
14.372 -14.9328 -14.9343
14.376 -14.9328 -14.9343
14.38 -14.9327 -14.9343
14.384 -14.9327 -14.9342
14.388 -14.9327 -14.9342
14.392 -14.9326 -14.9342
14.396 -14.9326 -14.9341
14.4 -14.9326 -14.9341
14.404 -14.9326 -14.9341
14.408 -14.9325 -14.9341
14.412 -14.9325 -14.934
14.416 -14.9325 -14.934
14.42 -14.9324 -14.934
14.424 -14.9324 -14.9339
14.428 -14.9324 -14.9339
14.432 -14.9323 -14.9339
14.436 -14.9323 -14.9338
14.44 -14.9323 -14.9338
14.444 -14.9322 -14.9338
14.448 -14.9322 -14.9337
14.452 -14.9322 -14.9337
14.456 -14.9321 -14.9336
14.46 -14.9321 -14.9336
14.464 -14.9321 -14.9336
14.468 -14.932 -14.9335
14.472 -14.932 -14.9335
14.476 -14.9319 -14.9335
14.48 -14.9319 -14.9334
14.484 -14.9319 -14.9334
14.488 -14.9318 -14.9333
14.492 -14.9318 -14.9333
14.496 -14.9318 -14.9333
14.5 -14.9317 -14.9332
14.504 -14.9317 -14.9332
14.508 -14.9316 -14.9331
14.512 -14.9316 -14.9331
14.516 -14.9315 -14.933
14.52 -14.9315 -14.933
14.524 -14.9315 -14.933
14.528 -14.9314 -14.9329
14.532 -14.9314 -14.9329
14.536 -14.9313 -14.9328
14.54 -14.9313 -14.9328
14.544 -14.9312 -14.9327
14.548 -14.9312 -14.9327
14.552 -14.9312 -14.9326
14.556 -14.9311 -14.9326
14.56 -14.9311 -14.9325
14.564 -14.931 -14.9325
14.568 -14.931 -14.9324
14.572 -14.9309 -14.9324
14.576 -14.9309 -14.9323
14.58 -14.9308 -14.9323
14.584 -14.9308 -14.9322
14.588 -14.9307 -14.9322
14.592 -14.9307 -14.9321
14.596 -14.9306 -14.9321
14.6 -14.9306 -14.932
14.604 -14.9305 -14.932
14.608 -14.9305 -14.9319
14.612 -14.9304 -14.9319
14.616 -14.9304 -14.9318
14.62 -14.9303 -14.9318
14.624 -14.9303 -14.9317
14.628 -14.9302 -14.9317
14.632 -14.9302 -14.9316
14.636 -14.9301 -14.9315
14.64 -14.9301 -14.9315
14.644 -14.93 -14.9314
14.648 -14.9299 -14.9314
14.652 -14.9299 -14.9313
14.656 -14.9298 -14.9313
14.66 -14.9298 -14.9312
14.664 -14.9297 -14.9311
14.668 -14.9297 -14.9311
14.672 -14.9296 -14.931
14.676 -14.9296 -14.931
14.68 -14.9295 -14.9309
14.684 -14.9294 -14.9308
14.688 -14.9294 -14.9308
14.692 -14.9293 -14.9307
14.696 -14.9293 -14.9307
14.7 -14.9292 -14.9306
14.704 -14.9291 -14.9305
14.708 -14.9291 -14.9305
14.712 -14.929 -14.9304
14.716 -14.929 -14.9303
14.72 -14.9289 -14.9303
14.724 -14.9288 -14.9302
14.728 -14.9288 -14.9301
14.732 -14.9287 -14.9301
14.736 -14.9286 -14.93
14.74 -14.9286 -14.9299
14.744 -14.9285 -14.9299
14.748 -14.9284 -14.9298
14.752 -14.9284 -14.9297
14.756 -14.9283 -14.9297
14.76 -14.9282 -14.9296
14.764 -14.9282 -14.9295
14.768 -14.9281 -14.9295
14.772 -14.9281 -14.9294
14.776 -14.928 -14.9293
14.78 -14.9279 -14.9293
14.784 -14.9278 -14.9292
14.788 -14.9278 -14.9291
14.792 -14.9277 -14.929
14.796 -14.9276 -14.929
14.8 -14.9276 -14.9289
14.804 -14.9275 -14.9288
14.808 -14.9274 -14.9288
14.812 -14.9274 -14.9287
14.816 -14.9273 -14.9286
14.82 -14.9272 -14.9285
14.824 -14.9272 -14.9285
14.828 -14.9271 -14.9284
14.832 -14.927 -14.9283
14.836 -14.9269 -14.9282
14.84 -14.9269 -14.9282
14.844 -14.9268 -14.9281
14.848 -14.9267 -14.928
14.852 -14.9266 -14.9279
14.856 -14.9266 -14.9279
14.86 -14.9265 -14.9278
14.864 -14.9264 -14.9277
14.868 -14.9263 -14.9276
14.872 -14.9263 -14.9275
14.876 -14.9262 -14.9275
14.88 -14.9261 -14.9274
14.884 -14.926 -14.9273
14.888 -14.926 -14.9272
14.892 -14.9259 -14.9271
14.896 -14.9258 -14.9271
14.9 -14.9257 -14.927
14.904 -14.9257 -14.9269
14.908 -14.9256 -14.9268
14.912 -14.9255 -14.9267
14.916 -14.9254 -14.9267
14.92 -14.9253 -14.9266
14.924 -14.9253 -14.9265
14.928 -14.9252 -14.9264
14.932 -14.9251 -14.9263
14.936 -14.925 -14.9262
14.94 -14.9249 -14.9261
14.944 -14.9249 -14.9261
14.948 -14.9248 -14.926
14.952 -14.9247 -14.9259
14.956 -14.9246 -14.9258
14.96 -14.9245 -14.9257
14.964 -14.9244 -14.9256
14.968 -14.9244 -14.9255
14.972 -14.9243 -14.9255
14.976 -14.9242 -14.9254
14.98 -14.9241 -14.9253
14.984 -14.924 -14.9252
14.988 -14.9239 -14.9251
14.992 -14.9239 -14.925
14.996 -14.9238 -14.9249
