0.012 4.12307
0.016 4.1231
0.02 4.12312
0.024 4.12315
0.028 4.12317
0.032 4.1232
0.036 4.12322
0.04 4.12324
0.044 4.12327
0.048 4.12329
0.052 4.12332
0.056 4.12334
0.06 4.12337
0.064 4.12339
0.068 4.12341
0.072 4.12344
0.076 4.12346
0.08 4.12349
0.084 4.12351
0.088 4.12354
0.092 4.12356
0.096 4.12358
0.1 4.12361
0.104 4.12363
0.108 4.12366
0.112 4.12368
0.116 4.1237
0.12 4.12373
0.124 4.12375
0.128 4.12378
0.132 4.1238
0.136 4.12383
0.14 4.12385
0.144 4.12387
0.148 4.1239
0.152 4.12392
0.156 4.12395
0.16 4.12397
0.164 4.12399
0.168 4.12402
0.172 4.12404
0.176 4.12407
0.18 4.12409
0.184 4.12411
0.188 4.12414
0.192 4.12416
0.196 4.12419
0.2 4.12421
0.204 4.12423
0.208 4.12426
0.212 4.12428
0.216 4.1243
0.22 4.12433
0.224 4.12435
0.228 4.12438
0.232 4.1244
0.236 4.12442
0.24 4.12445
0.244 4.12447
0.248 4.12449
0.252 4.12452
0.256 4.12454
0.26 4.12456
0.264 4.12459
0.268 4.12461
0.272 4.12463
0.276 4.12466
0.28 4.12468
0.284 4.12471
0.288 4.12473
0.292 4.12475
0.296 4.12477
0.3 4.1248
0.304 4.12482
0.308 4.12484
0.312 4.12487
0.316 4.12489
0.32 4.12491
0.324 4.12494
0.328 4.12496
0.332 4.12498
0.336 4.12501
0.34 4.12503
0.344 4.12505
0.348 4.12508
0.352 4.1251
0.356 4.12512
0.36 4.12514
0.364 4.12517
0.368 4.12519
0.372 4.12521
0.376 4.12523
0.38 4.12526
0.384 4.12528
0.388 4.1253
0.392 4.12532
0.396 4.12535
0.4 4.12537
0.404 4.12539
0.408 4.12541
0.412 4.12544
0.416 4.12546
0.42 4.12548
0.424 4.1255
0.428 4.12553
0.432 4.12555
0.436 4.12557
0.44 4.12559
0.444 4.12561
0.448 4.12564
0.452 4.12566
0.456 4.12568
0.46 4.1257
0.464 4.12572
0.468 4.12574
0.472 4.12577
0.476 4.12579
0.48 4.12581
0.484 4.12583
0.488 4.12585
0.492 4.12587
0.496 4.1259
0.5 4.12592
0.504 4.12594
0.508 4.12596
0.512 4.12598
0.516 4.126
0.52 4.12602
0.524 4.12604
0.528 4.12607
0.532 4.12609
0.536 4.12611
0.54 4.12613
0.544 4.12615
0.548 4.12617
0.552 4.12619
0.556 4.12621
0.56 4.12623
0.564 4.12625
0.568 4.12627
0.572 4.12629
0.576 4.12631
0.58 4.12633
0.584 4.12635
0.588 4.12637
0.592 4.1264
0.596 4.12642
0.6 4.12644
0.604 4.12646
0.608 4.12648
0.612 4.1265
0.616 4.12652
0.62 4.12654
0.624 4.12655
0.628 4.12657
0.632 4.12659
0.636 4.12661
0.64 4.12663
0.644 4.12665
0.648 4.12667
0.652 4.12669
0.656 4.12671
0.66 4.12673
0.664 4.12675
0.668 4.12677
0.672 4.12679
0.676 4.12681
0.68 4.12683
0.684 4.12684
0.688 4.12686
0.692 4.12688
0.696 4.1269
0.7 4.12692
0.704 4.12694
0.708 4.12696
0.712 4.12698
0.716 4.12699
0.72 4.12701
0.724 4.12703
0.728 4.12705
0.732 4.12707
0.736 4.12708
0.74 4.1271
0.744 4.12712
0.748 4.12714
0.752 4.12716
0.756 4.12717
0.76 4.12719
0.764 4.12721
0.768 4.12723
0.772 4.12724
0.776 4.12726
0.78 4.12728
0.784 4.1273
0.788 4.12731
0.792 4.12733
0.796 4.12735
0.8 4.12736
0.804 4.12738
0.808 4.1274
0.812 4.12742
0.816 4.12743
0.82 4.12745
0.824 4.12747
0.828 4.12748
0.832 4.1275
0.836 4.12751
0.84 4.12753
0.844 4.12755
0.848 4.12756
0.852 4.12758
0.856 4.1276
0.86 4.12761
0.864 4.12763
0.868 4.12764
0.872 4.12766
0.876 4.12767
0.88 4.12769
0.884 4.1277
0.888 4.12772
0.892 4.12774
0.896 4.12775
0.9 4.12777
0.904 4.12778
0.908 4.1278
0.912 4.12781
0.916 4.12783
0.92 4.12784
0.924 4.12786
0.928 4.12787
0.932 4.12788
0.936 4.1279
0.94 4.12791
0.944 4.12793
0.948 4.12794
0.952 4.12796
0.956 4.12797
0.96 4.12798
0.964 4.128
0.968 4.12801
0.972 4.12803
0.976 4.12804
0.98 4.12805
0.984 4.12807
0.988 4.12808
0.992 4.12809
0.996 4.12811
1 4.12812
1.004 4.12813
1.008 4.12815
1.012 4.12816
1.016 4.12817
1.02 4.12818
1.024 4.1282
1.028 4.12821
1.032 4.12822
1.036 4.12823
1.04 4.12825
1.044 4.12826
1.048 4.12827
1.052 4.12828
1.056 4.1283
1.06 4.12831
1.064 4.12832
1.068 4.12833
1.072 4.12834
1.076 4.12835
1.08 4.12837
1.084 4.12838
1.088 4.12839
1.092 4.1284
1.096 4.12841
1.1 4.12842
1.104 4.12843
1.108 4.12844
1.112 4.12846
1.116 4.12847
1.12 4.12848
1.124 4.12849
1.128 4.1285
1.132 4.12851
1.136 4.12852
1.14 4.12853
1.144 4.12854
1.148 4.12855
1.152 4.12856
1.156 4.12857
1.16 4.12858
1.164 4.12859
1.168 4.1286
1.172 4.12861
1.176 4.12862
1.18 4.12863
1.184 4.12863
1.188 4.12864
1.192 4.12865
1.196 4.12866
1.2 4.12867
1.204 4.12868
1.208 4.12869
1.212 4.1287
1.216 4.12871
1.22 4.12871
1.224 4.12872
1.228 4.12873
1.232 4.12874
1.236 4.12875
1.24 4.12875
1.244 4.12876
1.248 4.12877
1.252 4.12878
1.256 4.12879
1.26 4.12879
1.264 4.1288
1.268 4.12881
1.272 4.12881
1.276 4.12882
1.28 4.12883
1.284 4.12884
1.288 4.12884
1.292 4.12885
1.296 4.12886
1.3 4.12886
1.304 4.12887
1.308 4.12888
1.312 4.12888
1.316 4.12889
1.32 4.12889
1.324 4.1289
1.328 4.12891
1.332 4.12891
1.336 4.12892
1.34 4.12892
1.344 4.12893
1.348 4.12893
1.352 4.12894
1.356 4.12894
1.36 4.12895
1.364 4.12895
1.368 4.12896
1.372 4.12896
1.376 4.12897
1.38 4.12897
1.384 4.12898
1.388 4.12898
1.392 4.12899
1.396 4.12899
1.4 4.129
1.404 4.129
1.408 4.129
1.412 4.12901
1.416 4.12901
1.42 4.12901
1.424 4.12902
1.428 4.12902
1.432 4.12903
1.436 4.12903
1.44 4.12903
1.444 4.12904
1.448 4.12904
1.452 4.12904
1.456 4.12904
1.46 4.12905
1.464 4.12905
1.468 4.12905
1.472 4.12905
1.476 4.12906
1.48 4.12906
1.484 4.12906
1.488 4.12906
1.492 4.12907
1.496 4.12907
1.5 4.12907
1.504 4.12907
1.508 4.12907
1.512 4.12907
1.516 4.12907
1.52 4.12908
1.524 4.12908
1.528 4.12908
1.532 4.12908
1.536 4.12908
1.54 4.12908
1.544 4.12908
1.548 4.12908
1.552 4.12908
1.556 4.12908
1.56 4.12908
1.564 4.12908
1.568 4.12908
1.572 4.12908
1.576 4.12908
1.58 4.12908
1.584 4.12908
1.588 4.12908
1.592 4.12908
1.596 4.12908
1.6 4.12908
1.604 4.12908
1.608 4.12908
1.612 4.12908
1.616 4.12908
1.62 4.12908
1.624 4.12908
1.628 4.12907
1.632 4.12907
1.636 4.12907
1.64 4.12907
1.644 4.12907
1.648 4.12907
1.652 4.12906
1.656 4.12906
1.66 4.12906
1.664 4.12906
1.668 4.12905
1.672 4.12905
1.676 4.12905
1.68 4.12905
1.684 4.12904
1.688 4.12904
1.692 4.12904
1.696 4.12904
1.7 4.12903
1.704 4.12903
1.708 4.12903
1.712 4.12902
1.716 4.12902
1.72 4.12902
1.724 4.12901
1.728 4.12901
1.732 4.129
1.736 4.129
1.74 4.129
1.744 4.12899
1.748 4.12899
1.752 4.12898
1.756 4.12898
1.76 4.12897
1.764 4.12897
1.768 4.12897
1.772 4.12896
1.776 4.12896
1.78 4.12895
1.784 4.12895
1.788 4.12894
1.792 4.12893
1.796 4.12893
1.8 4.12892
1.804 4.12892
1.808 4.12891
1.812 4.12891
1.816 4.1289
1.82 4.1289
1.824 4.12889
1.828 4.12888
1.832 4.12888
1.836 4.12887
1.84 4.12886
1.844 4.12886
1.848 4.12885
1.852 4.12884
1.856 4.12884
1.86 4.12883
1.864 4.12882
1.868 4.12882
1.872 4.12881
1.876 4.1288
1.88 4.12879
1.884 4.12879
1.888 4.12878
1.892 4.12877
1.896 4.12876
1.9 4.12876
1.904 4.12875
1.908 4.12874
1.912 4.12873
1.916 4.12872
1.92 4.12872
1.924 4.12871
1.928 4.1287
1.932 4.12869
1.936 4.12868
1.94 4.12867
1.944 4.12866
1.948 4.12866
1.952 4.12865
1.956 4.12864
1.96 4.12863
1.964 4.12862
1.968 4.12861
1.972 4.1286
1.976 4.12859
1.98 4.12858
1.984 4.12857
1.988 4.12856
1.992 4.12855
1.996 4.12854
2 4.12853
2.004 4.12852
2.008 4.12851
2.012 4.1285
2.016 4.12849
2.02 4.12848
2.024 4.12847
2.028 4.12846
2.032 4.12845
2.036 4.12844
2.04 4.12842
2.044 4.12841
2.048 4.1284
2.052 4.12839
2.056 4.12838
2.06 4.12837
2.064 4.12836
2.068 4.12835
2.072 4.12833
2.076 4.12832
2.08 4.12831
2.084 4.1283
2.088 4.12829
2.092 4.12827
2.096 4.12826
2.1 4.12825
2.104 4.12824
2.108 4.12823
2.112 4.12821
2.116 4.1282
2.12 4.12819
2.124 4.12817
2.128 4.12816
2.132 4.12815
2.136 4.12814
2.14 4.12812
2.144 4.12811
2.148 4.1281
2.152 4.12808
2.156 4.12807
2.16 4.12806
2.164 4.12804
2.168 4.12803
2.172 4.12802
2.176 4.128
2.18 4.12799
2.184 4.12797
2.188 4.12796
2.192 4.12795
2.196 4.12793
2.2 4.12792
2.204 4.1279
2.208 4.12789
2.212 4.12787
2.216 4.12786
2.22 4.12784
2.224 4.12783
2.228 4.12781
2.232 4.1278
2.236 4.12778
2.24 4.12777
2.244 4.12775
2.248 4.12774
2.252 4.12772
2.256 4.12771
2.26 4.12769
2.264 4.12768
2.268 4.12766
2.272 4.12765
2.276 4.12763
2.28 4.12761
2.284 4.1276
2.288 4.12758
2.292 4.12757
2.296 4.12755
2.3 4.12753
2.304 4.12752
2.308 4.1275
2.312 4.12749
2.316 4.12747
2.32 4.12745
2.324 4.12744
2.328 4.12742
2.332 4.1274
2.336 4.12739
2.34 4.12737
2.344 4.12735
2.348 4.12733
2.352 4.12732
2.356 4.1273
2.36 4.12728
2.364 4.12727
2.368 4.12725
2.372 4.12723
2.376 4.12721
2.38 4.1272
2.384 4.12718
2.388 4.12716
2.392 4.12714
2.396 4.12712
2.4 4.12711
2.404 4.12709
2.408 4.12707
2.412 4.12705
2.416 4.12703
2.42 4.12702
2.424 4.127
2.428 4.12698
2.432 4.12696
2.436 4.12694
2.44 4.12692
2.444 4.12691
2.448 4.12689
2.452 4.12687
2.456 4.12685
2.46 4.12683
2.464 4.12681
2.468 4.12679
2.472 4.12677
2.476 4.12675
2.48 4.12673
2.484 4.12672
2.488 4.1267
2.492 4.12668
2.496 4.12666
2.5 4.12664
2.504 4.12662
2.508 4.1266
2.512 4.12658
2.516 4.12656
2.52 4.12654
2.524 4.12652
2.528 4.1265
2.532 4.12648
2.536 4.12646
2.54 4.12644
2.544 4.12642
2.548 4.1264
2.552 4.12638
2.556 4.12636
2.56 4.12634
2.564 4.12632
2.568 4.1263
2.572 4.12628
2.576 4.12626
2.58 4.12624
2.584 4.12622
2.588 4.1262
2.592 4.12617
2.596 4.12615
2.6 4.12613
2.604 4.12611
2.608 4.12609
2.612 4.12607
2.616 4.12605
2.62 4.12603
2.624 4.12601
2.628 4.12599
2.632 4.12596
2.636 4.12594
2.64 4.12592
2.644 4.1259
2.648 4.12588
2.652 4.12586
2.656 4.12584
2.66 4.12581
2.664 4.12579
2.668 4.12577
2.672 4.12575
2.676 4.12573
2.68 4.12571
2.684 4.12568
2.688 4.12566
2.692 4.12564
2.696 4.12562
2.7 4.1256
2.704 4.12557
2.708 4.12555
2.712 4.12553
2.716 4.12551
2.72 4.12549
2.724 4.12546
2.728 4.12544
2.732 4.12542
2.736 4.1254
2.74 4.12537
2.744 4.12535
2.748 4.12533
2.752 4.12531
2.756 4.12528
2.76 4.12526
2.764 4.12524
2.768 4.12522
2.772 4.12519
2.776 4.12517
2.78 4.12515
2.784 4.12513
2.788 4.1251
2.792 4.12508
2.796 4.12506
2.8 4.12503
2.804 4.12501
2.808 4.12499
2.812 4.12497
2.816 4.12494
2.82 4.12492
2.824 4.1249
2.828 4.12487
2.832 4.12485
2.836 4.12483
2.84 4.1248
2.844 4.12478
2.848 4.12476
2.852 4.12473
2.856 4.12471
2.86 4.12469
2.864 4.12466
2.868 4.12464
2.872 4.12462
2.876 4.12459
2.88 4.12457
2.884 4.12455
2.888 4.12452
2.892 4.1245
2.896 4.12448
2.9 4.12445
2.904 4.12443
2.908 4.1244
2.912 4.12438
2.916 4.12436
2.92 4.12433
2.924 4.12431
2.928 4.12429
2.932 4.12426
2.936 4.12424
2.94 4.12421
2.944 4.12419
2.948 4.12417
2.952 4.12414
2.956 4.12412
2.96 4.1241
2.964 4.12407
2.968 4.12405
2.972 4.12402
2.976 4.124
2.98 4.12398
2.984 4.12395
2.988 4.12393
2.992 4.1239
2.996 4.12388
3 4.12386
3.004 4.12383
3.008 4.12381
3.012 4.12378
3.016 4.12376
3.02 4.12373
3.024 4.12371
3.028 4.12369
3.032 4.12366
3.036 4.12364
3.04 4.12361
3.044 4.12359
3.048 4.12357
3.052 4.12354
3.056 4.12352
3.06 4.12349
3.064 4.12347
3.068 4.12344
3.072 4.12342
3.076 4.1234
3.08 4.12337
3.084 4.12335
3.088 4.12332
3.092 4.1233
3.096 4.12327
3.1 4.12325
3.104 4.12323
3.108 4.1232
3.112 4.12318
3.116 4.12315
3.12 4.12313
3.124 4.1231
3.128 4.12308
3.132 4.12305
3.136 4.12303
3.14 4.12301
3.144 4.12298
3.148 4.12296
3.152 4.12293
3.156 4.12291
3.16 4.12288
3.164 4.12286
3.168 4.12284
3.172 4.12281
3.176 4.12279
3.18 4.12276
3.184 4.12274
3.188 4.12271
3.192 4.12269
3.196 4.12267
3.2 4.12264
3.204 4.12262
3.208 4.12259
3.212 4.12257
3.216 4.12254
3.22 4.12252
3.224 4.1225
3.228 4.12247
3.232 4.12245
3.236 4.12242
3.24 4.1224
3.244 4.12237
3.248 4.12235
3.252 4.12233
3.256 4.1223
3.26 4.12228
3.264 4.12225
3.268 4.12223
3.272 4.12221
3.276 4.12218
3.28 4.12216
3.284 4.12213
3.288 4.12211
3.292 4.12209
3.296 4.12206
3.3 4.12204
3.304 4.12201
3.308 4.12199
3.312 4.12197
3.316 4.12194
3.32 4.12192
3.324 4.12189
3.328 4.12187
3.332 4.12185
3.336 4.12182
3.34 4.1218
3.344 4.12177
3.348 4.12175
3.352 4.12173
3.356 4.1217
3.36 4.12168
3.364 4.12166
3.368 4.12163
3.372 4.12161
3.376 4.12158
3.38 4.12156
3.384 4.12154
3.388 4.12151
3.392 4.12149
3.396 4.12147
3.4 4.12144
3.404 4.12142
3.408 4.1214
3.412 4.12137
3.416 4.12135
3.42 4.12133
3.424 4.1213
3.428 4.12128
3.432 4.12126
3.436 4.12123
3.44 4.12121
3.444 4.12119
3.448 4.12116
3.452 4.12114
3.456 4.12112
3.46 4.12109
3.464 4.12107
3.468 4.12105
3.472 4.12102
3.476 4.121
3.48 4.12098
3.484 4.12096
3.488 4.12093
3.492 4.12091
3.496 4.12089
3.5 4.12086
3.504 4.12084
3.508 4.12082
3.512 4.1208
3.516 4.12077
3.52 4.12075
3.524 4.12073
3.528 4.12071
3.532 4.12068
3.536 4.12066
3.54 4.12064
3.544 4.12062
3.548 4.12059
3.552 4.12057
3.556 4.12055
3.56 4.12053
3.564 4.1205
3.568 4.12048
3.572 4.12046
3.576 4.12044
3.58 4.12042
3.584 4.12039
3.588 4.12037
3.592 4.12035
3.596 4.12033
3.6 4.12031
3.604 4.12028
3.608 4.12026
3.612 4.12024
3.616 4.12022
3.62 4.1202
3.624 4.12018
3.628 4.12015
3.632 4.12013
3.636 4.12011
3.64 4.12009
3.644 4.12007
3.648 4.12005
3.652 4.12003
3.656 4.12001
3.66 4.11998
3.664 4.11996
3.668 4.11994
3.672 4.11992
3.676 4.1199
3.68 4.11988
3.684 4.11986
3.688 4.11984
3.692 4.11982
3.696 4.1198
3.7 4.11978
3.704 4.11975
3.708 4.11973
3.712 4.11971
3.716 4.11969
3.72 4.11967
3.724 4.11965
3.728 4.11963
3.732 4.11961
3.736 4.11959
3.74 4.11957
3.744 4.11955
3.748 4.11953
3.752 4.11951
3.756 4.11949
3.76 4.11947
3.764 4.11945
3.768 4.11943
3.772 4.11941
3.776 4.11939
3.78 4.11937
3.784 4.11935
3.788 4.11933
3.792 4.11932
3.796 4.1193
3.8 4.11928
3.804 4.11926
3.808 4.11924
3.812 4.11922
3.816 4.1192
3.82 4.11918
3.824 4.11916
3.828 4.11914
3.832 4.11912
3.836 4.11911
3.84 4.11909
3.844 4.11907
3.848 4.11905
3.852 4.11903
3.856 4.11901
3.86 4.119
3.864 4.11898
3.868 4.11896
3.872 4.11894
3.876 4.11892
3.88 4.1189
3.884 4.11889
3.888 4.11887
3.892 4.11885
3.896 4.11883
3.9 4.11882
3.904 4.1188
3.908 4.11878
3.912 4.11876
3.916 4.11875
3.92 4.11873
3.924 4.11871
3.928 4.11869
3.932 4.11868
3.936 4.11866
3.94 4.11864
3.944 4.11863
3.948 4.11861
3.952 4.11859
3.956 4.11858
3.96 4.11856
3.964 4.11854
3.968 4.11853
3.972 4.11851
3.976 4.11849
3.98 4.11848
3.984 4.11846
3.988 4.11844
3.992 4.11843
3.996 4.11841
4 4.1184
4.004 4.11838
4.008 4.11836
4.012 4.11835
4.016 4.11833
4.02 4.11832
4.024 4.1183
4.028 4.11829
4.032 4.11827
4.036 4.11826
4.04 4.11824
4.044 4.11823
4.048 4.11821
4.052 4.1182
4.056 4.11818
4.06 4.11817
4.064 4.11815
4.068 4.11814
4.072 4.11812
4.076 4.11811
4.08 4.11809
4.084 4.11808
4.088 4.11806
4.092 4.11805
4.096 4.11804
4.1 4.11802
4.104 4.11801
4.108 4.11799
4.112 4.11798
4.116 4.11797
4.12 4.11795
4.124 4.11794
4.128 4.11793
4.132 4.11791
4.136 4.1179
4.14 4.11789
4.144 4.11787
4.148 4.11786
4.152 4.11785
4.156 4.11784
4.16 4.11782
4.164 4.11781
4.168 4.1178
4.172 4.11778
4.176 4.11777
4.18 4.11776
4.184 4.11775
4.188 4.11774
4.192 4.11772
4.196 4.11771
4.2 4.1177
4.204 4.11769
4.208 4.11768
4.212 4.11766
4.216 4.11765
4.22 4.11764
4.224 4.11763
4.228 4.11762
4.232 4.11761
4.236 4.1176
4.24 4.11758
4.244 4.11757
4.248 4.11756
4.252 4.11755
4.256 4.11754
4.26 4.11753
4.264 4.11752
4.268 4.11751
4.272 4.1175
4.276 4.11749
4.28 4.11748
4.284 4.11747
4.288 4.11746
4.292 4.11745
4.296 4.11744
4.3 4.11743
4.304 4.11742
4.308 4.11741
4.312 4.1174
4.316 4.11739
4.32 4.11738
4.324 4.11737
4.328 4.11736
4.332 4.11735
4.336 4.11734
4.34 4.11734
4.344 4.11733
4.348 4.11732
4.352 4.11731
4.356 4.1173
4.36 4.11729
4.364 4.11728
4.368 4.11728
4.372 4.11727
4.376 4.11726
4.38 4.11725
4.384 4.11724
4.388 4.11724
4.392 4.11723
4.396 4.11722
4.4 4.11721
4.404 4.11721
4.408 4.1172
4.412 4.11719
4.416 4.11718
4.42 4.11718
4.424 4.11717
4.428 4.11716
4.432 4.11716
4.436 4.11715
4.44 4.11714
4.444 4.11714
4.448 4.11713
4.452 4.11712
4.456 4.11712
4.46 4.11711
4.464 4.11711
4.468 4.1171
4.472 4.11709
4.476 4.11709
4.48 4.11708
4.484 4.11708
4.488 4.11707
4.492 4.11707
4.496 4.11706
4.5 4.11706
4.504 4.11705
4.508 4.11705
4.512 4.11704
4.516 4.11704
4.52 4.11703
4.524 4.11703
4.528 4.11702
4.532 4.11702
4.536 4.11701
4.54 4.11701
4.544 4.11701
4.548 4.117
4.552 4.117
4.556 4.11699
4.56 4.11699
4.564 4.11699
4.568 4.11698
4.572 4.11698
4.576 4.11698
4.58 4.11697
4.584 4.11697
4.588 4.11697
4.592 4.11696
4.596 4.11696
4.6 4.11696
4.604 4.11696
4.608 4.11695
4.612 4.11695
4.616 4.11695
4.62 4.11695
4.624 4.11694
4.628 4.11694
4.632 4.11694
4.636 4.11694
4.64 4.11694
4.644 4.11693
4.648 4.11693
4.652 4.11693
4.656 4.11693
4.66 4.11693
4.664 4.11693
4.668 4.11693
4.672 4.11692
4.676 4.11692
4.68 4.11692
4.684 4.11692
4.688 4.11692
4.692 4.11692
4.696 4.11692
4.7 4.11692
4.704 4.11692
4.708 4.11692
4.712 4.11692
4.716 4.11692
4.72 4.11692
4.724 4.11692
4.728 4.11692
4.732 4.11692
4.736 4.11692
4.74 4.11692
4.744 4.11692
4.748 4.11692
4.752 4.11692
4.756 4.11693
4.76 4.11693
4.764 4.11693
4.768 4.11693
4.772 4.11693
4.776 4.11693
4.78 4.11693
4.784 4.11694
4.788 4.11694
4.792 4.11694
4.796 4.11694
4.8 4.11694
4.804 4.11695
4.808 4.11695
4.812 4.11695
4.816 4.11695
4.82 4.11696
4.824 4.11696
4.828 4.11696
4.832 4.11696
4.836 4.11697
4.84 4.11697
4.844 4.11697
4.848 4.11698
4.852 4.11698
4.856 4.11698
4.86 4.11699
4.864 4.11699
4.868 4.11699
4.872 4.117
4.876 4.117
4.88 4.11701
4.884 4.11701
4.888 4.11701
4.892 4.11702
4.896 4.11702
4.9 4.11703
4.904 4.11703
4.908 4.11704
4.912 4.11704
4.916 4.11705
4.92 4.11705
4.924 4.11706
4.928 4.11706
4.932 4.11707
4.936 4.11707
4.94 4.11708
4.944 4.11708
4.948 4.11709
4.952 4.11709
4.956 4.1171
4.96 4.11711
4.964 4.11711
4.968 4.11712
4.972 4.11712
4.976 4.11713
4.98 4.11714
4.984 4.11714
4.988 4.11715
4.992 4.11716
4.996 4.11716
5 4.11717
5.004 4.11718
5.008 4.11718
5.012 4.11719
5.016 4.1172
5.02 4.11721
5.024 4.11721
5.028 4.11722
5.032 4.11723
5.036 4.11724
5.04 4.11724
5.044 4.11725
5.048 4.11726
5.052 4.11727
5.056 4.11728
5.06 4.11728
5.064 4.11729
5.068 4.1173
5.072 4.11731
5.076 4.11732
5.08 4.11733
5.084 4.11734
5.088 4.11734
5.092 4.11735
5.096 4.11736
5.1 4.11737
5.104 4.11738
5.108 4.11739
5.112 4.1174
5.116 4.11741
5.12 4.11742
5.124 4.11743
5.128 4.11744
5.132 4.11745
5.136 4.11746
5.14 4.11747
5.144 4.11748
5.148 4.11749
5.152 4.1175
5.156 4.11751
5.16 4.11752
5.164 4.11753
5.168 4.11754
5.172 4.11755
5.176 4.11756
5.18 4.11757
5.184 4.11758
5.188 4.11759
5.192 4.11761
5.196 4.11762
5.2 4.11763
5.204 4.11764
5.208 4.11765
5.212 4.11766
5.216 4.11768
5.22 4.11769
5.224 4.1177
5.228 4.11771
5.232 4.11772
5.236 4.11773
5.24 4.11775
5.244 4.11776
5.248 4.11777
5.252 4.11778
5.256 4.1178
5.26 4.11781
5.264 4.11782
5.268 4.11783
5.272 4.11785
5.276 4.11786
5.28 4.11787
5.284 4.11789
5.288 4.1179
5.292 4.11791
5.296 4.11793
5.3 4.11794
5.304 4.11795
5.308 4.11797
5.312 4.11798
5.316 4.11799
5.32 4.11801
5.324 4.11802
5.328 4.11804
5.332 4.11805
5.336 4.11806
5.34 4.11808
5.344 4.11809
5.348 4.11811
5.352 4.11812
5.356 4.11814
5.36 4.11815
5.364 4.11817
5.368 4.11818
5.372 4.1182
5.376 4.11821
5.38 4.11823
5.384 4.11824
5.388 4.11826
5.392 4.11827
5.396 4.11829
5.4 4.1183
5.404 4.11832
5.408 4.11833
5.412 4.11835
5.416 4.11836
5.42 4.11838
5.424 4.1184
5.428 4.11841
5.432 4.11843
5.436 4.11844
5.44 4.11846
5.444 4.11848
5.448 4.11849
5.452 4.11851
5.456 4.11853
5.46 4.11854
5.464 4.11856
5.468 4.11857
5.472 4.11859
5.476 4.11861
5.48 4.11863
5.484 4.11864
5.488 4.11866
5.492 4.11868
5.496 4.11869
5.5 4.11871
5.504 4.11873
5.508 4.11875
5.512 4.11876
5.516 4.11878
5.52 4.1188
5.524 4.11882
5.528 4.11883
5.532 4.11885
5.536 4.11887
5.54 4.11889
5.544 4.1189
5.548 4.11892
5.552 4.11894
5.556 4.11896
5.56 4.11898
5.564 4.11899
5.568 4.11901
5.572 4.11903
5.576 4.11905
5.58 4.11907
5.584 4.11909
5.588 4.11911
5.592 4.11912
5.596 4.11914
5.6 4.11916
5.604 4.11918
5.608 4.1192
5.612 4.11922
5.616 4.11924
5.62 4.11926
5.624 4.11928
5.628 4.1193
5.632 4.11931
5.636 4.11933
5.64 4.11935
5.644 4.11937
5.648 4.11939
5.652 4.11941
5.656 4.11943
5.66 4.11945
5.664 4.11947
5.668 4.11949
5.672 4.11951
5.676 4.11953
5.68 4.11955
5.684 4.11957
5.688 4.11959
5.692 4.11961
5.696 4.11963
5.7 4.11965
5.704 4.11967
5.708 4.11969
5.712 4.11971
5.716 4.11973
5.72 4.11975
5.724 4.11977
5.728 4.1198
5.732 4.11982
5.736 4.11984
5.74 4.11986
5.744 4.11988
5.748 4.1199
5.752 4.11992
5.756 4.11994
5.76 4.11996
5.764 4.11998
5.768 4.12
5.772 4.12003
5.776 4.12005
5.78 4.12007
5.784 4.12009
5.788 4.12011
5.792 4.12013
5.796 4.12015
5.8 4.12018
5.804 4.1202
5.808 4.12022
5.812 4.12024
5.816 4.12026
5.82 4.12028
5.824 4.12031
5.828 4.12033
5.832 4.12035
5.836 4.12037
5.84 4.12039
5.844 4.12041
5.848 4.12044
5.852 4.12046
5.856 4.12048
5.86 4.1205
5.864 4.12053
5.868 4.12055
5.872 4.12057
5.876 4.12059
5.88 4.12061
5.884 4.12064
5.888 4.12066
5.892 4.12068
5.896 4.1207
5.9 4.12073
5.904 4.12075
5.908 4.12077
5.912 4.12079
5.916 4.12082
5.92 4.12084
5.924 4.12086
5.928 4.12089
5.932 4.12091
5.936 4.12093
5.94 4.12095
5.944 4.12098
5.948 4.121
5.952 4.12102
5.956 4.12105
5.96 4.12107
5.964 4.12109
5.968 4.12112
5.972 4.12114
5.976 4.12116
5.98 4.12118
5.984 4.12121
5.988 4.12123
5.992 4.12125
5.996 4.12128
6 4.1213
6.004 4.12132
6.008 4.12135
6.012 4.12137
6.016 4.1214
6.02 4.12142
6.024 4.12144
6.028 4.12147
6.032 4.12149
6.036 4.12151
6.04 4.12154
6.044 4.12156
6.048 4.12158
6.052 4.12161
6.056 4.12163
6.06 4.12165
6.064 4.12168
6.068 4.1217
6.072 4.12173
6.076 4.12175
6.08 4.12177
6.084 4.1218
6.088 4.12182
6.092 4.12185
6.096 4.12187
6.1 4.12189
6.104 4.12192
6.108 4.12194
6.112 4.12196
6.116 4.12199
6.12 4.12201
6.124 4.12204
6.128 4.12206
6.132 4.12208
6.136 4.12211
6.14 4.12213
6.144 4.12216
6.148 4.12218
6.152 4.12221
6.156 4.12223
6.16 4.12225
6.164 4.12228
6.168 4.1223
6.172 4.12233
6.176 4.12235
6.18 4.12237
6.184 4.1224
6.188 4.12242
6.192 4.12245
6.196 4.12247
6.2 4.1225
6.204 4.12252
6.208 4.12254
6.212 4.12257
6.216 4.12259
6.22 4.12262
6.224 4.12264
6.228 4.12267
6.232 4.12269
6.236 4.12271
6.24 4.12274
6.244 4.12276
6.248 4.12279
6.252 4.12281
6.256 4.12284
6.26 4.12286
6.264 4.12288
6.268 4.12291
6.272 4.12293
6.276 4.12296
6.28 4.12298
6.284 4.12301
6.288 4.12303
6.292 4.12305
6.296 4.12308
6.3 4.1231
6.304 4.12313
6.308 4.12315
6.312 4.12318
6.316 4.1232
6.32 4.12322
6.324 4.12325
6.328 4.12327
6.332 4.1233
6.336 4.12332
6.34 4.12335
6.344 4.12337
6.348 4.12339
6.352 4.12342
6.356 4.12344
6.36 4.12347
6.364 4.12349
6.368 4.12352
6.372 4.12354
6.376 4.12356
6.38 4.12359
6.384 4.12361
6.388 4.12364
6.392 4.12366
6.396 4.12369
6.4 4.12371
6.404 4.12373
6.408 4.12376
6.412 4.12378
6.416 4.12381
6.42 4.12383
6.424 4.12385
6.428 4.12388
6.432 4.1239
6.436 4.12393
6.44 4.12395
6.444 4.12397
6.448 4.124
6.452 4.12402
6.456 4.12405
6.46 4.12407
6.464 4.12409
6.468 4.12412
6.472 4.12414
6.476 4.12417
6.48 4.12419
6.484 4.12421
6.488 4.12424
6.492 4.12426
6.496 4.12429
6.5 4.12431
6.504 4.12433
6.508 4.12436
6.512 4.12438
6.516 4.1244
6.52 4.12443
6.524 4.12445
6.528 4.12447
6.532 4.1245
6.536 4.12452
6.54 4.12455
6.544 4.12457
6.548 4.12459
6.552 4.12462
6.556 4.12464
6.56 4.12466
6.564 4.12469
6.568 4.12471
6.572 4.12473
6.576 4.12476
6.58 4.12478
6.584 4.1248
6.588 4.12483
6.592 4.12485
6.596 4.12487
6.6 4.1249
6.604 4.12492
6.608 4.12494
6.612 4.12496
6.616 4.12499
6.62 4.12501
6.624 4.12503
6.628 4.12506
6.632 4.12508
6.636 4.1251
6.64 4.12513
6.644 4.12515
6.648 4.12517
6.652 4.12519
6.656 4.12522
6.66 4.12524
6.664 4.12526
6.668 4.12528
6.672 4.12531
6.676 4.12533
6.68 4.12535
6.684 4.12537
6.688 4.1254
6.692 4.12542
6.696 4.12544
6.7 4.12546
6.704 4.12549
6.708 4.12551
6.712 4.12553
6.716 4.12555
6.72 4.12557
6.724 4.1256
6.728 4.12562
6.732 4.12564
6.736 4.12566
6.74 4.12568
6.744 4.12571
6.748 4.12573
6.752 4.12575
6.756 4.12577
6.76 4.12579
6.764 4.12581
6.768 4.12584
6.772 4.12586
6.776 4.12588
6.78 4.1259
6.784 4.12592
6.788 4.12594
6.792 4.12596
6.796 4.12599
6.8 4.12601
6.804 4.12603
6.808 4.12605
6.812 4.12607
6.816 4.12609
6.82 4.12611
6.824 4.12613
6.828 4.12615
6.832 4.12617
6.836 4.12619
6.84 4.12622
6.844 4.12624
6.848 4.12626
6.852 4.12628
6.856 4.1263
6.86 4.12632
6.864 4.12634
6.868 4.12636
6.872 4.12638
6.876 4.1264
6.88 4.12642
6.884 4.12644
6.888 4.12646
6.892 4.12648
6.896 4.1265
6.9 4.12652
6.904 4.12654
6.908 4.12656
6.912 4.12658
6.916 4.1266
6.92 4.12662
6.924 4.12664
6.928 4.12666
6.932 4.12668
6.936 4.1267
6.94 4.12672
6.944 4.12673
6.948 4.12675
6.952 4.12677
6.956 4.12679
6.96 4.12681
6.964 4.12683
6.968 4.12685
6.972 4.12687
6.976 4.12689
6.98 4.1269
6.984 4.12692
6.988 4.12694
6.992 4.12696
6.996 4.12698
7 4.127
7.004 4.12702
7.008 4.12703
7.012 4.12705
7.016 4.12707
7.02 4.12709
7.024 4.12711
7.028 4.12712
7.032 4.12714
7.036 4.12716
7.04 4.12718
7.044 4.1272
7.048 4.12721
7.052 4.12723
7.056 4.12725
7.06 4.12727
7.064 4.12728
7.068 4.1273
7.072 4.12732
7.076 4.12733
7.08 4.12735
7.084 4.12737
7.088 4.12738
7.092 4.1274
7.096 4.12742
7.1 4.12744
7.104 4.12745
7.108 4.12747
7.112 4.12748
7.116 4.1275
7.12 4.12752
7.124 4.12753
7.128 4.12755
7.132 4.12757
7.136 4.12758
7.14 4.1276
7.144 4.12761
7.148 4.12763
7.152 4.12765
7.156 4.12766
7.16 4.12768
7.164 4.12769
7.168 4.12771
7.172 4.12772
7.176 4.12774
7.18 4.12775
7.184 4.12777
7.188 4.12778
7.192 4.1278
7.196 4.12781
7.2 4.12783
7.204 4.12784
7.208 4.12786
7.212 4.12787
7.216 4.12789
7.22 4.1279
7.224 4.12792
7.228 4.12793
7.232 4.12794
7.236 4.12796
7.24 4.12797
7.244 4.12799
7.248 4.128
7.252 4.12801
7.256 4.12803
7.26 4.12804
7.264 4.12806
7.268 4.12807
7.272 4.12808
7.276 4.1281
7.28 4.12811
7.284 4.12812
7.288 4.12814
7.292 4.12815
7.296 4.12816
7.3 4.12817
7.304 4.12819
7.308 4.1282
7.312 4.12821
7.316 4.12822
7.32 4.12824
7.324 4.12825
7.328 4.12826
7.332 4.12827
7.336 4.12829
7.34 4.1283
7.344 4.12831
7.348 4.12832
7.352 4.12833
7.356 4.12835
7.36 4.12836
7.364 4.12837
7.368 4.12838
7.372 4.12839
7.376 4.1284
7.38 4.12841
7.384 4.12842
7.388 4.12844
7.392 4.12845
7.396 4.12846
7.4 4.12847
7.404 4.12848
7.408 4.12849
7.412 4.1285
7.416 4.12851
7.42 4.12852
7.424 4.12853
7.428 4.12854
7.432 4.12855
7.436 4.12856
7.44 4.12857
7.444 4.12858
7.448 4.12859
7.452 4.1286
7.456 4.12861
7.46 4.12862
7.464 4.12863
7.468 4.12864
7.472 4.12865
7.476 4.12865
7.48 4.12866
7.484 4.12867
7.488 4.12868
7.492 4.12869
7.496 4.1287
7.5 4.12871
7.504 4.12872
7.508 4.12872
7.512 4.12873
7.516 4.12874
7.52 4.12875
7.524 4.12876
7.528 4.12876
7.532 4.12877
7.536 4.12878
7.54 4.12879
7.544 4.12879
7.548 4.1288
7.552 4.12881
7.556 4.12882
7.56 4.12882
7.564 4.12883
7.568 4.12884
7.572 4.12884
7.576 4.12885
7.58 4.12886
7.584 4.12886
7.588 4.12887
7.592 4.12888
7.596 4.12888
7.6 4.12889
7.604 4.1289
7.608 4.1289
7.612 4.12891
7.616 4.12891
7.62 4.12892
7.624 4.12892
7.628 4.12893
7.632 4.12893
7.636 4.12894
7.64 4.12895
7.644 4.12895
7.648 4.12896
7.652 4.12896
7.656 4.12897
7.66 4.12897
7.664 4.12897
7.668 4.12898
7.672 4.12898
7.676 4.12899
7.68 4.12899
7.684 4.129
7.688 4.129
7.692 4.129
7.696 4.12901
7.7 4.12901
7.704 4.12902
7.708 4.12902
7.712 4.12902
7.716 4.12903
7.72 4.12903
7.724 4.12903
7.728 4.12904
7.732 4.12904
7.736 4.12904
7.74 4.12904
7.744 4.12905
7.748 4.12905
7.752 4.12905
7.756 4.12905
7.76 4.12906
7.764 4.12906
7.768 4.12906
7.772 4.12906
7.776 4.12907
7.78 4.12907
7.784 4.12907
7.788 4.12907
7.792 4.12907
7.796 4.12907
7.8 4.12907
7.804 4.12908
7.808 4.12908
7.812 4.12908
7.816 4.12908
7.82 4.12908
7.824 4.12908
7.828 4.12908
7.832 4.12908
7.836 4.12908
7.84 4.12908
7.844 4.12908
7.848 4.12908
7.852 4.12908
7.856 4.12908
7.86 4.12908
7.864 4.12908
7.868 4.12908
7.872 4.12908
7.876 4.12908
7.88 4.12908
7.884 4.12908
7.888 4.12908
7.892 4.12908
7.896 4.12908
7.9 4.12908
7.904 4.12908
7.908 4.12907
7.912 4.12907
7.916 4.12907
7.92 4.12907
7.924 4.12907
7.928 4.12907
7.932 4.12907
7.936 4.12906
7.94 4.12906
7.944 4.12906
7.948 4.12906
7.952 4.12905
7.956 4.12905
7.96 4.12905
7.964 4.12905
7.968 4.12904
7.972 4.12904
7.976 4.12904
7.98 4.12904
7.984 4.12903
7.988 4.12903
7.992 4.12903
7.996 4.12902
8 4.12902
8.004 4.12902
8.008 4.12901
8.012 4.12901
8.016 4.129
8.02 4.129
8.024 4.129
8.028 4.12899
8.032 4.12899
8.036 4.12898
8.04 4.12898
8.044 4.12897
8.048 4.12897
8.052 4.12896
8.056 4.12896
8.06 4.12895
8.064 4.12895
8.068 4.12894
8.072 4.12894
8.076 4.12893
8.08 4.12893
8.084 4.12892
8.088 4.12892
8.092 4.12891
8.096 4.12891
8.1 4.1289
8.104 4.12889
8.108 4.12889
8.112 4.12888
8.116 4.12888
8.12 4.12887
8.124 4.12886
8.128 4.12886
8.132 4.12885
8.136 4.12884
8.14 4.12884
8.144 4.12883
8.148 4.12882
8.152 4.12881
8.156 4.12881
8.16 4.1288
8.164 4.12879
8.168 4.12879
8.172 4.12878
8.176 4.12877
8.18 4.12876
8.184 4.12875
8.188 4.12875
8.192 4.12874
8.196 4.12873
8.2 4.12872
8.204 4.12871
8.208 4.12871
8.212 4.1287
8.216 4.12869
8.22 4.12868
8.224 4.12867
8.228 4.12866
8.232 4.12865
8.236 4.12864
8.24 4.12864
8.244 4.12863
8.248 4.12862
8.252 4.12861
8.256 4.1286
8.26 4.12859
8.264 4.12858
8.268 4.12857
8.272 4.12856
8.276 4.12855
8.28 4.12854
8.284 4.12853
8.288 4.12852
8.292 4.12851
8.296 4.1285
8.3 4.12849
8.304 4.12848
8.308 4.12847
8.312 4.12846
8.316 4.12844
8.32 4.12843
8.324 4.12842
8.328 4.12841
8.332 4.1284
8.336 4.12839
8.34 4.12838
8.344 4.12837
8.348 4.12835
8.352 4.12834
8.356 4.12833
8.36 4.12832
8.364 4.12831
8.368 4.1283
8.372 4.12828
8.376 4.12827
8.38 4.12826
8.384 4.12825
8.388 4.12824
8.392 4.12822
8.396 4.12821
8.4 4.1282
8.404 4.12818
8.408 4.12817
8.412 4.12816
8.416 4.12815
8.42 4.12813
8.424 4.12812
8.428 4.12811
8.432 4.12809
8.436 4.12808
8.44 4.12807
8.444 4.12805
8.448 4.12804
8.452 4.12803
8.456 4.12801
8.46 4.128
8.464 4.12798
8.468 4.12797
8.472 4.12796
8.476 4.12794
8.48 4.12793
8.484 4.12791
8.488 4.1279
8.492 4.12788
8.496 4.12787
8.5 4.12786
8.504 4.12784
8.508 4.12783
8.512 4.12781
8.516 4.1278
8.52 4.12778
8.524 4.12777
8.528 4.12775
8.532 4.12774
8.536 4.12772
8.54 4.12771
8.544 4.12769
8.548 4.12767
8.552 4.12766
8.556 4.12764
8.56 4.12763
8.564 4.12761
8.568 4.1276
8.572 4.12758
8.576 4.12756
8.58 4.12755
8.584 4.12753
8.588 4.12751
8.592 4.1275
8.596 4.12748
8.6 4.12747
8.604 4.12745
8.608 4.12743
8.612 4.12742
8.616 4.1274
8.62 4.12738
8.624 4.12737
8.628 4.12735
8.632 4.12733
8.636 4.12731
8.64 4.1273
8.644 4.12728
8.648 4.12726
8.652 4.12724
8.656 4.12723
8.66 4.12721
8.664 4.12719
8.668 4.12717
8.672 4.12716
8.676 4.12714
8.68 4.12712
8.684 4.1271
8.688 4.12709
8.692 4.12707
8.696 4.12705
8.7 4.12703
8.704 4.12701
8.708 4.12699
8.712 4.12698
8.716 4.12696
8.72 4.12694
8.724 4.12692
8.728 4.1269
8.732 4.12688
8.736 4.12686
8.74 4.12685
8.744 4.12683
8.748 4.12681
8.752 4.12679
8.756 4.12677
8.76 4.12675
8.764 4.12673
8.768 4.12671
8.772 4.12669
8.776 4.12667
8.78 4.12665
8.784 4.12663
8.788 4.12661
8.792 4.12659
8.796 4.12658
8.8 4.12656
8.804 4.12654
8.808 4.12652
8.812 4.1265
8.816 4.12648
8.82 4.12646
8.824 4.12644
8.828 4.12642
8.832 4.1264
8.836 4.12638
8.84 4.12636
8.844 4.12633
8.848 4.12631
8.852 4.12629
8.856 4.12627
8.86 4.12625
8.864 4.12623
8.868 4.12621
8.872 4.12619
8.876 4.12617
8.88 4.12615
8.884 4.12613
8.888 4.12611
8.892 4.12609
8.896 4.12607
8.9 4.12604
8.904 4.12602
8.908 4.126
8.912 4.12598
8.916 4.12596
8.92 4.12594
8.924 4.12592
8.928 4.1259
8.932 4.12587
8.936 4.12585
8.94 4.12583
8.944 4.12581
8.948 4.12579
8.952 4.12577
8.956 4.12575
8.96 4.12572
8.964 4.1257
8.968 4.12568
8.972 4.12566
8.976 4.12564
8.98 4.12561
8.984 4.12559
8.988 4.12557
8.992 4.12555
8.996 4.12553
9 4.1255
9.004 4.12548
9.008 4.12546
9.012 4.12544
9.016 4.12541
9.02 4.12539
9.024 4.12537
9.028 4.12535
9.032 4.12533
9.036 4.1253
9.04 4.12528
9.044 4.12526
9.048 4.12523
9.052 4.12521
9.056 4.12519
9.06 4.12517
9.064 4.12514
9.068 4.12512
9.072 4.1251
9.076 4.12508
9.08 4.12505
9.084 4.12503
9.088 4.12501
9.092 4.12498
9.096 4.12496
9.1 4.12494
9.104 4.12491
9.108 4.12489
9.112 4.12487
9.116 4.12485
9.12 4.12482
9.124 4.1248
9.128 4.12478
9.132 4.12475
9.136 4.12473
9.14 4.12471
9.144 4.12468
9.148 4.12466
9.152 4.12464
9.156 4.12461
9.16 4.12459
9.164 4.12457
9.168 4.12454
9.172 4.12452
9.176 4.12449
9.18 4.12447
9.184 4.12445
9.188 4.12442
9.192 4.1244
9.196 4.12438
9.2 4.12435
9.204 4.12433
9.208 4.1243
9.212 4.12428
9.216 4.12426
9.22 4.12423
9.224 4.12421
9.228 4.12419
9.232 4.12416
9.236 4.12414
9.24 4.12411
9.244 4.12409
9.248 4.12407
9.252 4.12404
9.256 4.12402
9.26 4.12399
9.264 4.12397
9.268 4.12395
9.272 4.12392
9.276 4.1239
9.28 4.12387
9.284 4.12385
9.288 4.12383
9.292 4.1238
9.296 4.12378
9.3 4.12375
9.304 4.12373
9.308 4.12371
9.312 4.12368
9.316 4.12366
9.32 4.12363
9.324 4.12361
9.328 4.12358
9.332 4.12356
9.336 4.12354
9.34 4.12351
9.344 4.12349
9.348 4.12346
9.352 4.12344
9.356 4.12341
9.36 4.12339
9.364 4.12337
9.368 4.12334
9.372 4.12332
9.376 4.12329
9.38 4.12327
9.384 4.12324
9.388 4.12322
9.392 4.1232
9.396 4.12317
9.4 4.12315
9.404 4.12312
9.408 4.1231
9.412 4.12307
9.416 4.12305
9.42 4.12303
9.424 4.123
9.428 4.12298
9.432 4.12295
9.436 4.12293
9.44 4.1229
9.444 4.12288
9.448 4.12286
9.452 4.12283
9.456 4.12281
9.46 4.12278
9.464 4.12276
9.468 4.12273
9.472 4.12271
9.476 4.12269
9.48 4.12266
9.484 4.12264
9.488 4.12261
9.492 4.12259
9.496 4.12256
9.5 4.12254
9.504 4.12252
9.508 4.12249
9.512 4.12247
9.516 4.12244
9.52 4.12242
9.524 4.12239
9.528 4.12237
9.532 4.12235
9.536 4.12232
9.54 4.1223
9.544 4.12227
9.548 4.12225
9.552 4.12223
9.556 4.1222
9.56 4.12218
9.564 4.12215
9.568 4.12213
9.572 4.1221
9.576 4.12208
9.58 4.12206
9.584 4.12203
9.588 4.12201
9.592 4.12198
9.596 4.12196
9.6 4.12194
9.604 4.12191
9.608 4.12189
9.612 4.12186
9.616 4.12184
9.62 4.12182
9.624 4.12179
9.628 4.12177
9.632 4.12175
9.636 4.12172
9.64 4.1217
9.644 4.12167
9.648 4.12165
9.652 4.12163
9.656 4.1216
9.66 4.12158
9.664 4.12156
9.668 4.12153
9.672 4.12151
9.676 4.12148
9.68 4.12146
9.684 4.12144
9.688 4.12141
9.692 4.12139
9.696 4.12137
9.7 4.12134
9.704 4.12132
9.708 4.1213
9.712 4.12127
9.716 4.12125
9.72 4.12123
9.724 4.1212
9.728 4.12118
9.732 4.12116
9.736 4.12113
9.74 4.12111
9.744 4.12109
9.748 4.12107
9.752 4.12104
9.756 4.12102
9.76 4.121
9.764 4.12097
9.768 4.12095
9.772 4.12093
9.776 4.1209
9.78 4.12088
9.784 4.12086
9.788 4.12084
9.792 4.12081
9.796 4.12079
9.8 4.12077
9.804 4.12075
9.808 4.12072
9.812 4.1207
9.816 4.12068
9.82 4.12066
9.824 4.12063
9.828 4.12061
9.832 4.12059
9.836 4.12057
9.84 4.12054
9.844 4.12052
9.848 4.1205
9.852 4.12048
9.856 4.12046
9.86 4.12043
9.864 4.12041
9.868 4.12039
9.872 4.12037
9.876 4.12035
9.88 4.12032
9.884 4.1203
9.888 4.12028
9.892 4.12026
9.896 4.12024
9.9 4.12021
9.904 4.12019
9.908 4.12017
9.912 4.12015
9.916 4.12013
9.92 4.12011
9.924 4.12009
9.928 4.12006
9.932 4.12004
9.936 4.12002
9.94 4.12
9.944 4.11998
9.948 4.11996
9.952 4.11994
9.956 4.11992
9.96 4.1199
9.964 4.11987
9.968 4.11985
9.972 4.11983
9.976 4.11981
9.98 4.11979
9.984 4.11977
9.988 4.11975
9.992 4.11973
9.996 4.11971
10 4.11969
10.004 4.11967
10.008 4.11965
10.012 4.11963
10.016 4.11961
10.02 4.11959
10.024 4.11957
10.028 4.11955
10.032 4.11953
10.036 4.11951
10.04 4.11949
10.044 4.11947
10.048 4.11945
10.052 4.11943
10.056 4.11941
10.06 4.11939
10.064 4.11937
10.068 4.11935
10.072 4.11933
10.076 4.11931
10.08 4.11929
10.084 4.11927
10.088 4.11925
10.092 4.11923
10.096 4.11922
10.1 4.1192
10.104 4.11918
10.108 4.11916
10.112 4.11914
10.116 4.11912
10.12 4.1191
10.124 4.11908
10.128 4.11907
10.132 4.11905
10.136 4.11903
10.14 4.11901
10.144 4.11899
10.148 4.11897
10.152 4.11896
10.156 4.11894
10.16 4.11892
10.164 4.1189
10.168 4.11888
10.172 4.11887
10.176 4.11885
10.18 4.11883
10.184 4.11881
10.188 4.11879
10.192 4.11878
10.196 4.11876
10.2 4.11874
10.204 4.11872
10.208 4.11871
10.212 4.11869
10.216 4.11867
10.22 4.11866
10.224 4.11864
10.228 4.11862
10.232 4.11861
10.236 4.11859
10.24 4.11857
10.244 4.11856
10.248 4.11854
10.252 4.11852
10.256 4.11851
10.26 4.11849
10.264 4.11847
10.268 4.11846
10.272 4.11844
10.276 4.11842
10.28 4.11841
10.284 4.11839
10.288 4.11838
10.292 4.11836
10.296 4.11835
10.3 4.11833
10.304 4.11831
10.308 4.1183
10.312 4.11828
10.316 4.11827
10.32 4.11825
10.324 4.11824
10.328 4.11822
10.332 4.11821
10.336 4.11819
10.34 4.11818
10.344 4.11816
10.348 4.11815
10.352 4.11813
10.356 4.11812
10.36 4.11811
10.364 4.11809
10.368 4.11808
10.372 4.11806
10.376 4.11805
10.38 4.11803
10.384 4.11802
10.388 4.11801
10.392 4.11799
10.396 4.11798
10.4 4.11796
10.404 4.11795
10.408 4.11794
10.412 4.11792
10.416 4.11791
10.42 4.1179
10.424 4.11788
10.428 4.11787
10.432 4.11786
10.436 4.11785
10.44 4.11783
10.444 4.11782
10.448 4.11781
10.452 4.11779
10.456 4.11778
10.46 4.11777
10.464 4.11776
10.468 4.11774
10.472 4.11773
10.476 4.11772
10.48 4.11771
10.484 4.1177
10.488 4.11768
10.492 4.11767
10.496 4.11766
10.5 4.11765
10.504 4.11764
10.508 4.11763
10.512 4.11762
10.516 4.1176
10.52 4.11759
10.524 4.11758
10.528 4.11757
10.532 4.11756
10.536 4.11755
10.54 4.11754
10.544 4.11753
10.548 4.11752
10.552 4.11751
10.556 4.1175
10.56 4.11749
10.564 4.11748
10.568 4.11747
10.572 4.11746
10.576 4.11745
10.58 4.11744
10.584 4.11743
10.588 4.11742
10.592 4.11741
10.596 4.1174
10.6 4.11739
10.604 4.11738
10.608 4.11737
10.612 4.11736
10.616 4.11735
10.62 4.11734
10.624 4.11733
10.628 4.11732
10.632 4.11732
10.636 4.11731
10.64 4.1173
10.644 4.11729
10.648 4.11728
10.652 4.11727
10.656 4.11727
10.66 4.11726
10.664 4.11725
10.668 4.11724
10.672 4.11723
10.676 4.11723
10.68 4.11722
10.684 4.11721
10.688 4.1172
10.692 4.1172
10.696 4.11719
10.7 4.11718
10.704 4.11718
10.708 4.11717
10.712 4.11716
10.716 4.11716
10.72 4.11715
10.724 4.11714
10.728 4.11714
10.732 4.11713
10.736 4.11712
10.74 4.11712
10.744 4.11711
10.748 4.1171
10.752 4.1171
10.756 4.11709
10.76 4.11709
10.764 4.11708
10.768 4.11708
10.772 4.11707
10.776 4.11707
10.78 4.11706
10.784 4.11705
10.788 4.11705
10.792 4.11704
10.796 4.11704
10.8 4.11704
10.804 4.11703
10.808 4.11703
10.812 4.11702
10.816 4.11702
10.82 4.11701
10.824 4.11701
10.828 4.117
10.832 4.117
10.836 4.117
10.84 4.11699
10.844 4.11699
10.848 4.11699
10.852 4.11698
10.856 4.11698
10.86 4.11698
10.864 4.11697
10.868 4.11697
10.872 4.11697
10.876 4.11696
10.88 4.11696
10.884 4.11696
10.888 4.11695
10.892 4.11695
10.896 4.11695
10.9 4.11695
10.904 4.11694
10.908 4.11694
10.912 4.11694
10.916 4.11694
10.92 4.11694
10.924 4.11694
10.928 4.11693
10.932 4.11693
10.936 4.11693
10.94 4.11693
10.944 4.11693
10.948 4.11693
10.952 4.11693
10.956 4.11692
10.96 4.11692
10.964 4.11692
10.968 4.11692
10.972 4.11692
10.976 4.11692
10.98 4.11692
10.984 4.11692
10.988 4.11692
10.992 4.11692
10.996 4.11692
11 4.11692
11.004 4.11692
11.008 4.11692
11.012 4.11692
11.016 4.11692
11.02 4.11692
11.024 4.11692
11.028 4.11692
11.032 4.11692
11.036 4.11692
11.04 4.11693
11.044 4.11693
11.048 4.11693
11.052 4.11693
11.056 4.11693
11.06 4.11693
11.064 4.11693
11.068 4.11694
11.072 4.11694
11.076 4.11694
11.08 4.11694
11.084 4.11694
11.088 4.11695
11.092 4.11695
11.096 4.11695
11.1 4.11695
11.104 4.11696
11.108 4.11696
11.112 4.11696
11.116 4.11696
11.12 4.11697
11.124 4.11697
11.128 4.11697
11.132 4.11698
11.136 4.11698
11.14 4.11698
11.144 4.11699
11.148 4.11699
11.152 4.11699
11.156 4.117
11.16 4.117
11.164 4.11701
11.168 4.11701
11.172 4.11701
11.176 4.11702
11.18 4.11702
11.184 4.11703
11.188 4.11703
11.192 4.11704
11.196 4.11704
11.2 4.11705
11.204 4.11705
11.208 4.11706
11.212 4.11706
11.216 4.11707
11.22 4.11707
11.224 4.11708
11.228 4.11708
11.232 4.11709
11.236 4.11709
11.24 4.1171
11.244 4.11711
11.248 4.11711
11.252 4.11712
11.256 4.11713
11.26 4.11713
11.264 4.11714
11.268 4.11714
11.272 4.11715
11.276 4.11716
11.28 4.11716
11.284 4.11717
11.288 4.11718
11.292 4.11719
11.296 4.11719
11.3 4.1172
11.304 4.11721
11.308 4.11721
11.312 4.11722
11.316 4.11723
11.32 4.11724
11.324 4.11725
11.328 4.11725
11.332 4.11726
11.336 4.11727
11.34 4.11728
11.344 4.11729
11.348 4.11729
11.352 4.1173
11.356 4.11731
11.36 4.11732
11.364 4.11733
11.368 4.11734
11.372 4.11735
11.376 4.11735
11.38 4.11736
11.384 4.11737
11.388 4.11738
11.392 4.11739
11.396 4.1174
11.4 4.11741
11.404 4.11742
11.408 4.11743
11.412 4.11744
11.416 4.11745
11.42 4.11746
11.424 4.11747
11.428 4.11748
11.432 4.11749
11.436 4.1175
11.44 4.11751
11.444 4.11752
11.448 4.11753
11.452 4.11754
11.456 4.11755
11.46 4.11756
11.464 4.11758
11.468 4.11759
11.472 4.1176
11.476 4.11761
11.48 4.11762
11.484 4.11763
11.488 4.11764
11.492 4.11765
11.496 4.11767
11.5 4.11768
11.504 4.11769
11.508 4.1177
11.512 4.11771
11.516 4.11773
11.52 4.11774
11.524 4.11775
11.528 4.11776
11.532 4.11777
11.536 4.11779
11.54 4.1178
11.544 4.11781
11.548 4.11782
11.552 4.11784
11.556 4.11785
11.56 4.11786
11.564 4.11788
11.568 4.11789
11.572 4.1179
11.576 4.11792
11.58 4.11793
11.584 4.11794
11.588 4.11796
11.592 4.11797
11.596 4.11798
11.6 4.118
11.604 4.11801
11.608 4.11803
11.612 4.11804
11.616 4.11805
11.62 4.11807
11.624 4.11808
11.628 4.1181
11.632 4.11811
11.636 4.11812
11.64 4.11814
11.644 4.11815
11.648 4.11817
11.652 4.11818
11.656 4.1182
11.66 4.11821
11.664 4.11823
11.668 4.11824
11.672 4.11826
11.676 4.11827
11.68 4.11829
11.684 4.1183
11.688 4.11832
11.692 4.11834
11.696 4.11835
11.7 4.11837
11.704 4.11838
11.708 4.1184
11.712 4.11841
11.716 4.11843
11.72 4.11845
11.724 4.11846
11.728 4.11848
11.732 4.1185
11.736 4.11851
11.74 4.11853
11.744 4.11854
11.748 4.11856
11.752 4.11858
11.756 4.11859
11.76 4.11861
11.764 4.11863
11.768 4.11865
11.772 4.11866
11.776 4.11868
11.78 4.1187
11.784 4.11871
11.788 4.11873
11.792 4.11875
11.796 4.11877
11.8 4.11878
11.804 4.1188
11.808 4.11882
11.812 4.11884
11.816 4.11885
11.82 4.11887
11.824 4.11889
11.828 4.11891
11.832 4.11893
11.836 4.11894
11.84 4.11896
11.844 4.11898
11.848 4.119
11.852 4.11902
11.856 4.11904
11.86 4.11905
11.864 4.11907
11.868 4.11909
11.872 4.11911
11.876 4.11913
11.88 4.11915
11.884 4.11917
11.888 4.11918
11.892 4.1192
11.896 4.11922
11.9 4.11924
11.904 4.11926
11.908 4.11928
11.912 4.1193
11.916 4.11932
11.92 4.11934
11.924 4.11936
11.928 4.11938
11.932 4.1194
11.936 4.11942
11.94 4.11944
11.944 4.11946
11.948 4.11948
11.952 4.1195
11.956 4.11952
11.96 4.11954
11.964 4.11956
11.968 4.11958
11.972 4.1196
11.976 4.11962
11.98 4.11964
11.984 4.11966
11.988 4.11968
11.992 4.1197
11.996 4.11972
12 4.11974
12.004 4.11976
12.008 4.11978
12.012 4.1198
12.016 4.11982
12.02 4.11984
12.024 4.11986
12.028 4.11988
12.032 4.1199
12.036 4.11992
12.04 4.11995
12.044 4.11997
12.048 4.11999
12.052 4.12001
12.056 4.12003
12.06 4.12005
12.064 4.12007
12.068 4.12009
12.072 4.12012
12.076 4.12014
12.08 4.12016
12.084 4.12018
12.088 4.1202
12.092 4.12022
12.096 4.12024
12.1 4.12027
12.104 4.12029
12.108 4.12031
12.112 4.12033
12.116 4.12035
12.12 4.12038
12.124 4.1204
12.128 4.12042
12.132 4.12044
12.136 4.12046
12.14 4.12049
12.144 4.12051
12.148 4.12053
12.152 4.12055
12.156 4.12057
12.16 4.1206
12.164 4.12062
12.168 4.12064
12.172 4.12066
12.176 4.12069
12.18 4.12071
12.184 4.12073
12.188 4.12075
12.192 4.12078
12.196 4.1208
12.2 4.12082
12.204 4.12084
12.208 4.12087
12.212 4.12089
12.216 4.12091
12.22 4.12094
12.224 4.12096
12.228 4.12098
12.232 4.121
12.236 4.12103
12.24 4.12105
12.244 4.12107
12.248 4.1211
12.252 4.12112
12.256 4.12114
12.26 4.12117
12.264 4.12119
12.268 4.12121
12.272 4.12124
12.276 4.12126
12.28 4.12128
12.284 4.12131
12.288 4.12133
12.292 4.12135
12.296 4.12138
12.3 4.1214
12.304 4.12142
12.308 4.12145
12.312 4.12147
12.316 4.12149
12.32 4.12152
12.324 4.12154
12.328 4.12156
12.332 4.12159
12.336 4.12161
12.34 4.12164
12.344 4.12166
12.348 4.12168
12.352 4.12171
12.356 4.12173
12.36 4.12175
12.364 4.12178
12.368 4.1218
12.372 4.12183
12.376 4.12185
12.38 4.12187
12.384 4.1219
12.388 4.12192
12.392 4.12195
12.396 4.12197
12.4 4.12199
12.404 4.12202
12.408 4.12204
12.412 4.12207
12.416 4.12209
12.42 4.12211
12.424 4.12214
12.428 4.12216
12.432 4.12219
12.436 4.12221
12.44 4.12223
12.444 4.12226
12.448 4.12228
12.452 4.12231
12.456 4.12233
12.46 4.12235
12.464 4.12238
12.468 4.1224
12.472 4.12243
12.476 4.12245
12.48 4.12248
12.484 4.1225
12.488 4.12252
12.492 4.12255
12.496 4.12257
12.5 4.1226
12.504 4.12262
12.508 4.12265
12.512 4.12267
12.516 4.12269
12.52 4.12272
12.524 4.12274
12.528 4.12277
12.532 4.12279
12.536 4.12282
12.54 4.12284
12.544 4.12286
12.548 4.12289
12.552 4.12291
12.556 4.12294
12.56 4.12296
12.564 4.12299
12.568 4.12301
12.572 4.12303
12.576 4.12306
12.58 4.12308
12.584 4.12311
12.588 4.12313
12.592 4.12316
12.596 4.12318
12.6 4.12321
12.604 4.12323
12.608 4.12325
12.612 4.12328
12.616 4.1233
12.62 4.12333
12.624 4.12335
12.628 4.12338
12.632 4.1234
12.636 4.12342
12.64 4.12345
12.644 4.12347
12.648 4.1235
12.652 4.12352
12.656 4.12355
12.66 4.12357
12.664 4.12359
12.668 4.12362
12.672 4.12364
12.676 4.12367
12.68 4.12369
12.684 4.12371
12.688 4.12374
12.692 4.12376
12.696 4.12379
12.7 4.12381
12.704 4.12384
12.708 4.12386
12.712 4.12388
12.716 4.12391
12.72 4.12393
12.724 4.12396
12.728 4.12398
12.732 4.124
12.736 4.12403
12.74 4.12405
12.744 4.12408
12.748 4.1241
12.752 4.12412
12.756 4.12415
12.76 4.12417
12.764 4.12419
12.768 4.12422
12.772 4.12424
12.776 4.12427
12.78 4.12429
12.784 4.12431
12.788 4.12434
12.792 4.12436
12.796 4.12439
12.8 4.12441
12.804 4.12443
12.808 4.12446
12.812 4.12448
12.816 4.1245
12.82 4.12453
12.824 4.12455
12.828 4.12457
12.832 4.1246
12.836 4.12462
12.84 4.12464
12.844 4.12467
12.848 4.12469
12.852 4.12471
12.856 4.12474
12.86 4.12476
12.864 4.12478
12.868 4.12481
12.872 4.12483
12.876 4.12485
12.88 4.12488
12.884 4.1249
12.888 4.12492
12.892 4.12495
12.896 4.12497
12.9 4.12499
12.904 4.12502
12.908 4.12504
12.912 4.12506
12.916 4.12508
12.92 4.12511
12.924 4.12513
12.928 4.12515
12.932 4.12518
12.936 4.1252
12.94 4.12522
12.944 4.12524
12.948 4.12527
12.952 4.12529
12.956 4.12531
12.96 4.12533
12.964 4.12536
12.968 4.12538
12.972 4.1254
12.976 4.12542
12.98 4.12545
12.984 4.12547
12.988 4.12549
12.992 4.12551
12.996 4.12553
13 4.12556
13.004 4.12558
13.008 4.1256
13.012 4.12562
13.016 4.12564
13.02 4.12567
13.024 4.12569
13.028 4.12571
13.032 4.12573
13.036 4.12575
13.04 4.12578
13.044 4.1258
13.048 4.12582
13.052 4.12584
13.056 4.12586
13.06 4.12588
13.064 4.1259
13.068 4.12593
13.072 4.12595
13.076 4.12597
13.08 4.12599
13.084 4.12601
13.088 4.12603
13.092 4.12605
13.096 4.12607
13.1 4.12609
13.104 4.12612
13.108 4.12614
13.112 4.12616
13.116 4.12618
13.12 4.1262
13.124 4.12622
13.128 4.12624
13.132 4.12626
13.136 4.12628
13.14 4.1263
13.144 4.12632
13.148 4.12634
13.152 4.12636
13.156 4.12638
13.16 4.1264
13.164 4.12642
13.168 4.12644
13.172 4.12646
13.176 4.12648
13.18 4.1265
13.184 4.12652
13.188 4.12654
13.192 4.12656
13.196 4.12658
13.2 4.1266
13.204 4.12662
13.208 4.12664
13.212 4.12666
13.216 4.12668
13.22 4.1267
13.224 4.12672
13.228 4.12674
13.232 4.12676
13.236 4.12678
13.24 4.1268
13.244 4.12681
13.248 4.12683
13.252 4.12685
13.256 4.12687
13.26 4.12689
13.264 4.12691
13.268 4.12693
13.272 4.12695
13.276 4.12696
13.28 4.12698
13.284 4.127
13.288 4.12702
13.292 4.12704
13.296 4.12706
13.3 4.12707
13.304 4.12709
13.308 4.12711
13.312 4.12713
13.316 4.12715
13.32 4.12716
13.324 4.12718
13.328 4.1272
13.332 4.12722
13.336 4.12723
13.34 4.12725
13.344 4.12727
13.348 4.12729
13.352 4.1273
13.356 4.12732
13.36 4.12734
13.364 4.12735
13.368 4.12737
13.372 4.12739
13.376 4.12741
13.38 4.12742
13.384 4.12744
13.388 4.12746
13.392 4.12747
13.396 4.12749
13.4 4.1275
13.404 4.12752
13.408 4.12754
13.412 4.12755
13.416 4.12757
13.42 4.12759
13.424 4.1276
13.428 4.12762
13.432 4.12763
13.436 4.12765
13.44 4.12766
13.444 4.12768
13.448 4.1277
13.452 4.12771
13.456 4.12773
13.46 4.12774
13.464 4.12776
13.468 4.12777
13.472 4.12779
13.476 4.1278
13.48 4.12782
13.484 4.12783
13.488 4.12785
13.492 4.12786
13.496 4.12788
13.5 4.12789
13.504 4.1279
13.508 4.12792
13.512 4.12793
13.516 4.12795
13.52 4.12796
13.524 4.12798
13.528 4.12799
13.532 4.128
13.536 4.12802
13.54 4.12803
13.544 4.12804
13.548 4.12806
13.552 4.12807
13.556 4.12809
13.56 4.1281
13.564 4.12811
13.568 4.12813
13.572 4.12814
13.576 4.12815
13.58 4.12816
13.584 4.12818
13.588 4.12819
13.592 4.1282
13.596 4.12821
13.6 4.12823
13.604 4.12824
13.608 4.12825
13.612 4.12826
13.616 4.12828
13.62 4.12829
13.624 4.1283
13.628 4.12831
13.632 4.12832
13.636 4.12834
13.64 4.12835
13.644 4.12836
13.648 4.12837
13.652 4.12838
13.656 4.12839
13.66 4.1284
13.664 4.12842
13.668 4.12843
13.672 4.12844
13.676 4.12845
13.68 4.12846
13.684 4.12847
13.688 4.12848
13.692 4.12849
13.696 4.1285
13.7 4.12851
13.704 4.12852
13.708 4.12853
13.712 4.12854
13.716 4.12855
13.72 4.12856
13.724 4.12857
13.728 4.12858
13.732 4.12859
13.736 4.1286
13.74 4.12861
13.744 4.12862
13.748 4.12863
13.752 4.12864
13.756 4.12865
13.76 4.12866
13.764 4.12867
13.768 4.12867
13.772 4.12868
13.776 4.12869
13.78 4.1287
13.784 4.12871
13.788 4.12872
13.792 4.12873
13.796 4.12873
13.8 4.12874
13.804 4.12875
13.808 4.12876
13.812 4.12877
13.816 4.12877
13.82 4.12878
13.824 4.12879
13.828 4.1288
13.832 4.1288
13.836 4.12881
13.84 4.12882
13.844 4.12882
13.848 4.12883
13.852 4.12884
13.856 4.12885
13.86 4.12885
13.864 4.12886
13.868 4.12887
13.872 4.12887
13.876 4.12888
13.88 4.12888
13.884 4.12889
13.888 4.1289
13.892 4.1289
13.896 4.12891
13.9 4.12891
13.904 4.12892
13.908 4.12893
13.912 4.12893
13.916 4.12894
13.92 4.12894
13.924 4.12895
13.928 4.12895
13.932 4.12896
13.936 4.12896
13.94 4.12897
13.944 4.12897
13.948 4.12898
13.952 4.12898
13.956 4.12898
13.96 4.12899
13.964 4.12899
13.968 4.129
13.972 4.129
13.976 4.12901
13.98 4.12901
13.984 4.12901
13.988 4.12902
13.992 4.12902
13.996 4.12902
14 4.12903
14.004 4.12903
14.008 4.12903
14.012 4.12904
14.016 4.12904
14.02 4.12904
14.024 4.12905
14.028 4.12905
14.032 4.12905
14.036 4.12905
14.04 4.12906
14.044 4.12906
14.048 4.12906
14.052 4.12906
14.056 4.12906
14.06 4.12907
14.064 4.12907
14.068 4.12907
14.072 4.12907
14.076 4.12907
14.08 4.12907
14.084 4.12908
14.088 4.12908
14.092 4.12908
14.096 4.12908
14.1 4.12908
14.104 4.12908
14.108 4.12908
14.112 4.12908
14.116 4.12908
14.12 4.12908
14.124 4.12908
14.128 4.12908
14.132 4.12908
14.136 4.12908
14.14 4.12908
14.144 4.12908
14.148 4.12908
14.152 4.12908
14.156 4.12908
14.16 4.12908
14.164 4.12908
14.168 4.12908
14.172 4.12908
14.176 4.12908
14.18 4.12908
14.184 4.12908
14.188 4.12908
14.192 4.12907
14.196 4.12907
14.2 4.12907
14.204 4.12907
14.208 4.12907
14.212 4.12907
14.216 4.12906
14.22 4.12906
14.224 4.12906
14.228 4.12906
14.232 4.12906
14.236 4.12905
14.24 4.12905
14.244 4.12905
14.248 4.12905
14.252 4.12904
14.256 4.12904
14.26 4.12904
14.264 4.12903
14.268 4.12903
14.272 4.12903
14.276 4.12902
14.28 4.12902
14.284 4.12902
14.288 4.12901
14.292 4.12901
14.296 4.12901
14.3 4.129
14.304 4.129
14.308 4.12899
14.312 4.12899
14.316 4.12899
14.32 4.12898
14.324 4.12898
14.328 4.12897
14.332 4.12897
14.336 4.12896
14.34 4.12896
14.344 4.12895
14.348 4.12895
14.352 4.12894
14.356 4.12894
14.36 4.12893
14.364 4.12893
14.368 4.12892
14.372 4.12892
14.376 4.12891
14.38 4.1289
14.384 4.1289
14.388 4.12889
14.392 4.12889
14.396 4.12888
14.4 4.12887
14.404 4.12887
14.408 4.12886
14.412 4.12885
14.416 4.12885
14.42 4.12884
14.424 4.12883
14.428 4.12883
14.432 4.12882
14.436 4.12881
14.44 4.12881
14.444 4.1288
14.448 4.12879
14.452 4.12878
14.456 4.12878
14.46 4.12877
14.464 4.12876
14.468 4.12875
14.472 4.12874
14.476 4.12874
14.48 4.12873
14.484 4.12872
14.488 4.12871
14.492 4.1287
14.496 4.1287
14.5 4.12869
14.504 4.12868
14.508 4.12867
14.512 4.12866
14.516 4.12865
14.52 4.12864
14.524 4.12863
14.528 4.12862
14.532 4.12861
14.536 4.12861
14.54 4.1286
14.544 4.12859
14.548 4.12858
14.552 4.12857
14.556 4.12856
14.56 4.12855
14.564 4.12854
14.568 4.12853
14.572 4.12852
14.576 4.12851
14.58 4.1285
14.584 4.12849
14.588 4.12847
14.592 4.12846
14.596 4.12845
14.6 4.12844
14.604 4.12843
14.608 4.12842
14.612 4.12841
14.616 4.1284
14.62 4.12839
14.624 4.12838
14.628 4.12836
14.632 4.12835
14.636 4.12834
14.64 4.12833
14.644 4.12832
14.648 4.12831
14.652 4.12829
14.656 4.12828
14.66 4.12827
14.664 4.12826
14.668 4.12824
14.672 4.12823
14.676 4.12822
14.68 4.12821
14.684 4.12819
14.688 4.12818
14.692 4.12817
14.696 4.12816
14.7 4.12814
14.704 4.12813
14.708 4.12812
14.712 4.1281
14.716 4.12809
14.72 4.12808
14.724 4.12806
14.728 4.12805
14.732 4.12804
14.736 4.12802
14.74 4.12801
14.744 4.128
14.748 4.12798
14.752 4.12797
14.756 4.12795
14.76 4.12794
14.764 4.12793
14.768 4.12791
14.772 4.1279
14.776 4.12788
14.78 4.12787
14.784 4.12785
14.788 4.12784
14.792 4.12782
14.796 4.12781
14.8 4.12779
14.804 4.12778
14.808 4.12776
14.812 4.12775
14.816 4.12773
14.82 4.12772
14.824 4.1277
14.828 4.12769
14.832 4.12767
14.836 4.12766
14.84 4.12764
14.844 4.12762
14.848 4.12761
14.852 4.12759
14.856 4.12758
14.86 4.12756
14.864 4.12754
14.868 4.12753
14.872 4.12751
14.876 4.1275
14.88 4.12748
14.884 4.12746
14.888 4.12745
14.892 4.12743
14.896 4.12741
14.9 4.1274
14.904 4.12738
14.908 4.12736
14.912 4.12734
14.916 4.12733
14.92 4.12731
14.924 4.12729
14.928 4.12728
14.932 4.12726
14.936 4.12724
14.94 4.12722
14.944 4.12721
14.948 4.12719
14.952 4.12717
14.956 4.12715
14.96 4.12714
14.964 4.12712
14.968 4.1271
14.972 4.12708
14.976 4.12706
14.98 4.12705
14.984 4.12703
14.988 4.12701
14.992 4.12699
14.996 4.12697
