-5 0.107958
-4.99 0.103442
-4.98 0.0987725
-4.97 0.0939643
-4.96 0.0890309
-4.95 0.083987
-4.94 0.0788476
-4.93 0.0736284
-4.92 0.0683452
-4.91 0.0630144
-4.9 0.0576526
-4.89 0.0522764
-4.88 0.046903
-4.87 0.0415492
-4.86 0.0362321
-4.85 0.0309689
-4.84 0.0257764
-4.83 0.0206713
-4.82 0.0156703
-4.81 0.0107894
-4.8 0.00604467
-4.79 0.00145141
-4.78 -0.00297545
-4.77 -0.00722157
-4.76 -0.0112732
-4.75 -0.0151174
-4.74 -0.0187418
-4.73 -0.022135
-4.72 -0.0252864
-4.71 -0.0281864
-4.7 -0.0308261
-4.69 -0.033198
-4.68 -0.0352953
-4.67 -0.0371124
-4.66 -0.0386451
-4.65 -0.03989
-4.64 -0.0408449
-4.63 -0.0415091
-4.62 -0.0418827
-4.61 -0.0419675
-4.6 -0.0417661
-4.59 -0.0412825
-4.58 -0.040522
-4.57 -0.0394911
-4.56 -0.0381973
-4.55 -0.0366496
-4.54 -0.0348579
-4.53 -0.0328333
-4.52 -0.0305881
-4.51 -0.0281353
-4.5 -0.0254893
-4.49 -0.0226651
-4.48 -0.0196789
-4.47 -0.0165474
-4.46 -0.0132883
-4.45 -0.00991975
-4.44 -0.00646066
-4.43 -0.0029304
-4.42 0.000651198
-4.41 0.00426399
-4.4 0.00788754
-4.39 0.0115013
-4.38 0.0150845
-4.37 0.0186166
-4.36 0.0220771
-4.35 0.0254456
-4.34 0.0287021
-4.33 0.0318272
-4.32 0.0348017
-4.31 0.0376072
-4.3 0.040226
-4.29 0.042641
-4.28 0.0448364
-4.27 0.046797
-4.26 0.0485089
-4.25 0.0499591
-4.24 0.0511362
-4.23 0.0520299
-4.22 0.0526312
-4.21 0.0529326
-4.2 0.0529284
-4.19 0.0526139
-4.18 0.0519865
-4.17 0.0510451
-4.16 0.0497901
-4.15 0.0482238
-4.14 0.0463503
-4.13 0.0441751
-4.12 0.0417059
-4.11 0.0389518
-4.1 0.0359238
-4.09 0.0326346
-4.08 0.0290985
-4.07 0.0253315
-4.06 0.0213512
-4.05 0.0171769
-4.04 0.0128291
-4.03 0.00833015
-4.02 0.00370338
-4.01 -0.00102642
-4 -0.00583329
-3.99 -0.0106902
-3.98 -0.0155691
-3.97 -0.020441
-3.96 -0.0252763
-3.95 -0.0300446
-3.94 -0.034715
-3.93 -0.0392563
-3.92 -0.0436367
-3.91 -0.0478248
-3.9 -0.0517886
-3.89 -0.0554968
-3.88 -0.0589181
-3.87 -0.0620215
-3.86 -0.0647769
-3.85 -0.0671547
-3.84 -0.0691262
-3.83 -0.0706637
-3.82 -0.0717407
-3.81 -0.0723319
-3.8 -0.0724135
-3.79 -0.0719632
-3.78 -0.0709603
-3.77 -0.0693859
-3.76 -0.0672232
-3.75 -0.0644571
-3.74 -0.0610749
-3.73 -0.0570658
-3.72 -0.0524217
-3.71 -0.0471364
-3.7 -0.0412065
-3.69 -0.0346308
-3.68 -0.027411
-3.67 -0.0195512
-3.66 -0.0110579
-3.65 -0.00194048
-3.64 0.00778899
-3.63 0.018116
-3.62 0.0290232
-3.61 0.0404909
-3.6 0.0524967
-3.59 0.0650157
-3.58 0.0780205
-3.57 0.0914814
-3.56 0.105366
-3.55 0.119641
-3.54 0.134269
-3.53 0.149213
-3.52 0.164431
-3.51 0.179883
-3.5 0.195523
-3.49 0.211309
-3.48 0.227192
-3.47 0.243126
-3.46 0.259062
-3.45 0.274951
-3.44 0.290743
-3.43 0.306388
-3.42 0.321836
-3.41 0.337036
-3.4 0.351937
-3.39 0.36649
-3.38 0.380646
-3.37 0.394354
-3.36 0.407569
-3.35 0.420243
-3.34 0.432331
-3.33 0.443789
-3.32 0.454576
-3.31 0.46465
-3.3 0.473975
-3.29 0.482514
-3.28 0.490234
-3.27 0.497103
-3.26 0.503095
-3.25 0.508182
-3.24 0.512344
-3.23 0.51556
-3.22 0.517814
-3.21 0.519094
-3.2 0.519389
-3.19 0.518693
-3.18 0.517004
-3.17 0.514321
-3.16 0.51065
-3.15 0.505997
-3.14 0.500375
-3.13 0.493796
-3.12 0.486279
-3.11 0.477847
-3.1 0.468522
-3.09 0.458334
-3.08 0.447313
-3.07 0.435494
-3.06 0.422914
-3.05 0.409612
-3.04 0.395631
-3.03 0.381017
-3.02 0.365816
-3.01 0.350078
-3 0.333856
-2.99 0.317202
-2.98 0.30017
-2.97 0.282819
-2.96 0.265205
-2.95 0.247386
-2.94 0.229421
-2.93 0.211371
-2.92 0.193295
-2.91 0.175253
-2.9 0.157305
-2.89 0.139508
-2.88 0.121923
-2.87 0.104606
-2.86 0.0876139
-2.85 0.0710008
-2.84 0.0548202
-2.83 0.0391234
-2.82 0.0239595
-2.81 0.00937548
-2.8 -0.00458423
-2.79 -0.0178778
-2.78 -0.0304664
-2.77 -0.0423141
-2.76 -0.0533879
-2.75 -0.0636586
-2.74 -0.0730998
-2.73 -0.0816892
-2.72 -0.0894078
-2.71 -0.0962403
-2.7 -0.102175
-2.69 -0.107205
-2.68 -0.111326
-2.67 -0.114538
-2.66 -0.116844
-2.65 -0.118254
-2.64 -0.118778
-2.63 -0.118432
-2.62 -0.117235
-2.61 -0.115209
-2.6 -0.11238
-2.59 -0.10878
-2.58 -0.104439
-2.57 -0.0993943
-2.56 -0.0936849
-2.55 -0.0873525
-2.54 -0.0804413
-2.53 -0.0729982
-2.52 -0.0650722
-2.51 -0.0567143
-2.5 -0.0479772
-2.49 -0.0389152
-2.48 -0.0295837
-2.47 -0.0200395
-2.46 -0.0103397
-2.45 -0.000542223
-2.44 0.00929487
-2.43 0.0191136
-2.42 0.0288561
-2.41 0.0384653
-2.4 0.0478849
-2.39 0.0570596
-2.38 0.0659355
-2.37 0.0744603
-2.36 0.0825836
-2.35 0.0902572
-2.34 0.0974349
-2.33 0.104073
-2.32 0.110132
-2.31 0.115573
-2.3 0.120363
-2.29 0.124469
-2.28 0.127864
-2.27 0.130525
-2.26 0.132431
-2.25 0.133565
-2.24 0.133916
-2.23 0.133476
-2.22 0.13224
-2.21 0.130208
-2.2 0.127386
-2.19 0.123781
-2.18 0.119407
-2.17 0.114281
-2.16 0.108423
-2.15 0.101861
-2.14 0.0946217
-2.13 0.0867398
-2.12 0.0782521
-2.11 0.0691995
-2.1 0.059626
-2.09 0.0495794
-2.08 0.0391102
-2.07 0.0282722
-2.06 0.0171217
-2.05 0.00571765
-2.04 -0.0058789
-2.03 -0.0176048
-2.02 -0.0293952
-2.01 -0.0411838
-2 -0.052903
-1.99 -0.0644846
-1.98 -0.0758594
-1.97 -0.0869582
-1.96 -0.0977117
-1.95 -0.108051
-1.94 -0.117907
-1.93 -0.127214
-1.92 -0.135904
-1.91 -0.143913
-1.9 -0.151177
-1.89 -0.157637
-1.88 -0.163234
-1.87 -0.167911
-1.86 -0.171617
-1.85 -0.1743
-1.84 -0.175916
-1.83 -0.176421
-1.82 -0.175776
-1.81 -0.173947
-1.8 -0.170904
-1.79 -0.166619
-1.78 -0.161073
-1.77 -0.154247
-1.76 -0.14613
-1.75 -0.136715
-1.74 -0.126
-1.73 -0.113987
-1.72 -0.100685
-1.71 -0.0861066
-1.7 -0.0702701
-1.69 -0.0531985
-1.68 -0.0349203
-1.67 -0.0154685
-1.66 0.00511888
-1.65 0.0267991
-1.64 0.0495247
-1.63 0.0732441
-1.62 0.097901
-1.61 0.123435
-1.6 0.149783
-1.59 0.176876
-1.58 0.204643
-1.57 0.23301
-1.56 0.261899
-1.55 0.29123
-1.54 0.320921
-1.53 0.350888
-1.52 0.381044
-1.51 0.411301
-1.5 0.441571
-1.49 0.471763
-1.48 0.501789
-1.47 0.531557
-1.46 0.560977
-1.45 0.58996
-1.44 0.618418
-1.43 0.646262
-1.42 0.673408
-1.41 0.699771
-1.4 0.725269
-1.39 0.749822
-1.38 0.773356
-1.37 0.795794
-1.36 0.817069
-1.35 0.837112
-1.34 0.855862
-1.33 0.87326
-1.32 0.889252
-1.31 0.903787
-1.3 0.916822
-1.29 0.928315
-1.28 0.938232
-1.27 0.946542
-1.26 0.953222
-1.25 0.958251
-1.24 0.961616
-1.23 0.963309
-1.22 0.963326
-1.21 0.961669
-1.2 0.958348
-1.19 0.953375
-1.18 0.946769
-1.17 0.938554
-1.16 0.92876
-1.15 0.91742
-1.14 0.904575
-1.13 0.890268
-1.12 0.874548
-1.11 0.857467
-1.1 0.839084
-1.09 0.81946
-1.08 0.798659
-1.07 0.776749
-1.06 0.753803
-1.05 0.729895
-1.04 0.705102
-1.03 0.679503
-1.02 0.65318
-1.01 0.626217
-1 0.598697
-0.99 0.570707
-0.98 0.542332
-0.97 0.513661
-0.96 0.484779
-0.95 0.455774
-0.94 0.426731
-0.93 0.397736
-0.92 0.368873
-0.91 0.340225
-0.9 0.311873
-0.89 0.283894
-0.88 0.256367
-0.87 0.229364
-0.86 0.202957
-0.85 0.177213
-0.84 0.152196
-0.83 0.127969
-0.82 0.104588
-0.81 0.0821053
-0.8 0.0605715
-0.79 0.0400308
-0.78 0.020524
-0.77 0.00208692
-0.76 -0.0152488
-0.75 -0.0314564
-0.74 -0.0465138
-0.73 -0.0604034
-0.72 -0.0731126
-0.71 -0.0846335
-0.7 -0.0949628
-0.69 -0.104102
-0.68 -0.112057
-0.67 -0.118838
-0.66 -0.124461
-0.65 -0.128943
-0.64 -0.13231
-0.63 -0.134588
-0.62 -0.135808
-0.61 -0.136006
-0.6 -0.135219
-0.59 -0.133489
-0.58 -0.130861
-0.57 -0.127382
-0.56 -0.123103
-0.55 -0.118075
-0.54 -0.112354
-0.53 -0.105995
-0.52 -0.0990554
-0.51 -0.0915955
-0.5 -0.0836748
-0.49 -0.0753541
-0.48 -0.0666948
-0.47 -0.0577582
-0.46 -0.0486057
-0.45 -0.0392982
-0.44 -0.0298962
-0.43 -0.0204591
-0.42 -0.0110453
-0.41 -0.00171171
-0.4 0.0074863
-0.39 0.0164952
-0.38 0.0252636
-0.37 0.0337423
-0.36 0.0418846
-0.35 0.0496464
-0.34 0.0569864
-0.33 0.0638663
-0.32 0.070251
-0.31 0.0761084
-0.3 0.0814099
-0.29 0.0861304
-0.28 0.090248
-0.27 0.0937447
-0.26 0.0966058
-0.25 0.0988206
-0.24 0.100382
-0.23 0.101285
-0.22 0.101532
-0.21 0.101124
-0.2 0.100071
-0.19 0.0983804
-0.18 0.0960682
-0.17 0.0931509
-0.16 0.089649
-0.15 0.0855859
-0.14 0.0809878
-0.13 0.0758838
-0.12 0.0703056
-0.11 0.064287
-0.1 0.0578645
-0.09 0.0510762
-0.08 0.0439625
-0.07 0.0365651
-0.06 0.0289272
-0.05 0.0210932
-0.04 0.0131087
-0.03 0.00501995
-0.02 -0.00312638
-0.01 -0.0112831
0 -0.019403
0.01 -0.027439
0.02 -0.0353442
0.03 -0.0430724
0.04 -0.0505783
0.05 -0.0578172
0.06 -0.0647458
0.07 -0.0713222
0.08 -0.0775061
0.09 -0.0832587
0.1 -0.0885433
0.11 -0.0933253
0.12 -0.0975722
0.13 -0.101254
0.14 -0.104343
0.15 -0.106814
0.16 -0.108645
0.17 -0.109817
0.18 -0.110312
0.19 -0.110118
0.2 -0.109223
0.21 -0.10762
0.22 -0.105305
0.23 -0.102276
0.24 -0.0985338
0.25 -0.094084
0.26 -0.088934
0.27 -0.0830944
0.28 -0.0765788
0.29 -0.0694036
0.3 -0.061588
0.31 -0.0531539
0.32 -0.0441256
0.33 -0.0345303
0.34 -0.024397
0.35 -0.0137574
0.36 -0.00264507
0.37 0.0089046
0.38 0.0208543
0.39 0.0331651
0.4 0.0457967
0.41 0.0587076
0.42 0.071855
0.43 0.0851954
0.44 0.0986844
0.45 0.112277
0.46 0.125929
0.47 0.139593
0.48 0.153226
0.49 0.166781
0.5 0.180213
0.51 0.19348
0.52 0.206537
0.53 0.219341
0.54 0.231851
0.55 0.244027
0.56 0.255829
0.57 0.267221
0.58 0.278167
0.59 0.288632
0.6 0.298585
0.61 0.307996
0.62 0.316836
0.63 0.325081
0.64 0.332706
0.65 0.339691
0.66 0.346017
0.67 0.351668
0.68 0.356631
0.69 0.360894
0.7 0.36445
0.71 0.367291
0.72 0.369416
0.73 0.370822
0.74 0.371513
0.75 0.371493
0.76 0.370767
0.77 0.369346
0.78 0.367241
0.79 0.364466
0.8 0.361036
0.81 0.35697
0.82 0.352288
0.83 0.347012
0.84 0.341165
0.85 0.334773
0.86 0.327864
0.87 0.320465
0.88 0.312606
0.89 0.304318
0.9 0.295633
0.91 0.286583
0.92 0.277203
0.93 0.267526
0.94 0.257587
0.95 0.24742
0.96 0.237062
0.97 0.226546
0.98 0.215909
0.99 0.205184
1 0.194406
1.01 0.183609
1.02 0.172827
1.03 0.162091
1.04 0.151433
1.05 0.140885
1.06 0.130476
1.07 0.120233
1.08 0.110185
1.09 0.100358
1.1 0.0907746
1.11 0.081459
1.12 0.0724325
1.13 0.0637146
1.14 0.0553235
1.15 0.0472756
1.16 0.0395856
1.17 0.0322664
1.18 0.0253292
1.19 0.0187834
1.2 0.0126366
1.21 0.00689457
1.22 0.00156151
1.23 -0.00336024
1.24 -0.00787001
1.25 -0.0119688
1.26 -0.0156592
1.27 -0.0189454
1.28 -0.0218331
1.29 -0.0243294
1.3 -0.026443
1.31 -0.0281836
1.32 -0.0295625
1.33 -0.0305919
1.34 -0.0312852
1.35 -0.0316568
1.36 -0.031722
1.37 -0.0314969
1.38 -0.0309984
1.39 -0.030244
1.4 -0.0292518
1.41 -0.0280404
1.42 -0.0266285
1.43 -0.0250354
1.44 -0.0232804
1.45 -0.0213828
1.46 -0.0193622
1.47 -0.0172378
1.48 -0.0150288
1.49 -0.012754
1.5 -0.010432
1.51 -0.00808086
1.52 -0.00571822
1.53 -0.00336116
1.54 -0.00102609
1.55 0.00127124
1.56 0.00351582
1.57 0.00569345
1.58 0.00779076
1.59 0.00979528
1.6 0.0116954
1.61 0.0134806
1.62 0.0151413
1.63 0.0166687
1.64 0.0180553
1.65 0.0192945
1.66 0.0203808
1.67 0.0213096
1.68 0.0220776
1.69 0.0226822
1.7 0.0231221
1.71 0.0233968
1.72 0.0235068
1.73 0.0234537
1.74 0.0232398
1.75 0.0228685
1.76 0.0223439
1.77 0.0216709
1.78 0.0208553
1.79 0.0199036
1.8 0.0188228
1.81 0.0176207
1.82 0.0163056
1.83 0.0148863
1.84 0.0133722
1.85 0.011773
1.86 0.0100987
1.87 0.00835971
1.88 0.00656661
1.89 0.00473018
1.9 0.00286134
1.91 0.000971068
1.92 -0.000929639
1.93 -0.00282982
1.94 -0.00471862
1.95 -0.00658529
1.96 -0.00841932
1.97 -0.0102104
1.98 -0.0119485
1.99 -0.0136239
2 -0.0152274
2.01 -0.01675
2.02 -0.0181832
2.03 -0.019519
2.04 -0.0207499
2.05 -0.0218689
2.06 -0.0228697
2.07 -0.0237462
2.08 -0.0244934
2.09 -0.0251064
2.1 -0.0255813
2.11 -0.0259146
2.12 -0.0261036
2.13 -0.026146
2.14 -0.0260403
2.15 -0.0257857
2.16 -0.0253819
2.17 -0.0248291
2.18 -0.0241283
2.19 -0.023281
2.2 -0.0222893
2.21 -0.0211559
2.22 -0.019884
2.23 -0.0184771
2.24 -0.0169396
2.25 -0.0152761
2.26 -0.0134916
2.27 -0.0115917
2.28 -0.00958222
2.29 -0.00746937
2.3 -0.00525973
2.31 -0.00296013
2.32 -0.000577649
2.33 0.00188038
2.34 0.00440645
2.35 0.00699289
2.36 0.0096319
2.37 0.0123156
2.38 0.015036
2.39 0.0177851
2.4 0.0205549
2.41 0.0233374
2.42 0.0261248
2.43 0.0289091
2.44 0.0316827
2.45 0.0344379
2.46 0.0371672
2.47 0.0398635
2.48 0.0425197
2.49 0.0451288
2.5 0.0476844
2.51 0.05018
2.52 0.0526096
2.53 0.0549674
2.54 0.0572479
2.55 0.059446
2.56 0.0615567
2.57 0.0635756
2.58 0.0654984
2.59 0.0673214
2.6 0.0690409
2.61 0.0706539
2.62 0.0721574
2.63 0.0735492
2.64 0.0748269
2.65 0.075989
2.66 0.0770338
2.67 0.0779604
2.68 0.0787679
2.69 0.0794559
2.7 0.0800243
2.71 0.0804733
2.72 0.0808033
2.73 0.0810152
2.74 0.0811099
2.75 0.0810887
2.76 0.0809534
2.77 0.0807056
2.78 0.0803474
2.79 0.0798812
2.8 0.0793095
2.81 0.0786348
2.82 0.0778602
2.83 0.0769886
2.84 0.0760233
2.85 0.0749677
2.86 0.0738253
2.87 0.0725997
2.88 0.0712946
2.89 0.069914
2.9 0.0684618
2.91 0.066942
2.92 0.0653587
2.93 0.063716
2.94 0.0620183
2.95 0.0602697
2.96 0.0584745
2.97 0.056637
2.98 0.0547615
2.99 0.0528524
3 0.050914
3.01 0.0489505
3.02 0.0469662
3.03 0.0449653
3.04 0.0429521
3.05 0.0409308
3.06 0.0389054
3.07 0.03688
3.08 0.0348586
3.09 0.032845
3.1 0.0308432
3.11 0.028857
3.12 0.0268899
3.13 0.0249456
3.14 0.0230275
3.15 0.0211391
3.16 0.0192835
3.17 0.017464
3.18 0.0156836
3.19 0.0139452
3.2 0.0122516
3.21 0.0106054
3.22 0.00900917
3.23 0.00746527
3.24 0.00597593
3.25 0.00454322
3.26 0.00316908
3.27 0.00185528
3.28 0.000603412
3.29 -0.000585065
3.3 -0.00170887
3.31 -0.0027669
3.32 -0.00375822
3.33 -0.00468205
3.34 -0.00553781
3.35 -0.00632509
3.36 -0.00704364
3.37 -0.00769343
3.38 -0.00827458
3.39 -0.00878738
3.4 -0.00923232
3.41 -0.00961008
3.42 -0.00992149
3.43 -0.0101676
3.44 -0.0103495
3.45 -0.0104686
3.46 -0.0105265
3.47 -0.0105248
3.48 -0.0104655
3.49 -0.0103504
3.5 -0.0101817
3.51 -0.00996176
3.52 -0.00969299
3.53 -0.00937794
3.54 -0.00901928
3.55 -0.00861981
3.56 -0.00818241
3.57 -0.00771009
3.58 -0.00720589
3.59 -0.00667298
3.6 -0.00611457
3.61 -0.0055339
3.62 -0.00493429
3.63 -0.00431907
3.64 -0.00369159
3.65 -0.0030552
3.66 -0.00241325
3.67 -0.00176908
3.68 -0.00112598
3.69 -0.0004872
3.7 0.000144055
3.71 0.000764661
3.72 0.00137157
3.73 0.00196183
3.74 0.0025326
3.75 0.00308114
3.76 0.00360485
3.77 0.00410128
3.78 0.00456811
3.79 0.00500318
3.8 0.00540451
3.81 0.00577029
3.82 0.0060989
3.83 0.00638891
3.84 0.00663909
3.85 0.00684841
3.86 0.00701605
3.87 0.00714141
3.88 0.00722409
3.89 0.00726393
3.9 0.00726097
3.91 0.00721549
3.92 0.00712796
3.93 0.0069991
3.94 0.00682981
3.95 0.00662122
3.96 0.00637468
3.97 0.0060917
3.98 0.00577402
3.99 0.00542354
4 0.00504236
4.01 0.00463272
4.02 0.00419704
4.03 0.00373787
4.04 0.00325791
4.05 0.00275997
4.06 0.00224697
4.07 0.00172194
4.08 0.00118795
4.09 0.000648194
4.1 0.000105867
4.11 -0.000435777
4.12 -0.000973471
4.13 -0.00150394
4.14 -0.00202393
4.15 -0.0025302
4.16 -0.00301957
4.17 -0.00348892
4.18 -0.00393519
4.19 -0.00435542
4.2 -0.00474677
4.21 -0.00510649
4.22 -0.005432
4.23 -0.00572085
4.24 -0.00597075
4.25 -0.00617959
4.26 -0.00634544
4.27 -0.00646658
4.28 -0.00654146
4.29 -0.00656879
4.3 -0.00654747
4.31 -0.00647663
4.32 -0.00635565
4.33 -0.00618414
4.34 -0.00596195
4.35 -0.00568917
4.36 -0.00536614
4.37 -0.00499344
4.38 -0.00457191
4.39 -0.0041026
4.4 -0.00358682
4.41 -0.0030261
4.42 -0.00242221
4.43 -0.00177713
4.44 -0.00109304
4.45 -0.00037234
4.46 0.000382397
4.47 0.00116841
4.48 0.00198277
4.49 0.00282239
4.5 0.00368407
4.51 0.00456444
4.52 0.00546006
4.53 0.00636737
4.54 0.00728276
4.55 0.00820252
4.56 0.00912293
4.57 0.0100402
4.58 0.0109507
4.59 0.0118504
4.6 0.0127358
4.61 0.0136032
4.62 0.0144489
4.63 0.0152693
4.64 0.0160611
4.65 0.0168208
4.66 0.0175453
4.67 0.0182315
4.68 0.0188764
4.69 0.0194774
4.7 0.0200319
4.71 0.0205375
4.72 0.020992
4.73 0.0213936
4.74 0.0217405
4.75 0.0220313
4.76 0.0222647
4.77 0.0224397
4.78 0.0225557
4.79 0.0226121
4.8 0.0226087
4.81 0.0225456
4.82 0.0224231
4.83 0.0222417
4.84 0.0220023
4.85 0.021706
4.86 0.0213539
4.87 0.0209478
4.88 0.0204893
4.89 0.0199805
4.9 0.0194236
4.91 0.018821
4.92 0.0181753
4.93 0.0174894
4.94 0.016766
4.95 0.0160085
4.96 0.0152199
4.97 0.0144036
4.98 0.0135631
4.99 0.012702
5 0.0118238
