-5 0.00952335
-4.99 0.00948861
-4.98 0.0094563
-4.97 0.00942624
-4.96 0.00939829
-4.95 0.0093723
-4.94 0.00934814
-4.93 0.00932571
-4.92 0.00930489
-4.91 0.00928559
-4.9 0.00926773
-4.89 0.00925122
-4.88 0.00923599
-4.87 0.00922199
-4.86 0.00920914
-4.85 0.0091974
-4.84 0.00918672
-4.83 0.00917705
-4.82 0.00916836
-4.81 0.0091606
-4.8 0.00915376
-4.79 0.0091478
-4.78 0.0091427
-4.77 0.00913845
-4.76 0.00913503
-4.75 0.00913244
-4.74 0.00913067
-4.73 0.00912973
-4.72 0.00912962
-4.71 0.00913037
-4.7 0.00913201
-4.69 0.00913457
-4.68 0.00913813
-4.67 0.00914277
-4.66 0.00914859
-4.65 0.00915577
-4.64 0.00916451
-4.63 0.00917512
-4.62 0.00918806
-4.61 0.00920396
-4.6 0.00922382
-4.59 0.00924919
-4.58 0.0092826
-4.57 0.00932846
-4.56 0.0093949
-4.55 0.0094983
-4.54 0.00967548
-4.53 0.0100223
-4.52 0.0108419
-4.51 0.0132606
-4.5 0.0177427
-4.49 0.0137506
-4.48 0.0110354
-4.47 0.0101457
-4.46 0.00979244
-4.45 0.00962708
-4.44 0.00954197
-4.43 0.00949658
-4.42 0.00947318
-4.41 0.00946304
-4.4 0.00946153
-4.39 0.00946599
-4.38 0.00947481
-4.37 0.009487
-4.36 0.00950191
-4.35 0.00951911
-4.34 0.00953831
-4.33 0.00955933
-4.32 0.00958203
-4.31 0.00960634
-4.3 0.00963221
-4.29 0.00965961
-4.28 0.00968855
-4.27 0.00971905
-4.26 0.00975112
-4.25 0.00978481
-4.24 0.00982017
-4.23 0.00985726
-4.22 0.00989614
-4.21 0.0099369
-4.2 0.00997961
-4.19 0.0100244
-4.18 0.0100713
-4.17 0.0101205
-4.16 0.0101721
-4.15 0.0102262
-4.14 0.010283
-4.13 0.0103426
-4.12 0.0104053
-4.11 0.0104711
-4.1 0.0105404
-4.09 0.0106132
-4.08 0.01069
-4.07 0.0107708
-4.06 0.0108561
-4.05 0.0109462
-4.04 0.0110413
-4.03 0.0111419
-4.02 0.0112483
-4.01 0.0113611
-4 0.0114808
-3.99 0.0116078
-3.98 0.0117428
-3.97 0.0118866
-3.96 0.0120397
-3.95 0.0122032
-3.94 0.0123779
-3.93 0.0125648
-3.92 0.0127652
-3.91 0.0129803
-3.9 0.0132116
-3.89 0.0134609
-3.88 0.0137299
-3.87 0.0140209
-3.86 0.0143363
-3.85 0.0146789
-3.84 0.015052
-3.83 0.0154592
-3.82 0.0159049
-3.81 0.016394
-3.8 0.0169325
-3.79 0.0175272
-3.78 0.0181863
-3.77 0.0189193
-3.76 0.0197379
-3.75 0.0206558
-3.74 0.0216898
-3.73 0.0228605
-3.72 0.0241931
-3.71 0.0257189
-3.7 0.0274771
-3.69 0.0295176
-3.68 0.0319043
-3.67 0.0347201
-3.66 0.0380744
-3.65 0.042114
-3.64 0.047039
-3.63 0.053128
-3.62 0.0607787
-3.61 0.0705735
-3.6 0.083393
-3.59 0.100619
-3.58 0.124519
-3.57 0.159018
-3.56 0.211379
-3.55 0.296239
-3.54 0.446534
-3.53 0.748146
-3.52 1.47281
-3.51 3.63067
-3.5 7.5907
-3.49 3.99998
-3.48 1.58903
-3.47 0.790444
-3.46 0.465229
-3.45 0.305674
-3.44 0.216574
-3.43 0.162044
-3.42 0.126342
-3.41 0.101733
-3.4 0.0840702
-3.39 0.0709724
-3.38 0.060996
-3.37 0.0532249
-3.36 0.0470555
-3.35 0.042077
-3.34 0.0380023
-3.33 0.0346257
-3.32 0.0317967
-3.31 0.0294035
-3.3 0.0273611
-3.29 0.0256045
-3.28 0.0240829
-3.27 0.0227564
-3.26 0.0215932
-3.25 0.0205677
-3.24 0.0196592
-3.23 0.0188506
-3.22 0.0181279
-3.21 0.0174796
-3.2 0.0168958
-3.19 0.0163684
-3.18 0.0158904
-3.17 0.015456
-3.16 0.01506
-3.15 0.0146983
-3.14 0.0143671
-3.13 0.014063
-3.12 0.0137833
-3.11 0.0135256
-3.1 0.0132877
-3.09 0.0130676
-3.08 0.0128638
-3.07 0.0126747
-3.06 0.0124991
-3.05 0.0123357
-3.04 0.0121836
-3.03 0.0120417
-3.02 0.0119093
-3.01 0.0117856
-3 0.01167
-2.99 0.0115617
-2.98 0.0114604
-2.97 0.0113654
-2.96 0.0112764
-2.95 0.0111929
-2.94 0.0111146
-2.93 0.0110411
-2.92 0.010972
-2.91 0.0109072
-2.9 0.0108464
-2.89 0.0107893
-2.88 0.0107357
-2.87 0.0106854
-2.86 0.0106383
-2.85 0.0105941
-2.84 0.0105527
-2.83 0.010514
-2.82 0.0104779
-2.81 0.0104442
-2.8 0.0104128
-2.79 0.0103836
-2.78 0.0103566
-2.77 0.0103317
-2.76 0.0103087
-2.75 0.0102877
-2.74 0.0102686
-2.73 0.0102513
-2.72 0.0102358
-2.71 0.0102221
-2.7 0.0102102
-2.69 0.0102
-2.68 0.0101917
-2.67 0.0101852
-2.66 0.0101806
-2.65 0.0101781
-2.64 0.0101778
-2.63 0.01018
-2.62 0.010185
-2.61 0.0101934
-2.6 0.0102061
-2.59 0.0102244
-2.58 0.0102506
-2.57 0.0102886
-2.56 0.0103455
-2.55 0.0104358
-2.54 0.0105922
-2.53 0.0108995
-2.52 0.0116257
-2.51 0.0137671
-2.5 0.0177491
-2.49 0.0142212
-2.48 0.0118123
-2.47 0.0110265
-2.46 0.0107179
-2.45 0.0105771
-2.44 0.0105082
-2.43 0.0104753
-2.42 0.0104627
-2.41 0.0104627
-2.4 0.0104712
-2.39 0.0104857
-2.38 0.010505
-2.37 0.0105282
-2.36 0.0105546
-2.35 0.010584
-2.34 0.0106161
-2.33 0.0106508
-2.32 0.010688
-2.31 0.0107277
-2.3 0.0107698
-2.29 0.0108145
-2.28 0.0108617
-2.27 0.0109114
-2.26 0.0109639
-2.25 0.0110191
-2.24 0.0110772
-2.23 0.0111383
-2.22 0.0112025
-2.21 0.01127
-2.2 0.0113409
-2.19 0.0114154
-2.18 0.0114937
-2.17 0.011576
-2.16 0.0116625
-2.15 0.0117535
-2.14 0.0118492
-2.13 0.0119498
-2.12 0.0120558
-2.11 0.0121674
-2.1 0.012285
-2.09 0.012409
-2.08 0.0125398
-2.07 0.0126779
-2.06 0.0128238
-2.05 0.012978
-2.04 0.0131412
-2.03 0.013314
-2.02 0.0134972
-2.01 0.0136915
-2 0.0138979
-1.99 0.0141173
-1.98 0.0143508
-1.97 0.0145996
-1.96 0.014865
-1.95 0.0151485
-1.94 0.0154518
-1.93 0.0157767
-1.92 0.0161252
-1.91 0.0164997
-1.9 0.0169028
-1.89 0.0173374
-1.88 0.0178068
-1.87 0.0183149
-1.86 0.018866
-1.85 0.0194649
-1.84 0.0201175
-1.83 0.0208303
-1.82 0.0216107
-1.81 0.0224678
-1.8 0.0234117
-1.79 0.0244546
-1.78 0.0256108
-1.77 0.0268973
-1.76 0.0283344
-1.75 0.0299465
-1.74 0.0317632
-1.73 0.0338205
-1.72 0.0361629
-1.71 0.0388456
-1.7 0.0419377
-1.69 0.045527
-1.68 0.049726
-1.67 0.0546808
-1.66 0.0605842
-1.65 0.0676946
-1.64 0.0763645
-1.63 0.0870848
-1.62 0.100556
-1.61 0.117803
-1.6 0.140379
-1.59 0.170716
-1.58 0.212809
-1.57 0.27357
-1.56 0.365795
-1.55 0.515265
-1.54 0.779995
-1.53 1.31126
-1.52 2.58769
-1.51 6.38862
-1.5 13.3639
-1.49 7.03912
-1.48 2.79239
-1.47 1.38573
-1.46 0.812877
-1.45 0.531826
-1.44 0.374876
-1.43 0.278818
-1.42 0.215925
-1.41 0.172572
-1.4 0.141453
-1.39 0.118376
-1.38 0.100796
-1.37 0.0871012
-1.36 0.0762272
-1.35 0.067451
-1.34 0.0602665
-1.33 0.0543116
-1.32 0.0493213
-1.31 0.0450983
-1.3 0.0414933
-1.29 0.0383916
-1.28 0.0357037
-1.27 0.0333594
-1.26 0.0313026
-1.25 0.0294882
-1.24 0.0278797
-1.23 0.0264471
-1.22 0.0251657
-1.21 0.0240151
-1.2 0.0229781
-1.19 0.0220402
-1.18 0.0211893
-1.17 0.020415
-1.16 0.0197083
-1.15 0.0190618
-1.14 0.0184687
-1.13 0.0179234
-1.12 0.0174208
-1.11 0.0169568
-1.1 0.0165274
-1.09 0.0161294
-1.08 0.0157598
-1.07 0.0154159
-1.06 0.0150955
-1.05 0.0147965
-1.04 0.014517
-1.03 0.0142555
-1.02 0.0140104
-1.01 0.0137804
-1 0.0135643
-0.99 0.0133611
-0.98 0.0131698
-0.97 0.0129894
-0.96 0.0128192
-0.95 0.0126585
-0.94 0.0125066
-0.93 0.0123628
-0.92 0.0122266
-0.91 0.0120976
-0.9 0.0119752
-0.89 0.011859
-0.88 0.0117486
-0.87 0.0116437
-0.86 0.0115439
-0.85 0.0114489
-0.84 0.0113584
-0.83 0.0112721
-0.82 0.0111899
-0.81 0.0111114
-0.8 0.0110364
-0.79 0.0109648
-0.78 0.0108963
-0.77 0.0108308
-0.76 0.010768
-0.75 0.0107079
-0.74 0.0106502
-0.73 0.0105947
-0.72 0.0105414
-0.71 0.0104901
-0.7 0.0104405
-0.69 0.0103925
-0.68 0.0103458
-0.67 0.0103004
-0.66 0.0102557
-0.65 0.0102116
-0.64 0.0101676
-0.63 0.0101231
-0.62 0.0100774
-0.61 0.0100292
-0.6 0.00997693
-0.59 0.00991801
-0.58 0.00984823
-0.57 0.00976033
-0.56 0.00964094
-0.55 0.00946318
-0.54 0.00916665
-0.53 0.00859407
-0.52 0.00724853
-0.51 0.00328283
-0.5 -0.00406198
-0.49 0.00248923
-0.48 0.0069471
-0.47 0.00841462
-0.46 0.00900511
-0.45 0.00928977
-0.44 0.00944509
-0.43 0.00953754
-0.42 0.00959624
-0.41 0.00963549
-0.4 0.00966296
-0.39 0.00968305
-0.38 0.00969843
-0.37 0.0097108
-0.36 0.00972129
-0.35 0.00973065
-0.34 0.00973944
-0.33 0.00974804
-0.32 0.00975676
-0.31 0.00976581
-0.3 0.00977539
-0.29 0.00978563
-0.28 0.00979666
-0.27 0.00980859
-0.26 0.0098215
-0.25 0.00983549
-0.24 0.00985063
-0.23 0.00986701
-0.22 0.0098847
-0.21 0.00990378
-0.2 0.00992432
-0.19 0.00994642
-0.18 0.00997015
-0.17 0.00999561
-0.16 0.0100229
-0.15 0.0100521
-0.14 0.0100833
-0.13 0.0101167
-0.12 0.0101524
-0.11 0.0101904
-0.1 0.0102311
-0.09 0.0102744
-0.08 0.0103206
-0.07 0.0103699
-0.06 0.0104225
-0.05 0.0104786
-0.04 0.0105384
-0.03 0.0106023
-0.02 0.0106705
-0.01 0.0107433
0 0.0108211
0.01 0.0109044
0.02 0.0109934
0.03 0.0110888
0.04 0.011191
0.05 0.0113007
0.06 0.0114185
0.07 0.0115452
0.08 0.0116816
0.09 0.0118286
0.1 0.0119873
0.11 0.0121589
0.12 0.0123448
0.13 0.0125464
0.14 0.0127656
0.15 0.0130044
0.16 0.013265
0.17 0.0135501
0.18 0.0138628
0.19 0.0142067
0.2 0.014586
0.21 0.0150056
0.22 0.0154713
0.23 0.01599
0.24 0.01657
0.25 0.0172212
0.26 0.0179555
0.27 0.0187878
0.28 0.0197359
0.29 0.0208224
0.3 0.0220754
0.31 0.0235304
0.32 0.0252333
0.33 0.0272434
0.34 0.0296391
0.35 0.0325253
0.36 0.0360454
0.37 0.0403988
0.38 0.0458701
0.39 0.0528763
0.4 0.0620478
0.41 0.0743739
0.42 0.0914774
0.43 0.116168
0.44 0.153645
0.45 0.214387
0.46 0.321971
0.47 0.537875
0.48 1.05662
0.49 2.60132
0.5 5.43611
0.51 2.86568
0.52 1.1398
0.53 0.568123
0.54 0.335312
0.55 0.22109
0.56 0.157302
0.57 0.118261
0.58 0.092699
0.59 0.0750776
0.6 0.0624283
0.61 0.053047
0.62 0.0459002
0.63 0.0403321
0.64 0.0359105
0.65 0.0323414
0.66 0.0294193
0.67 0.0269969
0.68 0.0249665
0.69 0.023248
0.7 0.0217807
0.71 0.0205179
0.72 0.0194234
0.73 0.0184684
0.74 0.0176304
0.75 0.0168908
0.76 0.016235
0.77 0.0156507
0.78 0.0151279
0.79 0.0146582
0.8 0.0142347
0.81 0.0138515
0.82 0.0135037
0.83 0.013187
0.84 0.0128978
0.85 0.012633
0.86 0.01239
0.87 0.0121665
0.88 0.0119603
0.89 0.0117698
0.9 0.0115934
0.91 0.0114297
0.92 0.0112776
0.93 0.011136
0.94 0.0110039
0.95 0.0108805
0.96 0.0107651
0.97 0.010657
0.98 0.0105556
0.99 0.0104603
1 0.0103707
1.01 0.0102863
1.02 0.0102067
1.03 0.0101316
1.04 0.0100607
1.05 0.00999357
1.06 0.00993004
1.07 0.00986984
1.08 0.00981274
1.09 0.00975853
1.1 0.00970703
1.11 0.00965805
1.12 0.00961144
1.13 0.00956704
1.14 0.00952473
1.15 0.00948437
1.16 0.00944584
1.17 0.00940904
1.18 0.00937385
1.19 0.0093402
1.2 0.00930798
1.21 0.00927711
1.22 0.00924752
1.23 0.00921913
1.24 0.00919186
1.25 0.00916565
1.26 0.00914042
1.27 0.00911612
1.28 0.00909267
1.29 0.00907001
1.3 0.00904807
1.31 0.00902677
1.32 0.00900603
1.33 0.00898576
1.34 0.00896584
1.35 0.00894613
1.36 0.00892648
1.37 0.00890664
1.38 0.00888631
1.39 0.00886505
1.4 0.00884221
1.41 0.00881677
1.42 0.0087871
1.43 0.00875036
1.44 0.00870134
1.45 0.00862956
1.46 0.00851149
1.47 0.00828586
1.48 0.00775917
1.49 0.00621212
1.5 0.00334021
1.51 0.00588867
1.52 0.00762868
1.53 0.00819964
1.54 0.00842774
1.55 0.00853629
1.56 0.00859429
1.57 0.0086277
1.58 0.00864789
1.59 0.00866046
1.6 0.00866838
1.61 0.00867338
1.62 0.00867649
1.63 0.00867838
1.64 0.00867949
1.65 0.00868009
1.66 0.00868042
1.67 0.00868061
1.68 0.00868078
1.69 0.00868101
1.7 0.00868136
1.71 0.0086819
1.72 0.00868266
1.73 0.00868367
1.74 0.00868498
1.75 0.0086866
1.76 0.00868856
1.77 0.00869089
1.78 0.00869361
1.79 0.00869674
1.8 0.0087003
1.81 0.00870433
1.82 0.00870883
1.83 0.00871384
1.84 0.00871938
1.85 0.00872548
1.86 0.00873217
1.87 0.00873949
1.88 0.00874745
1.89 0.00875612
1.9 0.00876551
1.91 0.00877569
1.92 0.00878668
1.93 0.00879855
1.94 0.00881136
1.95 0.00882515
1.96 0.00884001
1.97 0.008856
1.98 0.00887321
1.99 0.00889172
2 0.00891163
2.01 0.00893305
2.02 0.00895611
2.03 0.00898093
2.04 0.00900766
2.05 0.00903646
2.06 0.00906753
2.07 0.00910107
2.08 0.00913729
2.09 0.00917648
2.1 0.0092189
2.11 0.0092649
2.12 0.00931485
2.13 0.00936917
2.14 0.00942834
2.15 0.00949292
2.16 0.00956355
2.17 0.00964095
2.18 0.00972598
2.19 0.00981962
2.2 0.00992303
2.21 0.0100376
2.22 0.0101648
2.23 0.0103067
2.24 0.0104655
2.25 0.010644
2.26 0.0108454
2.27 0.0110738
2.28 0.0113342
2.29 0.0116327
2.3 0.0119771
2.31 0.0123773
2.32 0.0128458
2.33 0.013399
2.34 0.0140586
2.35 0.0148534
2.36 0.015823
2.37 0.0170223
2.38 0.0185299
2.39 0.0204607
2.4 0.0229885
2.41 0.0263861
2.42 0.0311009
2.43 0.0379075
2.44 0.0482397
2.45 0.0649863
2.46 0.0946478
2.47 0.154175
2.48 0.297199
2.49 0.723095
2.5 1.50468
2.51 0.79598
2.52 0.320129
2.53 0.16251
2.54 0.0983197
2.55 0.0668262
2.56 0.0492383
2.57 0.0384734
2.58 0.0314248
2.59 0.0265656
2.6 0.0230773
2.61 0.02049
2.62 0.0185188
2.63 0.0169829
2.64 0.0157631
2.65 0.0147784
2.66 0.013972
2.67 0.0133034
2.68 0.0127429
2.69 0.0122685
2.7 0.0118632
2.71 0.0115144
2.72 0.011212
2.73 0.010948
2.74 0.0107163
2.75 0.0105118
2.76 0.0103304
2.77 0.0101686
2.78 0.0100239
2.79 0.00989376
2.8 0.00977638
2.81 0.00967013
2.82 0.00957364
2.83 0.00948573
2.84 0.00940541
2.85 0.00933184
2.86 0.00926426
2.87 0.00920205
2.88 0.00914464
2.89 0.00909155
2.9 0.00904235
2.91 0.00899667
2.92 0.00895418
2.93 0.00891459
2.94 0.00887763
2.95 0.00884307
2.96 0.00881072
2.97 0.00878037
2.98 0.00875188
2.99 0.00872508
3 0.00869986
3.01 0.00867607
3.02 0.00865362
3.03 0.00863241
3.04 0.00861234
3.05 0.00859333
3.06 0.00857532
3.07 0.00855822
3.08 0.00854199
3.09 0.00852655
3.1 0.00851186
3.11 0.00849787
3.12 0.00848454
3.13 0.00847182
3.14 0.00845968
3.15 0.00844808
3.16 0.00843699
3.17 0.00842637
3.18 0.00841621
3.19 0.00840647
3.2 0.00839713
3.21 0.00838817
3.22 0.00837956
3.23 0.00837128
3.24 0.00836332
3.25 0.00835566
3.26 0.00834827
3.27 0.00834114
3.28 0.00833426
3.29 0.00832759
3.3 0.00832114
3.31 0.00831487
3.32 0.00830876
3.33 0.0083028
3.34 0.00829695
3.35 0.00829119
3.36 0.00828546
3.37 0.00827973
3.38 0.0082739
3.39 0.00826789
3.4 0.00826154
3.41 0.00825461
3.42 0.00824672
3.43 0.00823722
3.44 0.0082249
3.45 0.00820733
3.46 0.00817908
3.47 0.00812597
3.48 0.0080033
3.49 0.00764488
3.5 0.00697762
3.51 0.0075656
3.52 0.00796883
3.53 0.00810057
3.54 0.0081527
3.55 0.0081771
3.56 0.00818978
3.57 0.00819677
3.58 0.0082007
3.59 0.00820288
3.6 0.00820399
3.61 0.00820443
3.62 0.00820445
3.63 0.0082042
3.64 0.00820377
3.65 0.00820323
3.66 0.00820264
3.67 0.00820203
3.68 0.00820142
3.69 0.00820083
3.7 0.00820028
3.71 0.00819977
3.72 0.00819933
3.73 0.00819895
3.74 0.00819864
3.75 0.00819841
3.76 0.00819827
3.77 0.00819822
3.78 0.00819826
3.79 0.0081984
3.8 0.00819864
3.81 0.008199
3.82 0.00819946
3.83 0.00820005
3.84 0.00820077
3.85 0.00820161
3.86 0.0082026
3.87 0.00820373
3.88 0.00820501
3.89 0.00820645
3.9 0.00820806
3.91 0.00820985
3.92 0.00821183
3.93 0.00821401
3.94 0.0082164
3.95 0.00821902
3.96 0.00822188
3.97 0.008225
3.98 0.0082284
3.99 0.00823209
4 0.00823609
4.01 0.00824044
4.02 0.00824515
4.03 0.00825027
4.04 0.00825581
4.05 0.00826182
4.06 0.00826833
4.07 0.0082754
4.08 0.00828307
4.09 0.00829141
4.1 0.00830046
4.11 0.00831032
4.12 0.00832106
4.13 0.00833278
4.14 0.00834558
4.15 0.00835958
4.16 0.00837493
4.17 0.0083918
4.18 0.00841036
4.19 0.00843084
4.2 0.0084535
4.21 0.00847864
4.22 0.00850661
4.23 0.00853784
4.24 0.00857283
4.25 0.00861219
4.26 0.00865665
4.27 0.00870713
4.28 0.00876472
4.29 0.00883079
4.3 0.00890708
4.31 0.00899576
4.32 0.00909965
4.33 0.00922237
4.34 0.00936874
4.35 0.0095452
4.36 0.00976052
4.37 0.0100269
4.38 0.0103619
4.39 0.010791
4.4 0.0113528
4.41 0.0121081
4.42 0.0131563
4.43 0.0146696
4.44 0.0169669
4.45 0.0206907
4.46 0.0272864
4.47 0.0405234
4.48 0.072328
4.49 0.167036
4.5 0.340841
4.51 0.183244
4.52 0.0774261
4.53 0.0423753
4.54 0.0281009
4.55 0.0210973
4.56 0.0171859
4.57 0.0147919
4.58 0.0132242
4.59 0.0121434
4.6 0.0113674
4.61 0.0107919
4.62 0.0103533
4.63 0.0100115
4.64 0.00974002
4.65 0.00952082
4.66 0.00934128
4.67 0.00919238
4.68 0.00906752
4.69 0.00896179
4.7 0.00887146
4.71 0.00879367
4.72 0.0087262
4.73 0.00866729
4.74 0.00861555
4.75 0.00856986
4.76 0.0085293
4.77 0.00849313
4.78 0.00846073
4.79 0.00843159
4.8 0.00840528
4.81 0.00838145
4.82 0.00835979
4.83 0.00834004
4.84 0.00832198
4.85 0.00830542
4.86 0.0082902
4.87 0.00827617
4.88 0.00826321
4.89 0.00825121
4.9 0.00824008
4.91 0.00822973
4.92 0.00822009
4.93 0.0082111
4.94 0.00820269
4.95 0.00819482
4.96 0.00818744
4.97 0.00818051
4.98 0.00817399
4.99 0.00816785
5 0.00816206
