-5 0.10727
-4.99 0.102752
-4.98 0.09808
-4.97 0.093269
-4.96 0.0883326
-4.95 0.0832856
-4.94 0.0781431
-4.93 0.0729206
-4.92 0.067634
-4.91 0.0622998
-4.9 0.0569346
-4.89 0.051555
-4.88 0.046178
-4.87 0.0408208
-4.86 0.0355004
-4.85 0.0302339
-4.84 0.0250382
-4.83 0.0199301
-4.82 0.0149261
-4.81 0.0100426
-4.8 0.00529528
-4.79 0.000699691
-4.78 -0.00372927
-4.77 -0.00797722
-4.76 -0.0120304
-4.75 -0.0158759
-4.74 -0.0195013
-4.73 -0.0228952
-4.72 -0.0260469
-4.71 -0.0289468
-4.7 -0.0315861
-4.69 -0.0339571
-4.68 -0.0360533
-4.67 -0.0378689
-4.66 -0.0393996
-4.65 -0.0406421
-4.64 -0.0415943
-4.63 -0.0422553
-4.62 -0.0426255
-4.61 -0.0427062
-4.6 -0.0425005
-4.59 -0.0420122
-4.58 -0.0412466
-4.57 -0.0402102
-4.56 -0.0389107
-4.55 -0.0373569
-4.54 -0.0355587
-4.53 -0.0335274
-4.52 -0.0312751
-4.51 -0.028815
-4.5 -0.0261615
-4.49 -0.0233296
-4.48 -0.0203354
-4.47 -0.0171958
-4.46 -0.0139285
-4.45 -0.0105516
-4.44 -0.00708408
-4.43 -0.00354536
-4.42 4.47182e-05
-4.41 0.00366597
-4.4 0.00729795
-4.39 0.01092
-4.38 0.0145115
-4.37 0.0180517
-4.36 0.0215201
-4.35 0.0248963
-4.34 0.0281604
-4.33 0.0312927
-4.32 0.0342742
-4.31 0.0370863
-4.3 0.0397114
-4.29 0.0421324
-4.28 0.0443333
-4.27 0.046299
-4.26 0.0480155
-4.25 0.04947
-4.24 0.0506509
-4.23 0.0515478
-4.22 0.0521519
-4.21 0.0524556
-4.2 0.052453
-4.19 0.0521398
-4.18 0.051513
-4.17 0.0505716
-4.16 0.0493162
-4.15 0.0477489
-4.14 0.0458738
-4.13 0.0436966
-4.12 0.0412247
-4.11 0.0384674
-4.1 0.0354358
-4.09 0.0321423
-4.08 0.0286015
-4.07 0.0248293
-4.06 0.0208434
-4.05 0.0166631
-4.04 0.0123089
-4.03 0.00780304
-4.02 0.00316905
-4.01 -0.00156831
-4 -0.00638306
-3.99 -0.0112481
-3.98 -0.0161354
-3.97 -0.021016
-3.96 -0.0258601
-3.95 -0.0306374
-3.94 -0.0353169
-3.93 -0.0398673
-3.92 -0.044257
-3.91 -0.0484543
-3.9 -0.0524274
-3.89 -0.0561448
-3.88 -0.0595752
-3.87 -0.0626877
-3.86 -0.065452
-3.85 -0.0678385
-3.84 -0.0698185
-3.83 -0.0713643
-3.82 -0.0724494
-3.81 -0.0730484
-3.8 -0.0731374
-3.79 -0.0726942
-3.78 -0.0716981
-3.77 -0.0701301
-3.76 -0.0679734
-3.75 -0.0652129
-3.74 -0.0618359
-3.73 -0.0578316
-3.72 -0.0531917
-3.71 -0.0479103
-3.7 -0.0419837
-3.69 -0.035411
-3.68 -0.0281937
-3.67 -0.0203358
-3.66 -0.011844
-3.65 -0.00272767
-3.64 0.00700121
-3.63 0.017328
-3.62 0.0282356
-3.61 0.039704
-3.6 0.0517109
-3.59 0.0642314
-3.58 0.0772381
-3.57 0.0907013
-3.56 0.104589
-3.55 0.118867
-3.54 0.133498
-3.53 0.148445
-3.52 0.163667
-3.51 0.179123
-3.5 0.194768
-3.49 0.210557
-3.48 0.226445
-3.47 0.242383
-3.46 0.258324
-3.45 0.274218
-3.44 0.290015
-3.43 0.305665
-3.42 0.321118
-3.41 0.336322
-3.4 0.351228
-3.39 0.365786
-3.38 0.379946
-3.37 0.393659
-3.36 0.406878
-3.35 0.419555
-3.34 0.431647
-3.33 0.443109
-3.32 0.453898
-3.31 0.463976
-3.3 0.473303
-3.29 0.481844
-3.28 0.489566
-3.27 0.496438
-3.26 0.50243
-3.25 0.507519
-3.24 0.511681
-3.23 0.514898
-3.22 0.517152
-3.21 0.518431
-3.2 0.518726
-3.19 0.518029
-3.18 0.516339
-3.17 0.513655
-3.16 0.509981
-3.15 0.505327
-3.14 0.499701
-3.13 0.49312
-3.12 0.485601
-3.11 0.477165
-3.1 0.467837
-3.09 0.457645
-3.08 0.446621
-3.07 0.434798
-3.06 0.422213
-3.05 0.408907
-3.04 0.394922
-3.03 0.380303
-3.02 0.365098
-3.01 0.349357
-3 0.33313
-2.99 0.316471
-2.98 0.299436
-2.97 0.282081
-2.96 0.264462
-2.95 0.24664
-2.94 0.228672
-2.93 0.210619
-2.92 0.192539
-2.91 0.174494
-2.9 0.156543
-2.89 0.138744
-2.88 0.121157
-2.87 0.103838
-2.86 0.0868446
-2.85 0.0702304
-2.84 0.054049
-2.83 0.0383518
-2.82 0.0231878
-2.81 0.00860412
-2.8 -0.0053549
-2.79 -0.0186475
-2.78 -0.0312346
-2.77 -0.0430804
-2.76 -0.0541521
-2.75 -0.0644201
-2.74 -0.0738584
-2.73 -0.0824445
-2.72 -0.0901593
-2.71 -0.0969878
-2.7 -0.102918
-2.69 -0.107943
-2.68 -0.112059
-2.67 -0.115266
-2.66 -0.117567
-2.65 -0.118971
-2.64 -0.119489
-2.63 -0.119136
-2.62 -0.117932
-2.61 -0.1159
-2.6 -0.113065
-2.59 -0.109457
-2.58 -0.105109
-2.57 -0.100057
-2.56 -0.0943406
-2.55 -0.0880008
-2.54 -0.0810823
-2.53 -0.0736319
-2.52 -0.0656985
-2.51 -0.0573334
-2.5 -0.048589
-2.49 -0.0395199
-2.48 -0.0301815
-2.47 -0.0206304
-2.46 -0.0109239
-2.45 -0.00111991
-2.44 0.00872351
-2.43 0.0185483
-2.42 0.0282967
-2.41 0.0379116
-2.4 0.0473365
-2.39 0.0565163
-2.38 0.065397
-2.37 0.0739263
-2.36 0.0820538
-2.35 0.0897313
-2.34 0.0969126
-2.33 0.103554
-2.32 0.109616
-2.31 0.11506
-2.3 0.119851
-2.29 0.123959
-2.28 0.127356
-2.27 0.130018
-2.26 0.131924
-2.25 0.133059
-2.24 0.133411
-2.23 0.13297
-2.22 0.131733
-2.21 0.129701
-2.2 0.126878
-2.19 0.123272
-2.18 0.118896
-2.17 0.113768
-2.16 0.107908
-2.15 0.101343
-2.14 0.0941012
-2.13 0.0862164
-2.12 0.0777256
-2.11 0.0686696
-2.1 0.0590926
-2.09 0.0490423
-2.08 0.0385693
-2.07 0.0277273
-2.06 0.0165727
-2.05 0.00516442
-2.04 -0.00643646
-2.03 -0.0181668
-2.02 -0.0299617
-2.01 -0.0417548
-2 -0.0534787
-1.99 -0.0650648
-1.98 -0.0764443
-1.97 -0.0875478
-1.96 -0.0983061
-1.95 -0.10865
-1.94 -0.118511
-1.93 -0.127822
-1.92 -0.136517
-1.91 -0.14453
-1.9 -0.1518
-1.89 -0.158264
-1.88 -0.163865
-1.87 -0.168547
-1.86 -0.172257
-1.85 -0.174945
-1.84 -0.176565
-1.83 -0.177074
-1.82 -0.176433
-1.81 -0.174609
-1.8 -0.171569
-1.79 -0.167289
-1.78 -0.161746
-1.77 -0.154924
-1.76 -0.146811
-1.75 -0.1374
-1.74 -0.126688
-1.73 -0.114679
-1.72 -0.101381
-1.71 -0.086806
-1.7 -0.0709729
-1.69 -0.0539049
-1.68 -0.03563
-1.67 -0.0161816
-1.66 0.0044025
-1.65 0.0260794
-1.64 0.0488019
-1.63 0.072518
-1.62 0.0971718
-1.61 0.122703
-1.6 0.149047
-1.59 0.176137
-1.58 0.203902
-1.57 0.232265
-1.56 0.261152
-1.55 0.290481
-1.54 0.320169
-1.53 0.350133
-1.52 0.380286
-1.51 0.410541
-1.5 0.440808
-1.49 0.470999
-1.48 0.501022
-1.47 0.530787
-1.46 0.560206
-1.45 0.589187
-1.44 0.617643
-1.43 0.645486
-1.42 0.67263
-1.41 0.698992
-1.4 0.724488
-1.39 0.749041
-1.38 0.772573
-1.37 0.795011
-1.36 0.816285
-1.35 0.836329
-1.34 0.855079
-1.33 0.872477
-1.32 0.888469
-1.31 0.903005
-1.3 0.91604
-1.29 0.927534
-1.28 0.937452
-1.27 0.945764
-1.26 0.952445
-1.25 0.957477
-1.24 0.960844
-1.23 0.962539
-1.22 0.962558
-1.21 0.960905
-1.2 0.957586
-1.19 0.952617
-1.18 0.946014
-1.17 0.937803
-1.16 0.928013
-1.15 0.916677
-1.14 0.903836
-1.13 0.889534
-1.12 0.873818
-1.11 0.856743
-1.1 0.838365
-1.09 0.818745
-1.08 0.797949
-1.07 0.776045
-1.06 0.753104
-1.05 0.729201
-1.04 0.704413
-1.03 0.678819
-1.02 0.652502
-1.01 0.625544
-1 0.598029
-0.99 0.570044
-0.98 0.541674
-0.97 0.513008
-0.96 0.484131
-0.95 0.45513
-0.94 0.426091
-0.93 0.3971
-0.92 0.368241
-0.91 0.339597
-0.9 0.311247
-0.89 0.283272
-0.88 0.255747
-0.87 0.228746
-0.86 0.20234
-0.85 0.176598
-0.84 0.151583
-0.83 0.127356
-0.82 0.103974
-0.81 0.0814917
-0.8 0.0599569
-0.79 0.0394149
-0.78 0.0199062
-0.77 0.00146685
-0.76 -0.0158717
-0.75 -0.0320827
-0.74 -0.0471439
-0.73 -0.0610379
-0.72 -0.073752
-0.71 -0.0852782
-0.7 -0.0956134
-0.69 -0.104759
-0.68 -0.112721
-0.67 -0.119509
-0.66 -0.125139
-0.65 -0.129631
-0.64 -0.133006
-0.63 -0.135293
-0.62 -0.136523
-0.61 -0.13673
-0.6 -0.135953
-0.59 -0.134234
-0.58 -0.131617
-0.57 -0.128149
-0.56 -0.123881
-0.55 -0.118865
-0.54 -0.113155
-0.53 -0.106808
-0.52 -0.0998808
-0.51 -0.092433
-0.5 -0.0845244
-0.49 -0.076216
-0.48 -0.0675688
-0.47 -0.0586444
-0.46 -0.0495039
-0.45 -0.0402084
-0.44 -0.0308182
-0.43 -0.0213928
-0.42 -0.0119903
-0.41 -0.0026679
-0.4 0.00651923
-0.39 0.0155176
-0.38 0.0242758
-0.37 0.0327446
-0.36 0.0408775
-0.35 0.0486302
-0.34 0.0559617
-0.33 0.0628335
-0.32 0.0692106
-0.31 0.075061
-0.3 0.0803561
-0.29 0.0850706
-0.28 0.0891828
-0.27 0.0926747
-0.26 0.0955318
-0.25 0.097743
-0.24 0.0993011
-0.23 0.100203
-0.22 0.100447
-0.21 0.100039
-0.2 0.0989848
-0.19 0.0972951
-0.18 0.0949838
-0.17 0.0920681
-0.16 0.0885684
-0.15 0.0845081
-0.14 0.0799134
-0.13 0.0748134
-0.12 0.0692397
-0.11 0.0632263
-0.1 0.0568095
-0.09 0.0500274
-0.08 0.0429204
-0.07 0.0355301
-0.06 0.0278998
-0.05 0.0200739
-0.04 0.0120979
-0.03 0.00401784
-0.02 -0.00411936
-0.01 -0.0122667
0 -0.0203769
0.01 -0.0284029
0.02 -0.0362979
0.03 -0.0440158
0.04 -0.0515112
0.05 -0.0587394
0.06 -0.0656574
0.07 -0.0722231
0.08 -0.0783962
0.09 -0.084138
0.1 -0.089412
0.11 -0.0941833
0.12 -0.0984197
0.13 -0.102091
0.14 -0.10517
0.15 -0.107631
0.16 -0.109452
0.17 -0.110614
0.18 -0.1111
0.19 -0.110897
0.2 -0.109994
0.21 -0.108382
0.22 -0.106059
0.23 -0.103022
0.24 -0.0992727
0.25 -0.094816
0.26 -0.0896595
0.27 -0.0838138
0.28 -0.0772925
0.29 -0.070112
0.3 -0.0622915
0.31 -0.0538529
0.32 -0.0448207
0.33 -0.0352217
0.34 -0.0250853
0.35 -0.014443
0.36 -0.0033283
0.37 0.00822328
0.38 0.0201745
0.39 0.0324864
0.4 0.0451188
0.41 0.0580301
0.42 0.0711775
0.43 0.0845176
0.44 0.0980059
0.45 0.111598
0.46 0.125248
0.47 0.138911
0.48 0.152542
0.49 0.166095
0.5 0.179526
0.51 0.19279
0.52 0.205844
0.53 0.218645
0.54 0.231153
0.55 0.243326
0.56 0.255125
0.57 0.266515
0.58 0.277457
0.59 0.287919
0.6 0.297869
0.61 0.307277
0.62 0.316114
0.63 0.324356
0.64 0.331978
0.65 0.338961
0.66 0.345284
0.67 0.350933
0.68 0.355893
0.69 0.360154
0.7 0.363708
0.71 0.366547
0.72 0.36867
0.73 0.370076
0.74 0.370766
0.75 0.370744
0.76 0.370018
0.77 0.368596
0.78 0.366491
0.79 0.363715
0.8 0.360286
0.81 0.35622
0.82 0.351538
0.83 0.346263
0.84 0.340417
0.85 0.334027
0.86 0.327119
0.87 0.319721
0.88 0.311864
0.89 0.303578
0.9 0.294895
0.91 0.285848
0.92 0.27647
0.93 0.266796
0.94 0.256859
0.95 0.246696
0.96 0.23634
0.97 0.225827
0.98 0.215193
0.99 0.204471
1 0.193696
1.01 0.182902
1.02 0.172123
1.03 0.16139
1.04 0.150735
1.05 0.14019
1.06 0.129783
1.07 0.119544
1.08 0.109498
1.09 0.0996733
1.1 0.0900926
1.11 0.0807793
1.12 0.0717548
1.13 0.0630389
1.14 0.0546495
1.15 0.0466032
1.16 0.0389145
1.17 0.0315965
1.18 0.0246602
1.19 0.0181151
1.2 0.0119687
1.21 0.0062269
1.22 0.000893813
1.23 -0.00402821
1.24 -0.0085385
1.25 -0.012638
1.26 -0.0163294
1.27 -0.0196169
1.28 -0.0225061
1.29 -0.0250042
1.3 -0.0271198
1.31 -0.0288627
1.32 -0.0302441
1.33 -0.0312762
1.34 -0.0319724
1.35 -0.0323471
1.36 -0.0324156
1.37 -0.0321941
1.38 -0.0316993
1.39 -0.0309489
1.4 -0.0299607
1.41 -0.0287535
1.42 -0.027346
1.43 -0.0257574
1.44 -0.0240069
1.45 -0.0221141
1.46 -0.0200982
1.47 -0.0179787
1.48 -0.0157746
1.49 -0.0135047
1.5 -0.0111877
1.51 -0.00884152
1.52 -0.00648386
1.53 -0.00413175
1.54 -0.0018016
1.55 0.000490853
1.56 0.00273062
1.57 0.00490352
1.58 0.00699619
1.59 0.00899617
1.6 0.0108919
1.61 0.0126728
1.62 0.0143293
1.63 0.0158527
1.64 0.0172355
1.65 0.0184711
1.66 0.0195539
1.67 0.0204795
1.68 0.0212444
1.69 0.0218462
1.7 0.0222834
1.71 0.0225557
1.72 0.0226636
1.73 0.0226085
1.74 0.0223929
1.75 0.0220202
1.76 0.0214943
1.77 0.0208204
1.78 0.0200041
1.79 0.0190519
1.8 0.0179709
1.81 0.0167688
1.82 0.015454
1.83 0.0140353
1.84 0.012522
1.85 0.0109238
1.86 0.00925071
1.87 0.00751317
1.88 0.00572175
1.89 0.00388721
1.9 0.00202047
1.91 0.00013249
1.92 -0.00176574
1.93 -0.00366326
1.94 -0.00554923
1.95 -0.00741292
1.96 -0.00924381
1.97 -0.0110316
1.98 -0.0127663
1.99 -0.0144382
2 -0.0160381
2.01 -0.0175569
2.02 -0.0189863
2.03 -0.0203183
2.04 -0.0215453
2.05 -0.0226603
2.06 -0.023657
2.07 -0.0245296
2.08 -0.0252727
2.09 -0.0258817
2.1 -0.0263525
2.11 -0.0266819
2.12 -0.0268669
2.13 -0.0269054
2.14 -0.0267958
2.15 -0.0265374
2.16 -0.0261298
2.17 -0.0255734
2.18 -0.024869
2.19 -0.0240183
2.2 -0.0230233
2.21 -0.0218867
2.22 -0.0206116
2.23 -0.0192019
2.24 -0.0176615
2.25 -0.0159953
2.26 -0.0142083
2.27 -0.012306
2.28 -0.0102942
2.29 -0.00817931
2.3 -0.00596774
2.31 -0.00366637
2.32 -0.00128229
2.33 0.00117718
2.34 0.00370453
2.35 0.00629208
2.36 0.00893205
2.37 0.0116165
2.38 0.0143376
2.39 0.0170872
2.4 0.0198573
2.41 0.0226401
2.42 0.0254275
2.43 0.0282117
2.44 0.0309851
2.45 0.0337399
2.46 0.0364688
2.47 0.0391645
2.48 0.04182
2.49 0.0444284
2.5 0.0469831
2.51 0.0494777
2.52 0.0519063
2.53 0.054263
2.54 0.0565424
2.55 0.0587392
2.56 0.0608487
2.57 0.0628662
2.58 0.0647877
2.59 0.0666093
2.6 0.0683275
2.61 0.0699391
2.62 0.0714413
2.63 0.0728317
2.64 0.0741081
2.65 0.0752688
2.66 0.0763124
2.67 0.0772377
2.68 0.078044
2.69 0.0787309
2.7 0.0792983
2.71 0.0797462
2.72 0.0800753
2.73 0.0802863
2.74 0.0803802
2.75 0.0803583
2.76 0.0802223
2.77 0.079974
2.78 0.0796154
2.79 0.0791489
2.8 0.0785768
2.81 0.077902
2.82 0.0771273
2.83 0.0762558
2.84 0.0752906
2.85 0.0742352
2.86 0.0730931
2.87 0.0718679
2.88 0.0705634
2.89 0.0691834
2.9 0.0677318
2.91 0.0662127
2.92 0.0646303
2.93 0.0629885
2.94 0.0612918
2.95 0.0595442
2.96 0.0577501
2.97 0.0559137
2.98 0.0540395
2.99 0.0521316
3 0.0501944
3.01 0.0482321
3.02 0.0462491
3.03 0.0442496
3.04 0.0422378
3.05 0.0402178
3.06 0.0381937
3.07 0.0361696
3.08 0.0341494
3.09 0.0321372
3.1 0.0301366
3.11 0.0281515
3.12 0.0261856
3.13 0.0242424
3.14 0.0223253
3.15 0.0204379
3.16 0.0185832
3.17 0.0167645
3.18 0.0149849
3.19 0.0132471
3.2 0.0115541
3.21 0.00990837
3.22 0.00831253
3.23 0.00676893
3.24 0.00527978
3.25 0.00384717
3.26 0.00247302
3.27 0.0011591
3.28 -9.29809e-05
3.29 -0.00128178
3.3 -0.00240601
3.31 -0.00346457
3.32 -0.00445651
3.33 -0.00538107
3.34 -0.00623766
3.35 -0.00702586
3.36 -0.00774543
3.37 -0.00839632
3.38 -0.00897865
3.39 -0.00949272
3.4 -0.00993901
3.41 -0.0103182
3.42 -0.0106311
3.43 -0.0108787
3.44 -0.0110622
3.45 -0.011183
3.46 -0.0112425
3.47 -0.0112426
3.48 -0.0111849
3.49 -0.0110716
3.5 -0.0109047
3.51 -0.0106866
3.52 -0.0104196
3.53 -0.0101063
3.54 -0.0097494
3.55 -0.00935168
3.56 -0.008916
3.57 -0.00844535
3.58 -0.0079428
3.59 -0.00741149
3.6 -0.00685461
3.61 -0.00627542
3.62 -0.00567723
3.63 -0.00506335
3.64 -0.00443714
3.65 -0.00380194
3.66 -0.0031611
3.67 -0.00251795
3.68 -0.00187577
3.69 -0.00123782
3.7 -0.0006073
3.71 1.26748e-05
3.72 0.000619056
3.73 0.00120889
3.74 0.00177934
3.75 0.00232767
3.76 0.00285127
3.77 0.00334769
3.78 0.00381462
3.79 0.00424989
3.8 0.00465153
3.81 0.00501771
3.82 0.00534682
3.83 0.00563743
3.84 0.00588829
3.85 0.00609838
3.86 0.00626687
3.87 0.00639316
3.88 0.00647685
3.89 0.00651776
3.9 0.00651594
3.91 0.00647165
3.92 0.00638537
3.93 0.00625779
3.94 0.00608984
3.95 0.00588262
3.96 0.00563746
3.97 0.0053559
3.98 0.00503965
3.99 0.00469061
4 0.00431086
4.01 0.00390265
4.02 0.0034684
4.03 0.00301064
4.04 0.00253207
4.05 0.00203549
4.06 0.00152381
4.07 0.00100006
4.08 0.000467326
4.09 -7.124e-05
4.1 -0.000612425
4.11 -0.00115298
4.12 -0.00168965
4.13 -0.00221916
4.14 -0.00273826
4.15 -0.00324371
4.16 -0.00373233
4.17 -0.00420099
4.18 -0.00464666
4.19 -0.00506637
4.2 -0.00545727
4.21 -0.00581663
4.22 -0.00614185
4.23 -0.00643048
4.24 -0.00668024
4.25 -0.00688902
4.26 -0.00705488
4.27 -0.00717609
4.28 -0.00725113
4.29 -0.00727867
4.3 -0.00725763
4.31 -0.00718713
4.32 -0.00706655
4.33 -0.00689549
4.34 -0.00667379
4.35 -0.00640155
4.36 -0.00607909
4.37 -0.00570701
4.38 -0.00528611
4.39 -0.00481747
4.4 -0.00430238
4.41 -0.00374237
4.42 -0.00313919
4.43 -0.00249482
4.44 -0.00181145
4.45 -0.00109145
4.46 -0.000337417
4.47 0.000447909
4.48 0.0012616
4.49 0.00210059
4.5 0.00296165
4.51 0.00384144
4.52 0.00473652
4.53 0.00564333
4.54 0.00655825
4.55 0.0074776
4.56 0.00839765
4.57 0.00931463
4.58 0.0102248
4.59 0.0111244
4.6 0.0120096
4.61 0.0128769
4.62 0.0137225
4.63 0.014543
4.64 0.0153348
4.65 0.0160947
4.66 0.0168194
4.67 0.0175058
4.68 0.0181511
4.69 0.0187525
4.7 0.0193074
4.71 0.0198134
4.72 0.0202685
4.73 0.0206706
4.74 0.0210182
4.75 0.0213096
4.76 0.0215436
4.77 0.0217194
4.78 0.0218361
4.79 0.0218932
4.8 0.0218906
4.81 0.0218283
4.82 0.0217066
4.83 0.021526
4.84 0.0212874
4.85 0.0209918
4.86 0.0206405
4.87 0.0202352
4.88 0.0197774
4.89 0.0192694
4.9 0.0187132
4.91 0.0181112
4.92 0.0174662
4.93 0.0167808
4.94 0.016058
4.95 0.015301
4.96 0.0145129
4.97 0.013697
4.98 0.0128569
4.99 0.0119961
5 0.0111181
