0.06 -46.7421 -46.7975
0.08 -46.7121 -46.7674
0.1 -46.6822 -46.7374
0.12 -46.6522 -46.7074
0.14 -46.6223 -46.6774
0.16 -46.5923 -46.6474
0.18 -46.5624 -46.6174
0.2 -46.5325 -46.5874
0.22 -46.5025 -46.5574
0.24 -46.4726 -46.5275
0.26 -46.4426 -46.4974
0.28 -46.4127 -46.4674
0.3 -46.3827 -46.4374
0.32 -46.3527 -46.4074
0.34 -46.3227 -46.3773
0.36 -46.2926 -46.3472
0.38 -46.2626 -46.3171
0.4 -46.2325 -46.287
0.42 -46.2024 -46.2568
0.44 -46.1722 -46.2266
0.46 -46.142 -46.1964
0.48 -46.1118 -46.1661
0.5 -46.0815 -46.1359
0.52 -46.0512 -46.1055
0.54 -46.0209 -46.0751
0.56 -45.9905 -46.0447
0.58 -45.9601 -46.0142
0.6 -45.9296 -45.9837
0.62 -45.899 -45.9531
0.64 -45.8684 -45.9225
0.66 -45.8378 -45.8918
0.68 -45.8071 -45.861
0.7 -45.7763 -45.8302
0.72 -45.7454 -45.7993
0.74 -45.7145 -45.7684
0.76 -45.6835 -45.7374
0.78 -45.6525 -45.7063
0.8 -45.6213 -45.6751
0.82 -45.5901 -45.6439
0.84 -45.5588 -45.6125
0.86 -45.5275 -45.5811
0.88 -45.496 -45.5496
0.9 -45.4645 -45.5181
0.92 -45.4328 -45.4864
0.94 -45.4011 -45.4547
0.96 -45.3693 -45.4228
0.98 -45.3374 -45.3909
1 -45.3054 -45.3589
1.02 -45.2733 -45.3268
1.04 -45.2411 -45.2945
1.06 -45.2088 -45.2622
1.08 -45.1764 -45.2298
1.1 -45.1439 -45.1972
1.12 -45.1113 -45.1646
1.14 -45.0786 -45.1319
1.16 -45.0457 -45.099
1.18 -45.0128 -45.066
1.2 -44.9797 -45.0329
1.22 -44.9465 -44.9997
1.24 -44.9132 -44.9664
1.26 -44.8798 -44.933
1.28 -44.8463 -44.8994
1.3 -44.8126 -44.8657
1.32 -44.7788 -44.8319
1.34 -44.7449 -44.7979
1.36 -44.7108 -44.7639
1.38 -44.6767 -44.7297
1.4 -44.6423 -44.6953
1.42 -44.6079 -44.6609
1.44 -44.5733 -44.6263
1.46 -44.5386 -44.5915
1.48 -44.5037 -44.5567
1.5 -44.4688 -44.5216
1.52 -44.4336 -44.4865
1.54 -44.3983 -44.4512
1.56 -44.3629 -44.4157
1.58 -44.3273 -44.3802
1.6 -44.2916 -44.3444
1.62 -44.2558 -44.3085
1.64 -44.2198 -44.2725
1.66 -44.1836 -44.2363
1.68 -44.1473 -44.2
1.7 -44.1108 -44.1635
1.72 -44.0742 -44.1269
1.74 -44.0374 -44.0901
1.76 -44.0005 -44.0531
1.78 -43.9634 -44.016
1.8 -43.9262 -43.9788
1.82 -43.8888 -43.9413
1.84 -43.8512 -43.9038
1.86 -43.8135 -43.866
1.88 -43.7756 -43.8281
1.9 -43.7375 -43.79
1.92 -43.6993 -43.7518
1.94 -43.6609 -43.7134
1.96 -43.6224 -43.6748
1.98 -43.5837 -43.6361
2 -43.5448 -43.5972
2.02 -43.5057 -43.5581
2.04 -43.4665 -43.5189
2.06 -43.4271 -43.4795
2.08 -43.3875 -43.4399
2.1 -43.3478 -43.4002
2.12 -43.3079 -43.3602
2.14 -43.2678 -43.3201
2.16 -43.2276 -43.2799
2.18 -43.1872 -43.2394
2.2 -43.1466 -43.1988
2.22 -43.1058 -43.158
2.24 -43.0649 -43.1171
2.26 -43.0238 -43.0759
2.28 -42.9825 -43.0346
2.3 -42.941 -42.9932
2.32 -42.8994 -42.9515
2.34 -42.8575 -42.9097
2.36 -42.8155 -42.8676
2.38 -42.7734 -42.8254
2.4 -42.731 -42.7831
2.42 -42.6885 -42.7405
2.44 -42.6458 -42.6978
2.46 -42.6029 -42.6549
2.48 -42.5599 -42.6118
2.5 -42.5166 -42.5686
2.52 -42.4732 -42.5252
2.54 -42.4296 -42.4815
2.56 -42.3859 -42.4378
2.58 -42.3419 -42.3938
2.6 -42.2978 -42.3496
2.62 -42.2535 -42.3053
2.64 -42.209 -42.2608
2.66 -42.1644 -42.2162
2.68 -42.1196 -42.1713
2.7 -42.0746 -42.1263
2.72 -42.0294 -42.0811
2.74 -41.984 -42.0357
2.76 -41.9385 -41.9902
2.78 -41.8928 -41.9444
2.8 -41.8469 -41.8985
2.82 -41.8009 -41.8524
2.84 -41.7546 -41.8062
2.86 -41.7082 -41.7598
2.88 -41.6617 -41.7132
2.9 -41.6149 -41.6664
2.92 -41.568 -41.6195
2.94 -41.5209 -41.5723
2.96 -41.4737 -41.5251
2.98 -41.4262 -41.4776
3 -41.3786 -41.43
3.02 -41.3309 -41.3822
3.04 -41.2829 -41.3342
3.06 -41.2348 -41.2861
3.08 -41.1866 -41.2378
3.1 -41.1381 -41.1894
3.12 -41.0896 -41.1407
3.14 -41.0408 -41.0919
3.16 -40.9919 -41.043
3.18 -40.9428 -40.9939
3.2 -40.8936 -40.9446
3.22 -40.8441 -40.8952
3.24 -40.7946 -40.8456
3.26 -40.7449 -40.7958
3.28 -40.695 -40.7459
3.3 -40.645 -40.6959
3.32 -40.5948 -40.6456
3.34 -40.5444 -40.5953
3.36 -40.4939 -40.5447
3.38 -40.4433 -40.494
3.4 -40.3925 -40.4432
3.42 -40.3416 -40.3922
3.44 -40.2905 -40.3411
3.46 -40.2392 -40.2898
3.48 -40.1878 -40.2384
3.5 -40.1363 -40.1869
3.52 -40.0846 -40.1351
3.54 -40.0328 -40.0833
3.56 -39.9809 -40.0313
3.58 -39.9288 -39.9792
3.6 -39.8766 -39.9269
3.62 -39.8242 -39.8745
3.64 -39.7717 -39.822
3.66 -39.7191 -39.7693
3.68 -39.6663 -39.7165
3.7 -39.6134 -39.6636
3.72 -39.5604 -39.6105
3.74 -39.5073 -39.5573
3.76 -39.454 -39.504
3.78 -39.4006 -39.4506
3.8 -39.3471 -39.397
3.82 -39.2935 -39.3433
3.84 -39.2397 -39.2895
3.86 -39.1859 -39.2356
3.88 -39.1319 -39.1816
3.9 -39.0778 -39.1275
3.92 -39.0236 -39.0732
3.94 -38.9692 -39.0188
3.96 -38.9148 -38.9644
3.98 -38.8603 -38.9098
4 -38.8056 -38.8551
4.02 -38.7509 -38.8003
4.04 -38.6961 -38.7454
4.06 -38.6411 -38.6904
4.08 -38.5861 -38.6353
4.1 -38.531 -38.5801
4.12 -38.4757 -38.5248
4.14 -38.4204 -38.4695
4.16 -38.365 -38.414
4.18 -38.3095 -38.3585
4.2 -38.2539 -38.3028
4.22 -38.1983 -38.2471
4.24 -38.1425 -38.1913
4.26 -38.0867 -38.1354
4.28 -38.0308 -38.0795
4.3 -37.9748 -38.0234
4.32 -37.9187 -37.9673
4.34 -37.8626 -37.9111
4.36 -37.8064 -37.8549
4.38 -37.7502 -37.7985
4.4 -37.6938 -37.7422
4.42 -37.6374 -37.6857
4.44 -37.581 -37.6292
4.46 -37.5245 -37.5726
4.48 -37.4679 -37.516
4.5 -37.4113 -37.4593
4.52 -37.3546 -37.4026
4.54 -37.2979 -37.3458
4.56 -37.2411 -37.2889
4.58 -37.1843 -37.232
4.6 -37.1274 -37.1751
4.62 -37.0705 -37.1181
4.64 -37.0136 -37.0611
4.66 -36.9566 -37.0041
4.68 -36.8996 -36.947
4.7 -36.8425 -36.8898
4.72 -36.7854 -36.8327
4.74 -36.7283 -36.7755
4.76 -36.6712 -36.7183
4.78 -36.614 -36.6611
4.8 -36.5568 -36.6038
4.82 -36.4996 -36.5465
4.84 -36.4424 -36.4892
4.86 -36.3851 -36.4319
4.88 -36.3279 -36.3746
4.9 -36.2706 -36.3172
4.92 -36.2133 -36.2599
4.94 -36.1561 -36.2025
4.96 -36.0988 -36.1452
4.98 -36.0415 -36.0878
5 -35.9842 -36.0305
5.02 -35.9269 -35.9731
5.04 -35.8696 -35.9157
5.06 -35.8124 -35.8584
5.08 -35.7551 -35.8011
5.1 -35.6979 -35.7437
5.12 -35.6406 -35.6864
5.14 -35.5834 -35.6291
5.16 -35.5262 -35.5718
5.18 -35.469 -35.5146
5.2 -35.4119 -35.4573
5.22 -35.3548 -35.4001
5.24 -35.2977 -35.343
5.26 -35.2406 -35.2858
5.28 -35.1835 -35.2287
5.3 -35.1265 -35.1716
5.32 -35.0696 -35.1145
5.34 -35.0126 -35.0575
5.36 -34.9558 -35.0006
5.38 -34.8989 -34.9436
5.4 -34.8421 -34.8867
5.42 -34.7854 -34.8299
5.44 -34.7287 -34.7731
5.46 -34.672 -34.7164
5.48 -34.6154 -34.6597
5.5 -34.5589 -34.6031
5.52 -34.5024 -34.5465
5.54 -34.446 -34.49
5.56 -34.3897 -34.4336
5.58 -34.3334 -34.3772
5.6 -34.2772 -34.3209
5.62 -34.221 -34.2647
5.64 -34.165 -34.2085
5.66 -34.109 -34.1524
5.68 -34.053 -34.0964
5.7 -33.9972 -34.0405
5.72 -33.9415 -33.9847
5.74 -33.8858 -33.9289
5.76 -33.8302 -33.8732
5.78 -33.7747 -33.8176
5.8 -33.7193 -33.7621
5.82 -33.664 -33.7067
5.84 -33.6087 -33.6514
5.86 -33.5536 -33.5962
5.88 -33.4986 -33.541
5.9 -33.4437 -33.486
5.92 -33.3888 -33.4311
5.94 -33.3341 -33.3763
5.96 -33.2795 -33.3216
5.98 -33.225 -33.267
6 -33.1706 -33.2125
6.02 -33.1163 -33.1581
6.04 -33.0622 -33.1039
6.06 -33.0081 -33.0497
6.08 -32.9542 -32.9957
6.1 -32.9004 -32.9418
6.12 -32.8467 -32.888
6.14 -32.7932 -32.8344
6.16 -32.7398 -32.7808
6.18 -32.6865 -32.7274
6.2 -32.6333 -32.6742
6.22 -32.5803 -32.621
6.24 -32.5274 -32.568
6.26 -32.4746 -32.5152
6.28 -32.422 -32.4625
6.3 -32.3695 -32.4099
6.32 -32.3172 -32.3574
6.34 -32.265 -32.3052
6.36 -32.2129 -32.253
6.38 -32.161 -32.201
6.4 -32.1093 -32.1492
6.42 -32.0577 -32.0975
6.44 -32.0062 -32.0459
6.46 -31.955 -31.9945
6.48 -31.9038 -31.9433
6.5 -31.8529 -31.8922
6.52 -31.8021 -31.8413
6.54 -31.7514 -31.7906
6.56 -31.7009 -31.74
6.58 -31.6506 -31.6896
6.6 -31.6005 -31.6393
6.62 -31.5505 -31.5892
6.64 -31.5007 -31.5393
6.66 -31.4511 -31.4896
6.68 -31.4016 -31.44
6.7 -31.3523 -31.3907
6.72 -31.3032 -31.3414
6.74 -31.2543 -31.2924
6.76 -31.2056 -31.2436
6.78 -31.157 -31.1949
6.8 -31.1086 -31.1464
6.82 -31.0604 -31.0981
6.84 -31.0124 -31.05
6.86 -30.9646 -31.0021
6.88 -30.917 -30.9544
6.9 -30.8696 -30.9068
6.92 -30.8223 -30.8595
6.94 -30.7753 -30.8124
6.96 -30.7285 -30.7654
6.98 -30.6818 -30.7187
7 -30.6354 -30.6721
7.02 -30.5891 -30.6257
7.04 -30.5431 -30.5796
7.06 -30.4972 -30.5336
7.08 -30.4516 -30.4879
7.1 -30.4062 -30.4424
7.12 -30.3609 -30.397
7.14 -30.3159 -30.3519
7.16 -30.2711 -30.307
7.18 -30.2265 -30.2623
7.2 -30.1821 -30.2178
7.22 -30.138 -30.1735
7.24 -30.094 -30.1295
7.26 -30.0503 -30.0856
7.28 -30.0068 -30.042
7.3 -29.9635 -29.9986
7.32 -29.9204 -29.9554
7.34 -29.8775 -29.9124
7.36 -29.8349 -29.8697
7.38 -29.7925 -29.8272
7.4 -29.7503 -29.7849
7.42 -29.7083 -29.7428
7.44 -29.6666 -29.7009
7.46 -29.625 -29.6593
7.48 -29.5838 -29.6179
7.5 -29.5427 -29.5768
7.52 -29.5019 -29.5358
7.54 -29.4613 -29.4951
7.56 -29.4209 -29.4547
7.58 -29.3808 -29.4144
7.6 -29.3409 -29.3744
7.62 -29.3013 -29.3347
7.64 -29.2618 -29.2951
7.66 -29.2226 -29.2559
7.68 -29.1837 -29.2168
7.7 -29.145 -29.178
7.72 -29.1065 -29.1394
7.74 -29.0683 -29.1011
7.76 -29.0303 -29.063
7.78 -28.9926 -29.0251
7.8 -28.9551 -28.9875
7.82 -28.9178 -28.9502
7.84 -28.8808 -28.913
7.86 -28.844 -28.8762
7.88 -28.8075 -28.8395
7.9 -28.7712 -28.8032
7.92 -28.7352 -28.767
7.94 -28.6994 -28.7311
7.96 -28.6639 -28.6955
7.98 -28.6286 -28.6601
8 -28.5935 -28.625
8.02 -28.5588 -28.5901
8.04 -28.5242 -28.5554
8.06 -28.4899 -28.5211
8.08 -28.4559 -28.4869
8.1 -28.4221 -28.453
8.12 -28.3886 -28.4194
8.14 -28.3553 -28.386
8.16 -28.3223 -28.3529
8.18 -28.2896 -28.3201
8.2 -28.257 -28.2875
8.22 -28.2248 -28.2551
8.24 -28.1928 -28.223
8.26 -28.1611 -28.1912
8.28 -28.1296 -28.1596
8.3 -28.0984 -28.1282
8.32 -28.0674 -28.0972
8.34 -28.0367 -28.0664
8.36 -28.0062 -28.0358
8.38 -27.976 -28.0055
8.4 -27.9461 -27.9755
8.42 -27.9164 -27.9457
8.44 -27.887 -27.9162
8.46 -27.8578 -27.8869
8.48 -27.8289 -27.8579
8.5 -27.8003 -27.8292
8.52 -27.7719 -27.8007
8.54 -27.7438 -27.7725
8.56 -27.716 -27.7446
8.58 -27.6884 -27.7169
8.6 -27.661 -27.6894
8.62 -27.634 -27.6623
8.64 -27.6072 -27.6354
8.66 -27.5806 -27.6087
8.68 -27.5543 -27.5823
8.7 -27.5283 -27.5562
8.72 -27.5025 -27.5304
8.74 -27.477 -27.5048
8.76 -27.4518 -27.4794
8.78 -27.4268 -27.4544
8.8 -27.4021 -27.4296
8.82 -27.3776 -27.405
8.84 -27.3535 -27.3807
8.86 -27.3295 -27.3567
8.88 -27.3059 -27.3329
8.9 -27.2824 -27.3094
8.92 -27.2593 -27.2862
8.94 -27.2364 -27.2632
8.96 -27.2138 -27.2405
8.98 -27.1914 -27.2181
9 -27.1693 -27.1959
9.02 -27.1475 -27.1739
9.04 -27.1259 -27.1523
9.06 -27.1046 -27.1309
9.08 -27.0836 -27.1097
9.1 -27.0628 -27.0888
9.12 -27.0422 -27.0682
9.14 -27.022 -27.0479
9.16 -27.0019 -27.0278
9.18 -26.9822 -27.0079
9.2 -26.9627 -26.9883
9.22 -26.9435 -26.969
9.24 -26.9245 -26.95
9.26 -26.9058 -26.9311
9.28 -26.8873 -26.9126
9.3 -26.8691 -26.8943
9.32 -26.8512 -26.8763
9.34 -26.8335 -26.8585
9.36 -26.816 -26.841
9.38 -26.7989 -26.8237
9.4 -26.782 -26.8067
9.42 -26.7653 -26.79
9.44 -26.7489 -26.7735
9.46 -26.7327 -26.7573
9.48 -26.7168 -26.7413
9.5 -26.7012 -26.7256
9.52 -26.6858 -26.7101
9.54 -26.6707 -26.6949
9.56 -26.6558 -26.6799
9.58 -26.6411 -26.6652
9.6 -26.6268 -26.6507
9.62 -26.6126 -26.6365
9.64 -26.5988 -26.6226
9.66 -26.5851 -26.6089
9.68 -26.5717 -26.5954
9.7 -26.5586 -26.5822
9.72 -26.5457 -26.5692
9.74 -26.5331 -26.5565
9.76 -26.5207 -26.544
9.78 -26.5086 -26.5318
9.8 -26.4967 -26.5199
9.82 -26.485 -26.5081
9.84 -26.4736 -26.4966
9.86 -26.4624 -26.4854
9.88 -26.4515 -26.4744
9.9 -26.4408 -26.4637
9.92 -26.4304 -26.4531
9.94 -26.4202 -26.4429
9.96 -26.4102 -26.4328
9.98 -26.4005 -26.423
10 -26.391 -26.4135
10.02 -26.3818 -26.4042
10.04 -26.3728 -26.3951
10.06 -26.364 -26.3863
10.08 -26.3555 -26.3777
10.1 -26.3472 -26.3693
10.12 -26.3391 -26.3612
10.14 -26.3313 -26.3533
10.16 -26.3237 -26.3456
10.18 -26.3163 -26.3382
10.2 -26.3092 -26.331
10.22 -26.3023 -26.324
10.24 -26.2956 -26.3172
10.26 -26.2891 -26.3107
10.28 -26.2829 -26.3044
10.3 -26.2769 -26.2984
10.32 -26.2711 -26.2925
10.34 -26.2656 -26.2869
10.36 -26.2603 -26.2815
10.38 -26.2552 -26.2764
10.4 -26.2503 -26.2714
10.42 -26.2456 -26.2667
10.44 -26.2412 -26.2622
10.46 -26.2369 -26.2579
10.48 -26.2329 -26.2538
10.5 -26.2291 -26.25
10.52 -26.2255 -26.2463
10.54 -26.2222 -26.2429
10.56 -26.219 -26.2397
10.58 -26.2161 -26.2367
10.6 -26.2133 -26.2339
10.62 -26.2108 -26.2313
10.64 -26.2085 -26.2289
10.66 -26.2064 -26.2268
10.68 -26.2045 -26.2248
10.7 -26.2028 -26.2231
10.72 -26.2013 -26.2215
10.74 -26.2 -26.2202
10.76 -26.1989 -26.2191
10.78 -26.1981 -26.2181
10.8 -26.1974 -26.2174
10.82 -26.1969 -26.2168
10.84 -26.1966 -26.2165
10.86 -26.1965 -26.2163
10.88 -26.1966 -26.2164
10.9 -26.1969 -26.2166
10.92 -26.1973 -26.2171
10.94 -26.198 -26.2177
10.96 -26.1989 -26.2185
10.98 -26.1999 -26.2195
11 -26.2012 -26.2207
11.02 -26.2026 -26.2221
11.04 -26.2042 -26.2236
11.06 -26.206 -26.2254
11.08 -26.2079 -26.2273
11.1 -26.2101 -26.2294
11.12 -26.2124 -26.2317
11.14 -26.2149 -26.2342
11.16 -26.2176 -26.2368
11.18 -26.2205 -26.2396
11.2 -26.2235 -26.2426
11.22 -26.2267 -26.2458
11.24 -26.2301 -26.2491
11.26 -26.2336 -26.2526
11.28 -26.2373 -26.2563
11.3 -26.2412 -26.2601
11.32 -26.2452 -26.2641
11.34 -26.2495 -26.2683
11.36 -26.2538 -26.2726
11.38 -26.2583 -26.2771
11.4 -26.263 -26.2817
11.42 -26.2679 -26.2866
11.44 -26.2729 -26.2915
11.46 -26.278 -26.2966
11.48 -26.2833 -26.3019
11.5 -26.2888 -26.3073
11.52 -26.2944 -26.3129
11.54 -26.3002 -26.3186
11.56 -26.3061 -26.3245
11.58 -26.3121 -26.3305
11.6 -26.3183 -26.3367
11.62 -26.3247 -26.343
11.64 -26.3311 -26.3495
11.66 -26.3378 -26.3561
11.68 -26.3445 -26.3628
11.7 -26.3514 -26.3697
11.72 -26.3584 -26.3767
11.74 -26.3656 -26.3838
11.76 -26.3729 -26.3911
11.78 -26.3803 -26.3985
11.8 -26.3879 -26.406
11.82 -26.3956 -26.4136
11.84 -26.4034 -26.4214
11.86 -26.4113 -26.4293
11.88 -26.4193 -26.4374
11.9 -26.4275 -26.4455
11.92 -26.4358 -26.4538
11.94 -26.4442 -26.4622
11.96 -26.4527 -26.4707
11.98 -26.4614 -26.4793
12 -26.4701 -26.488
12.02 -26.479 -26.4968
12.04 -26.4879 -26.5058
12.06 -26.497 -26.5148
12.08 -26.5062 -26.524
12.1 -26.5155 -26.5333
12.12 -26.5249 -26.5426
12.14 -26.5343 -26.5521
12.16 -26.5439 -26.5617
12.18 -26.5536 -26.5714
12.2 -26.5634 -26.5811
12.22 -26.5732 -26.591
12.24 -26.5832 -26.6009
12.26 -26.5933 -26.611
12.28 -26.6034 -26.6211
12.3 -26.6136 -26.6313
12.32 -26.6239 -26.6416
12.34 -26.6343 -26.652
12.36 -26.6448 -26.6625
12.38 -26.6554 -26.673
12.4 -26.666 -26.6836
12.42 -26.6767 -26.6943
12.44 -26.6875 -26.7051
12.46 -26.6984 -26.716
12.48 -26.7093 -26.7269
12.5 -26.7203 -26.7379
12.52 -26.7314 -26.749
12.54 -26.7425 -26.7601
12.56 -26.7537 -26.7713
12.58 -26.765 -26.7825
12.6 -26.7763 -26.7939
12.62 -26.7877 -26.8052
12.64 -26.7991 -26.8167
12.66 -26.8106 -26.8282
12.68 -26.8221 -26.8397
12.7 -26.8337 -26.8513
12.72 -26.8454 -26.8629
12.74 -26.8571 -26.8746
12.76 -26.8688 -26.8864
12.78 -26.8806 -26.8982
12.8 -26.8924 -26.91
12.82 -26.9043 -26.9219
12.84 -26.9162 -26.9338
12.86 -26.9282 -26.9457
12.88 -26.9402 -26.9577
12.9 -26.9522 -26.9698
12.92 -26.9642 -26.9818
12.94 -26.9763 -26.9939
12.96 -26.9884 -27.006
12.98 -27.0006 -27.0182
13 -27.0127 -27.0303
13.02 -27.0249 -27.0425
13.04 -27.0371 -27.0548
13.06 -27.0494 -27.067
13.08 -27.0616 -27.0793
13.1 -27.0739 -27.0915
13.12 -27.0862 -27.1038
13.14 -27.0985 -27.1161
13.16 -27.1108 -27.1284
13.18 -27.1231 -27.1408
13.2 -27.1354 -27.1531
13.22 -27.1477 -27.1654
13.24 -27.1601 -27.1778
13.26 -27.1724 -27.1901
13.28 -27.1848 -27.2025
13.3 -27.1971 -27.2148
13.32 -27.2094 -27.2272
13.34 -27.2218 -27.2395
13.36 -27.2341 -27.2519
13.38 -27.2464 -27.2642
13.4 -27.2587 -27.2766
13.42 -27.271 -27.2889
13.44 -27.2833 -27.3012
13.46 -27.2956 -27.3135
13.48 -27.3079 -27.3257
13.5 -27.3201 -27.338
13.52 -27.3323 -27.3503
13.54 -27.3445 -27.3625
13.56 -27.3567 -27.3747
13.58 -27.3689 -27.3869
13.6 -27.381 -27.399
13.62 -27.3931 -27.4111
13.64 -27.4052 -27.4232
13.66 -27.4172 -27.4353
13.68 -27.4293 -27.4473
13.7 -27.4412 -27.4593
13.72 -27.4532 -27.4713
13.74 -27.4651 -27.4832
13.76 -27.477 -27.4951
13.78 -27.4888 -27.507
13.8 -27.5006 -27.5188
13.82 -27.5124 -27.5306
13.84 -27.5241 -27.5423
13.86 -27.5357 -27.554
13.88 -27.5473 -27.5657
13.9 -27.5589 -27.5772
13.92 -27.5704 -27.5888
13.94 -27.5819 -27.6003
13.96 -27.5933 -27.6117
13.98 -27.6047 -27.6231
14 -27.616 -27.6344
14.02 -27.6272 -27.6457
14.04 -27.6384 -27.6569
14.06 -27.6495 -27.6681
14.08 -27.6606 -27.6792
14.1 -27.6716 -27.6902
14.12 -27.6825 -27.7012
14.14 -27.6934 -27.7121
14.16 -27.7042 -27.7229
14.18 -27.715 -27.7337
14.2 -27.7256 -27.7444
14.22 -27.7362 -27.755
14.24 -27.7468 -27.7656
14.26 -27.7572 -27.776
14.28 -27.7676 -27.7865
14.3 -27.7779 -27.7968
14.32 -27.7881 -27.807
14.34 -27.7983 -27.8172
14.36 -27.8083 -27.8273
14.38 -27.8183 -27.8373
14.4 -27.8282 -27.8473
14.42 -27.8381 -27.8571
14.44 -27.8478 -27.8669
14.46 -27.8574 -27.8766
14.48 -27.867 -27.8862
14.5 -27.8765 -27.8957
14.52 -27.8859 -27.9051
14.54 -27.8952 -27.9145
14.56 -27.9044 -27.9237
14.58 -27.9135 -27.9329
14.6 -27.9225 -27.9419
14.62 -27.9315 -27.9509
14.64 -27.9403 -27.9598
14.66 -27.9491 -27.9685
14.68 -27.9577 -27.9772
14.7 -27.9662 -27.9858
14.72 -27.9747 -27.9943
14.74 -27.983 -28.0027
14.76 -27.9913 -28.0109
14.78 -27.9994 -28.0191
14.8 -28.0075 -28.0272
14.82 -28.0154 -28.0352
14.84 -28.0233 -28.043
14.86 -28.031 -28.0508
14.88 -28.0386 -28.0585
14.9 -28.0461 -28.066
14.92 -28.0535 -28.0735
14.94 -28.0608 -28.0808
14.96 -28.068 -28.088
14.98 -28.0751 -28.0952
15 -28.0821 -28.1022
15.02 -28.089 -28.1091
15.04 -28.0957 -28.1159
15.06 -28.1024 -28.1225
15.08 -28.1089 -28.1291
15.1 -28.1153 -28.1356
15.12 -28.1216 -28.1419
15.14 -28.1278 -28.1481
15.16 -28.1339 -28.1542
15.18 -28.1398 -28.1602
15.2 -28.1457 -28.1661
15.22 -28.1514 -28.1718
15.24 -28.157 -28.1775
15.26 -28.1625 -28.183
15.28 -28.1679 -28.1884
15.3 -28.1731 -28.1937
15.32 -28.1782 -28.1989
15.34 -28.1832 -28.2039
15.36 -28.1881 -28.2088
15.38 -28.1929 -28.2137
15.4 -28.1976 -28.2183
15.42 -28.2021 -28.2229
15.44 -28.2065 -28.2274
15.46 -28.2108 -28.2317
15.48 -28.215 -28.2359
15.5 -28.219 -28.24
15.52 -28.2229 -28.2439
15.54 -28.2268 -28.2478
15.56 -28.2304 -28.2515
15.58 -28.234 -28.2551
15.6 -28.2374 -28.2586
15.62 -28.2407 -28.2619
15.64 -28.2439 -28.2651
15.66 -28.247 -28.2682
15.68 -28.2499 -28.2712
15.7 -28.2528 -28.2741
15.72 -28.2555 -28.2768
15.74 -28.258 -28.2794
15.76 -28.2605 -28.2819
15.78 -28.2628 -28.2843
15.8 -28.265 -28.2865
15.82 -28.2671 -28.2886
15.84 -28.2691 -28.2906
15.86 -28.2709 -28.2925
15.88 -28.2726 -28.2942
15.9 -28.2742 -28.2959
15.92 -28.2757 -28.2974
15.94 -28.2771 -28.2988
15.96 -28.2783 -28.3
15.98 -28.2794 -28.3012
16 -28.2804 -28.3022
16.02 -28.2813 -28.3031
16.04 -28.282 -28.3039
16.06 -28.2826 -28.3045
16.08 -28.2831 -28.3051
16.1 -28.2835 -28.3055
16.12 -28.2838 -28.3058
16.14 -28.2839 -28.306
16.16 -28.284 -28.306
16.18 -28.2839 -28.306
16.2 -28.2837 -28.3058
16.22 -28.2834 -28.3055
16.24 -28.2829 -28.3051
16.26 -28.2824 -28.3046
16.28 -28.2817 -28.3039
16.3 -28.2809 -28.3032
16.32 -28.28 -28.3023
16.34 -28.279 -28.3013
16.36 -28.2779 -28.3002
16.38 -28.2766 -28.299
16.4 -28.2753 -28.2977
16.42 -28.2738 -28.2962
16.44 -28.2723 -28.2947
16.46 -28.2706 -28.293
16.48 -28.2688 -28.2913
16.5 -28.2669 -28.2894
16.52 -28.2649 -28.2874
16.54 -28.2628 -28.2853
16.56 -28.2606 -28.2831
16.58 -28.2582 -28.2808
16.6 -28.2558 -28.2784
16.62 -28.2533 -28.2759
16.64 -28.2506 -28.2733
16.66 -28.2479 -28.2706
16.68 -28.2451 -28.2678
16.7 -28.2421 -28.2649
16.72 -28.2391 -28.2618
16.74 -28.2359 -28.2587
16.76 -28.2327 -28.2555
16.78 -28.2294 -28.2522
16.8 -28.2259 -28.2488
16.82 -28.2224 -28.2453
16.84 -28.2188 -28.2417
16.86 -28.2151 -28.238
16.88 -28.2113 -28.2342
16.9 -28.2074 -28.2304
16.92 -28.2034 -28.2264
16.94 -28.1994 -28.2224
16.96 -28.1952 -28.2182
16.98 -28.191 -28.214
17 -28.1867 -28.2097
17.02 -28.1822 -28.2053
17.04 -28.1778 -28.2008
17.06 -28.1732 -28.1963
17.08 -28.1685 -28.1916
17.1 -28.1638 -28.1869
17.12 -28.159 -28.1821
17.14 -28.1541 -28.1773
17.16 -28.1491 -28.1723
17.18 -28.1441 -28.1673
17.2 -28.139 -28.1622
17.22 -28.1338 -28.157
17.24 -28.1286 -28.1518
17.26 -28.1233 -28.1465
17.28 -28.1179 -28.1411
17.3 -28.1124 -28.1357
17.32 -28.1069 -28.1302
17.34 -28.1013 -28.1246
17.36 -28.0957 -28.119
17.38 -28.09 -28.1133
17.4 -28.0842 -28.1075
17.42 -28.0784 -28.1017
17.44 -28.0725 -28.0959
17.46 -28.0666 -28.0899
17.48 -28.0606 -28.084
17.5 -28.0546 -28.0779
17.52 -28.0485 -28.0718
17.54 -28.0424 -28.0657
17.56 -28.0362 -28.0595
17.58 -28.03 -28.0533
17.6 -28.0237 -28.0471
17.62 -28.0174 -28.0407
17.64 -28.011 -28.0344
17.66 -28.0046 -28.028
17.68 -27.9982 -28.0216
17.7 -27.9917 -28.0151
17.72 -27.9852 -28.0086
17.74 -27.9786 -28.002
17.76 -27.9721 -27.9955
17.78 -27.9655 -27.9889
17.8 -27.9588 -27.9822
17.82 -27.9522 -27.9756
17.84 -27.9455 -27.9689
17.86 -27.9388 -27.9622
17.88 -27.932 -27.9554
17.9 -27.9253 -27.9487
17.92 -27.9185 -27.9419
17.94 -27.9117 -27.9351
17.96 -27.9049 -27.9283
17.98 -27.8981 -27.9214
18 -27.8912 -27.9146
18.02 -27.8844 -27.9077
18.04 -27.8775 -27.9009
18.06 -27.8707 -27.894
18.08 -27.8638 -27.8871
18.1 -27.8569 -27.8803
18.12 -27.85 -27.8734
18.14 -27.8431 -27.8665
18.16 -27.8363 -27.8596
18.18 -27.8294 -27.8527
18.2 -27.8225 -27.8458
18.22 -27.8157 -27.839
18.24 -27.8088 -27.8321
18.26 -27.8019 -27.8252
18.28 -27.7951 -27.8184
18.3 -27.7883 -27.8115
18.32 -27.7815 -27.8047
18.34 -27.7747 -27.7979
18.36 -27.7679 -27.7911
18.38 -27.7611 -27.7844
18.4 -27.7544 -27.7776
18.42 -27.7477 -27.7709
18.44 -27.741 -27.7642
18.46 -27.7343 -27.7575
18.48 -27.7277 -27.7509
18.5 -27.7211 -27.7442
18.52 -27.7145 -27.7377
18.54 -27.708 -27.7311
18.56 -27.7015 -27.7246
18.58 -27.695 -27.7181
18.6 -27.6886 -27.7117
18.62 -27.6822 -27.7053
18.64 -27.6759 -27.6989
18.66 -27.6696 -27.6926
18.68 -27.6633 -27.6863
18.7 -27.6571 -27.6801
18.72 -27.651 -27.674
18.74 -27.6449 -27.6678
18.76 -27.6388 -27.6618
18.78 -27.6328 -27.6558
18.8 -27.6269 -27.6498
18.82 -27.621 -27.6439
18.84 -27.6152 -27.6381
18.86 -27.6095 -27.6323
18.88 -27.6038 -27.6266
18.9 -27.5981 -27.6209
18.92 -27.5926 -27.6154
18.94 -27.5871 -27.6098
18.96 -27.5817 -27.6044
18.98 -27.5763 -27.599
19 -27.5711 -27.5937
19.02 -27.5659 -27.5885
19.04 -27.5608 -27.5834
19.06 -27.5557 -27.5783
19.08 -27.5508 -27.5734
19.1 -27.5459 -27.5685
19.12 -27.5411 -27.5636
19.14 -27.5364 -27.5589
19.16 -27.5318 -27.5543
19.18 -27.5273 -27.5497
19.2 -27.5229 -27.5453
19.22 -27.5185 -27.5409
19.24 -27.5143 -27.5367
19.26 -27.5101 -27.5325
19.28 -27.5061 -27.5284
19.3 -27.5022 -27.5244
19.32 -27.4983 -27.5206
19.34 -27.4946 -27.5168
19.36 -27.4909 -27.5131
19.38 -27.4874 -27.5096
19.4 -27.484 -27.5061
19.42 -27.4807 -27.5028
19.44 -27.4775 -27.4996
19.46 -27.4744 -27.4965
19.48 -27.4715 -27.4935
19.5 -27.4686 -27.4906
19.52 -27.4659 -27.4878
19.54 -27.4633 -27.4852
19.56 -27.4608 -27.4827
19.58 -27.4585 -27.4803
19.6 -27.4562 -27.478
19.62 -27.4541 -27.4759
19.64 -27.4521 -27.4739
19.66 -27.4503 -27.472
19.68 -27.4486 -27.4703
19.7 -27.447 -27.4686
19.72 -27.4455 -27.4672
19.74 -27.4442 -27.4658
19.76 -27.4431 -27.4646
19.78 -27.442 -27.4635
19.8 -27.4411 -27.4626
19.82 -27.4404 -27.4618
19.84 -27.4398 -27.4612
19.86 -27.4393 -27.4607
19.88 -27.439 -27.4603
19.9 -27.4389 -27.4602
19.92 -27.4388 -27.4601
19.94 -27.439 -27.4602
19.96 -27.4393 -27.4605
19.98 -27.4397 -27.4609
20 -27.4403 -27.4615
20.02 -27.4411 -27.4622
20.04 -27.442 -27.4631
20.06 -27.4431 -27.4641
20.08 -27.4444 -27.4653
20.1 -27.4458 -27.4667
20.12 -27.4474 -27.4682
20.14 -27.4491 -27.47
20.16 -27.451 -27.4718
20.18 -27.4531 -27.4739
20.2 -27.4554 -27.4761
20.22 -27.4578 -27.4785
20.24 -27.4604 -27.481
20.26 -27.4632 -27.4838
20.28 -27.4661 -27.4867
20.3 -27.4693 -27.4898
20.32 -27.4726 -27.4931
20.34 -27.4761 -27.4965
20.36 -27.4797 -27.5001
20.38 -27.4836 -27.504
20.4 -27.4876 -27.508
20.42 -27.4919 -27.5121
20.44 -27.4963 -27.5165
20.46 -27.5009 -27.5211
20.48 -27.5057 -27.5258
20.5 -27.5106 -27.5308
20.52 -27.5158 -27.5359
20.54 -27.5212 -27.5412
20.56 -27.5268 -27.5468
20.58 -27.5325 -27.5525
20.6 -27.5385 -27.5584
20.62 -27.5446 -27.5645
20.64 -27.551 -27.5708
20.66 -27.5575 -27.5773
20.68 -27.5643 -27.584
20.7 -27.5713 -27.591
20.72 -27.5784 -27.5981
20.74 -27.5858 -27.6054
20.76 -27.5934 -27.613
20.78 -27.6012 -27.6207
20.8 -27.6091 -27.6286
20.82 -27.6173 -27.6368
20.84 -27.6258 -27.6452
20.86 -27.6344 -27.6538
20.88 -27.6432 -27.6626
20.9 -27.6523 -27.6716
20.92 -27.6615 -27.6808
20.94 -27.671 -27.6902
20.96 -27.6807 -27.6999
20.98 -27.6906 -27.7098
21 -27.7008 -27.7199
21.02 -27.7111 -27.7302
21.04 -27.7217 -27.7407
21.06 -27.7325 -27.7515
21.08 -27.7435 -27.7624
21.1 -27.7548 -27.7736
21.12 -27.7662 -27.7851
21.14 -27.7779 -27.7967
21.16 -27.7899 -27.8086
21.18 -27.802 -27.8207
21.2 -27.8144 -27.8331
21.22 -27.827 -27.8456
21.24 -27.8398 -27.8584
21.26 -27.8529 -27.8714
21.28 -27.8662 -27.8847
21.3 -27.8797 -27.8982
21.32 -27.8935 -27.9119
21.34 -27.9075 -27.9259
21.36 -27.9217 -27.9401
21.38 -27.9362 -27.9545
21.4 -27.9509 -27.9691
21.42 -27.9658 -27.984
21.44 -27.981 -27.9992
21.46 -27.9964 -28.0146
21.48 -28.0121 -28.0302
21.5 -28.028 -28.046
21.52 -28.0441 -28.0621
21.54 -28.0605 -28.0784
21.56 -28.0771 -28.095
21.58 -28.094 -28.1118
21.6 -28.1111 -28.1289
21.62 -28.1284 -28.1462
21.64 -28.146 -28.1638
21.66 -28.1638 -28.1816
21.68 -28.1819 -28.1996
21.7 -28.2002 -28.2179
21.72 -28.2188 -28.2364
21.74 -28.2376 -28.2552
21.76 -28.2567 -28.2742
21.78 -28.276 -28.2935
21.8 -28.2956 -28.313
21.82 -28.3154 -28.3328
21.84 -28.3354 -28.3528
21.86 -28.3557 -28.373
21.88 -28.3763 -28.3936
21.9 -28.3971 -28.4143
21.92 -28.4181 -28.4353
21.94 -28.4394 -28.4566
21.96 -28.461 -28.4781
21.98 -28.4828 -28.4999
22 -28.5049 -28.5219
22.02 -28.5272 -28.5442
22.04 -28.5497 -28.5667
22.06 -28.5726 -28.5895
22.08 -28.5956 -28.6125
22.1 -28.6189 -28.6358
22.12 -28.6425 -28.6594
22.14 -28.6664 -28.6832
22.16 -28.6904 -28.7072
22.18 -28.7148 -28.7315
22.2 -28.7394 -28.7561
22.22 -28.7642 -28.7809
22.24 -28.7893 -28.806
22.26 -28.8147 -28.8313
22.28 -28.8403 -28.8569
22.3 -28.8661 -28.8827
22.32 -28.8923 -28.9088
22.34 -28.9186 -28.9351
22.36 -28.9453 -28.9617
22.38 -28.9721 -28.9886
22.4 -28.9993 -29.0157
22.42 -29.0267 -29.043
22.44 -29.0543 -29.0706
22.46 -29.0822 -29.0985
22.48 -29.1104 -29.1266
22.5 -29.1388 -29.155
22.52 -29.1675 -29.1837
22.54 -29.1964 -29.2126
22.56 -29.2256 -29.2417
22.58 -29.255 -29.2711
22.6 -29.2847 -29.3008
22.62 -29.3146 -29.3307
22.64 -29.3448 -29.3608
22.66 -29.3752 -29.3913
22.68 -29.4059 -29.4219
22.7 -29.4369 -29.4528
22.72 -29.4681 -29.484
22.74 -29.4995 -29.5155
22.76 -29.5313 -29.5471
22.78 -29.5632 -29.5791
22.8 -29.5954 -29.6113
22.82 -29.6279 -29.6437
22.84 -29.6606 -29.6764
22.86 -29.6936 -29.7093
22.88 -29.7268 -29.7425
22.9 -29.7603 -29.776
22.92 -29.794 -29.8097
22.94 -29.8279 -29.8436
22.96 -29.8621 -29.8778
22.98 -29.8966 -29.9122
23 -29.9313 -29.9469
23.02 -29.9663 -29.9819
23.04 -30.0015 -30.0171
23.06 -30.0369 -30.0525
23.08 -30.0726 -30.0882
23.1 -30.1086 -30.1241
23.12 -30.1447 -30.1602
23.14 -30.1812 -30.1967
23.16 -30.2178 -30.2333
23.18 -30.2547 -30.2702
23.2 -30.2919 -30.3073
23.22 -30.3293 -30.3447
23.24 -30.3669 -30.3823
23.26 -30.4048 -30.4202
23.28 -30.4429 -30.4583
23.3 -30.4813 -30.4966
23.32 -30.5198 -30.5352
23.34 -30.5587 -30.574
23.36 -30.5977 -30.6131
23.38 -30.637 -30.6524
23.4 -30.6766 -30.6919
23.42 -30.7163 -30.7316
23.44 -30.7563 -30.7716
23.46 -30.7965 -30.8118
23.48 -30.837 -30.8523
23.5 -30.8777 -30.893
23.52 -30.9186 -30.9339
23.54 -30.9597 -30.975
23.56 -31.0011 -31.0164
23.58 -31.0427 -31.058
23.6 -31.0845 -31.0998
23.62 -31.1266 -31.1418
23.64 -31.1688 -31.1841
23.66 -31.2113 -31.2266
23.68 -31.254 -31.2693
23.7 -31.297 -31.3122
23.72 -31.3401 -31.3553
23.74 -31.3835 -31.3987
23.76 -31.427 -31.4423
23.78 -31.4708 -31.4861
23.8 -31.5148 -31.5301
23.82 -31.5591 -31.5743
23.84 -31.6035 -31.6187
23.86 -31.6481 -31.6634
23.88 -31.693 -31.7082
23.9 -31.738 -31.7533
23.92 -31.7833 -31.7985
23.94 -31.8287 -31.844
23.96 -31.8744 -31.8897
23.98 -31.9203 -31.9355
24 -31.9663 -31.9816
24.02 -32.0126 -32.0279
24.04 -32.0591 -32.0744
24.06 -32.1057 -32.121
24.08 -32.1526 -32.1679
24.1 -32.1997 -32.215
24.12 -32.2469 -32.2622
24.14 -32.2943 -32.3097
24.16 -32.3419 -32.3573
24.18 -32.3898 -32.4051
24.2 -32.4377 -32.4531
24.22 -32.4859 -32.5013
24.24 -32.5343 -32.5497
24.26 -32.5828 -32.5982
24.28 -32.6315 -32.647
24.3 -32.6804 -32.6959
24.32 -32.7295 -32.745
24.34 -32.7788 -32.7943
24.36 -32.8282 -32.8437
24.38 -32.8778 -32.8933
24.4 -32.9275 -32.9431
24.42 -32.9775 -32.993
24.44 -33.0275 -33.0431
24.46 -33.0778 -33.0934
24.48 -33.1282 -33.1439
24.5 -33.1788 -33.1945
24.52 -33.2295 -33.2452
24.54 -33.2804 -33.2961
24.56 -33.3315 -33.3472
24.58 -33.3827 -33.3984
24.6 -33.434 -33.4498
24.62 -33.4855 -33.5014
24.64 -33.5372 -33.553
24.66 -33.589 -33.6049
24.68 -33.6409 -33.6568
24.7 -33.693 -33.7089
24.72 -33.7452 -33.7612
24.74 -33.7975 -33.8136
24.76 -33.85 -33.8661
24.78 -33.9027 -33.9187
24.8 -33.9554 -33.9715
24.82 -34.0083 -34.0244
24.84 -34.0613 -34.0775
24.86 -34.1144 -34.1307
24.88 -34.1677 -34.184
24.9 -34.2211 -34.2374
24.92 -34.2746 -34.2909
24.94 -34.3282 -34.3446
24.96 -34.3819 -34.3983
24.98 -34.4357 -34.4522
25 -34.4897 -34.5062
25.02 -34.5437 -34.5603
25.04 -34.5979 -34.6145
25.06 -34.6522 -34.6688
25.08 -34.7065 -34.7232
25.1 -34.761 -34.7777
25.12 -34.8156 -34.8323
25.14 -34.8702 -34.887
25.16 -34.925 -34.9418
25.18 -34.9798 -34.9967
25.2 -35.0347 -35.0517
25.22 -35.0897 -35.1068
25.24 -35.1448 -35.1619
25.26 -35.2 -35.2171
25.28 -35.2553 -35.2724
25.3 -35.3106 -35.3278
25.32 -35.366 -35.3833
25.34 -35.4215 -35.4388
25.36 -35.477 -35.4944
25.38 -35.5326 -35.5501
25.4 -35.5883 -35.6058
25.42 -35.644 -35.6616
25.44 -35.6998 -35.7174
25.46 -35.7557 -35.7734
25.48 -35.8116 -35.8293
25.5 -35.8675 -35.8853
25.52 -35.9235 -35.9414
25.54 -35.9796 -35.9975
25.56 -36.0357 -36.0537
25.58 -36.0918 -36.1099
25.6 -36.148 -36.1661
25.62 -36.2042 -36.2224
25.64 -36.2605 -36.2787
25.66 -36.3168 -36.3351
25.68 -36.3731 -36.3915
25.7 -36.4294 -36.4479
25.72 -36.4858 -36.5043
25.74 -36.5422 -36.5608
25.76 -36.5986 -36.6172
25.78 -36.655 -36.6737
25.8 -36.7114 -36.7302
25.82 -36.7679 -36.7868
25.84 -36.8243 -36.8433
25.86 -36.8808 -36.8998
25.88 -36.9373 -36.9564
25.9 -36.9937 -37.0129
25.92 -37.0502 -37.0695
25.94 -37.1067 -37.126
25.96 -37.1631 -37.1826
25.98 -37.2196 -37.2391
26 -37.276 -37.2956
26.02 -37.3325 -37.3521
26.04 -37.3889 -37.4086
26.06 -37.4453 -37.4651
26.08 -37.5017 -37.5215
26.1 -37.558 -37.578
26.12 -37.6143 -37.6344
26.14 -37.6706 -37.6908
26.16 -37.7269 -37.7471
26.18 -37.7831 -37.8034
26.2 -37.8393 -37.8597
26.22 -37.8955 -37.9159
26.24 -37.9516 -37.9721
26.26 -38.0076 -38.0283
26.28 -38.0637 -38.0844
26.3 -38.1196 -38.1405
26.32 -38.1756 -38.1965
26.34 -38.2314 -38.2524
26.36 -38.2872 -38.3083
26.38 -38.343 -38.3642
26.4 -38.3987 -38.42
26.42 -38.4543 -38.4757
26.44 -38.5099 -38.5313
26.46 -38.5654 -38.5869
26.48 -38.6208 -38.6424
26.5 -38.6761 -38.6979
26.52 -38.7314 -38.7532
26.54 -38.7866 -38.8085
26.56 -38.8417 -38.8637
26.58 -38.8967 -38.9188
26.6 -38.9516 -38.9739
26.62 -39.0065 -39.0288
26.64 -39.0612 -39.0837
26.66 -39.1159 -39.1384
26.68 -39.1705 -39.1931
26.7 -39.2249 -39.2477
26.72 -39.2793 -39.3021
26.74 -39.3335 -39.3565
26.76 -39.3877 -39.4107
26.78 -39.4417 -39.4649
26.8 -39.4957 -39.5189
26.82 -39.5495 -39.5729
26.84 -39.6032 -39.6267
26.86 -39.6568 -39.6804
26.88 -39.7103 -39.7339
26.9 -39.7636 -39.7874
26.92 -39.8168 -39.8407
26.94 -39.8699 -39.8939
26.96 -39.9229 -39.947
26.98 -39.9757 -40
27 -40.0285 -40.0528
27.02 -40.081 -40.1054
27.04 -40.1335 -40.158
27.06 -40.1857 -40.2104
27.08 -40.2379 -40.2626
27.1 -40.2899 -40.3148
27.12 -40.3418 -40.3667
27.14 -40.3935 -40.4185
27.16 -40.445 -40.4702
27.18 -40.4964 -40.5217
27.2 -40.5477 -40.5731
27.22 -40.5988 -40.6243
27.24 -40.6497 -40.6754
27.26 -40.7005 -40.7262
27.28 -40.7511 -40.777
27.3 -40.8016 -40.8275
27.32 -40.8518 -40.8779
27.34 -40.9019 -40.9282
27.36 -40.9519 -40.9782
27.38 -41.0017 -41.0281
27.4 -41.0513 -41.0778
27.42 -41.1007 -41.1273
27.44 -41.1499 -41.1767
27.46 -41.199 -41.2259
27.48 -41.2479 -41.2749
27.5 -41.2966 -41.3237
27.52 -41.3451 -41.3723
27.54 -41.3934 -41.4208
27.56 -41.4415 -41.469
27.58 -41.4895 -41.5171
27.6 -41.5373 -41.565
27.62 -41.5848 -41.6126
27.64 -41.6322 -41.6601
27.66 -41.6794 -41.7074
27.68 -41.7263 -41.7545
27.7 -41.7731 -41.8014
27.72 -41.8197 -41.8481
27.74 -41.8661 -41.8946
27.76 -41.9122 -41.9409
27.78 -41.9582 -41.987
27.8 -42.0039 -42.0328
27.82 -42.0495 -42.0785
27.84 -42.0948 -42.124
27.86 -42.1399 -42.1692
27.88 -42.1849 -42.2142
27.9 -42.2296 -42.2591
27.92 -42.2741 -42.3037
27.94 -42.3183 -42.3481
27.96 -42.3624 -42.3922
27.98 -42.4062 -42.4362
28 -42.4498 -42.4799
28.02 -42.4932 -42.5234
28.04 -42.5364 -42.5667
28.06 -42.5794 -42.6098
28.08 -42.6221 -42.6527
28.1 -42.6646 -42.6953
28.12 -42.7069 -42.7377
28.14 -42.7489 -42.7798
28.16 -42.7907 -42.8218
28.18 -42.8323 -42.8635
28.2 -42.8737 -42.905
28.22 -42.9149 -42.9463
28.24 -42.9558 -42.9873
28.26 -42.9964 -43.0281
28.28 -43.0369 -43.0686
28.3 -43.0771 -43.109
28.32 -43.1171 -43.1491
28.34 -43.1568 -43.1889
28.36 -43.1963 -43.2286
28.38 -43.2356 -43.2679
28.4 -43.2746 -43.3071
28.42 -43.3134 -43.346
28.44 -43.352 -43.3847
28.46 -43.3903 -43.4231
28.48 -43.4284 -43.4614
28.5 -43.4663 -43.4993
28.52 -43.5039 -43.5371
28.54 -43.5413 -43.5745
28.56 -43.5784 -43.6118
28.58 -43.6153 -43.6488
28.6 -43.6519 -43.6856
28.62 -43.6884 -43.7221
28.64 -43.7245 -43.7584
28.66 -43.7605 -43.7945
28.68 -43.7962 -43.8303
28.7 -43.8316 -43.8658
28.72 -43.8668 -43.9012
28.74 -43.9018 -43.9363
28.76 -43.9366 -43.9711
28.78 -43.971 -44.0057
28.8 -44.0053 -44.0401
28.82 -44.0393 -44.0742
28.84 -44.0731 -44.1081
28.86 -44.1066 -44.1417
28.88 -44.1399 -44.1751
28.9 -44.173 -44.2083
28.92 -44.2058 -44.2412
28.94 -44.2384 -44.2739
28.96 -44.2707 -44.3064
28.98 -44.3028 -44.3386
29 -44.3347 -44.3705
29.02 -44.3663 -44.4023
29.04 -44.3977 -44.4338
29.06 -44.4288 -44.465
29.08 -44.4597 -44.4961
29.1 -44.4904 -44.5268
29.12 -44.5209 -44.5574
29.14 -44.5511 -44.5877
29.16 -44.5811 -44.6178
29.18 -44.6108 -44.6476
29.2 -44.6403 -44.6773
29.22 -44.6696 -44.7066
29.24 -44.6986 -44.7358
29.26 -44.7275 -44.7647
29.28 -44.7561 -44.7934
29.3 -44.7844 -44.8219
29.32 -44.8126 -44.8501
29.34 -44.8405 -44.8781
29.36 -44.8681 -44.9059
29.38 -44.8956 -44.9335
29.4 -44.9228 -44.9608
29.42 -44.9499 -44.9879
29.44 -44.9766 -45.0148
29.46 -45.0032 -45.0415
29.48 -45.0296 -45.0679
29.5 -45.0557 -45.0942
29.52 -45.0816 -45.1202
29.54 -45.1073 -45.146
29.56 -45.1328 -45.1715
29.58 -45.1581 -45.1969
29.6 -45.1831 -45.2221
29.62 -45.208 -45.247
29.64 -45.2326 -45.2717
29.66 -45.2571 -45.2963
29.68 -45.2813 -45.3206
29.7 -45.3053 -45.3447
29.72 -45.3291 -45.3686
29.74 -45.3527 -45.3923
29.76 -45.3762 -45.4158
29.78 -45.3994 -45.4391
29.8 -45.4224 -45.4622
29.82 -45.4452 -45.4851
29.84 -45.4678 -45.5078
29.86 -45.4903 -45.5304
29.88 -45.5125 -45.5527
29.9 -45.5346 -45.5748
29.92 -45.5564 -45.5968
29.94 -45.5781 -45.6185
29.96 -45.5996 -45.6401
29.98 -45.6209 -45.6615
30 -45.6421 -45.6827
30.02 -45.663 -45.7038
30.04 -45.6838 -45.7246
30.06 -45.7044 -45.7453
30.08 -45.7248 -45.7658
30.1 -45.7451 -45.7861
30.12 -45.7652 -45.8063
30.14 -45.7851 -45.8263
30.16 -45.8049 -45.8461
30.18 -45.8244 -45.8658
30.2 -45.8439 -45.8853
30.22 -45.8632 -45.9046
30.24 -45.8823 -45.9238
30.26 -45.9012 -45.9429
30.28 -45.92 -45.9617
30.3 -45.9387 -45.9805
30.32 -45.9572 -45.999
30.34 -45.9756 -46.0175
30.36 -45.9938 -46.0357
30.38 -46.0118 -46.0539
30.4 -46.0298 -46.0719
30.42 -46.0476 -46.0897
30.44 -46.0652 -46.1075
30.46 -46.0828 -46.1251
30.48 -46.1002 -46.1425
30.5 -46.1174 -46.1598
30.52 -46.1346 -46.1771
30.54 -46.1516 -46.1941
30.56 -46.1685 -46.2111
30.58 -46.1853 -46.2279
30.6 -46.2019 -46.2446
30.62 -46.2185 -46.2612
30.64 -46.2349 -46.2777
30.66 -46.2512 -46.2941
30.68 -46.2675 -46.3104
30.7 -46.2836 -46.3266
30.72 -46.2996 -46.3426
30.74 -46.3155 -46.3586
30.76 -46.3313 -46.3745
30.78 -46.347 -46.3902
30.8 -46.3627 -46.4059
30.82 -46.3782 -46.4215
30.84 -46.3937 -46.437
30.86 -46.409 -46.4524
30.88 -46.4243 -46.4678
30.9 -46.4395 -46.483
30.92 -46.4547 -46.4982
30.94 -46.4697 -46.5133
30.96 -46.4847 -46.5283
30.98 -46.4996 -46.5433
31 -46.5145 -46.5582
31.02 -46.5293 -46.573
31.04 -46.544 -46.5878
31.06 -46.5587 -46.6025
31.08 -46.5733 -46.6172
31.1 -46.5879 -46.6318
31.12 -46.6024 -46.6464
31.14 -46.6169 -46.6609
31.16 -46.6313 -46.6753
31.18 -46.6457 -46.6897
31.2 -46.66 -46.7041
31.22 -46.6744 -46.7185
31.24 -46.6886 -46.7328
31.26 -46.7029 -46.7471
31.28 -46.7171 -46.7613
31.3 -46.7313 -46.7755
31.32 -46.7455 -46.7897
31.34 -46.7596 -46.8039
31.36 -46.7738 -46.8181
31.38 -46.7879 -46.8323
31.4 -46.802 -46.8464
31.42 -46.8161 -46.8605
31.44 -46.8302 -46.8746
31.46 -46.8443 -46.8888
31.48 -46.8584 -46.9029
31.5 -46.8725 -46.917
31.52 -46.8866 -46.9311
31.54 -46.9007 -46.9453
31.56 -46.9148 -46.9594
31.58 -46.929 -46.9736
31.6 -46.9431 -46.9878
31.62 -46.9573 -47.002
31.64 -46.9715 -47.0162
31.66 -46.9857 -47.0304
31.68 -47 -47.0447
31.7 -47.0143 -47.059
31.72 -47.0286 -47.0733
31.74 -47.0429 -47.0877
31.76 -47.0573 -47.1021
31.78 -47.0718 -47.1166
31.8 -47.0863 -47.1311
31.82 -47.1008 -47.1456
31.84 -47.1154 -47.1602
31.86 -47.13 -47.1748
31.88 -47.1447 -47.1895
31.9 -47.1594 -47.2043
31.92 -47.1743 -47.2191
31.94 -47.1891 -47.234
31.96 -47.2041 -47.249
31.98 -47.2191 -47.264
32 -47.2342 -47.2791
32.02 -47.2493 -47.2943
32.04 -47.2646 -47.3095
32.06 -47.2799 -47.3248
32.08 -47.2953 -47.3402
32.1 -47.3108 -47.3557
32.12 -47.3264 -47.3713
32.14 -47.342 -47.387
32.16 -47.3578 -47.4028
32.18 -47.3737 -47.4186
32.2 -47.3896 -47.4346
32.22 -47.4057 -47.4507
32.24 -47.4219 -47.4669
32.26 -47.4382 -47.4831
32.28 -47.4546 -47.4995
32.3 -47.4711 -47.516
32.32 -47.4877 -47.5327
32.34 -47.5044 -47.5494
32.36 -47.5213 -47.5663
32.38 -47.5383 -47.5833
32.4 -47.5554 -47.6004
32.42 -47.5726 -47.6176
32.44 -47.59 -47.635
32.46 -47.6075 -47.6525
32.48 -47.6252 -47.6701
32.5 -47.643 -47.6879
32.52 -47.6609 -47.7058
32.54 -47.679 -47.7239
32.56 -47.6972 -47.7421
32.58 -47.7156 -47.7605
32.6 -47.7341 -47.779
32.62 -47.7528 -47.7977
32.64 -47.7716 -47.8165
32.66 -47.7906 -47.8355
32.68 -47.8097 -47.8546
32.7 -47.8291 -47.874
32.72 -47.8486 -47.8934
32.74 -47.8682 -47.9131
32.76 -47.888 -47.9329
32.78 -47.908 -47.9529
32.8 -47.9282 -47.9731
32.82 -47.9486 -47.9934
32.84 -47.9691 -48.0139
32.86 -47.9898 -48.0346
32.88 -48.0107 -48.0555
32.9 -48.0318 -48.0766
32.92 -48.0531 -48.0979
32.94 -48.0746 -48.1194
32.96 -48.0963 -48.141
32.98 -48.1181 -48.1629
33 -48.1402 -48.1849
33.02 -48.1625 -48.2072
33.04 -48.1849 -48.2296
33.06 -48.2076 -48.2523
33.08 -48.2305 -48.2752
33.1 -48.2536 -48.2983
33.12 -48.2769 -48.3216
33.14 -48.3004 -48.3451
33.16 -48.3242 -48.3688
33.18 -48.3481 -48.3927
33.2 -48.3723 -48.4169
33.22 -48.3967 -48.4413
33.24 -48.4213 -48.4659
33.26 -48.4462 -48.4907
33.28 -48.4712 -48.5158
33.3 -48.4965 -48.541
33.32 -48.5221 -48.5666
33.34 -48.5478 -48.5923
33.36 -48.5738 -48.6183
33.38 -48.6001 -48.6445
33.4 -48.6266 -48.671
33.42 -48.6533 -48.6977
33.44 -48.6803 -48.7247
33.46 -48.7075 -48.7519
33.48 -48.7349 -48.7793
33.5 -48.7626 -48.807
33.52 -48.7906 -48.8349
33.54 -48.8188 -48.8631
33.56 -48.8472 -48.8916
33.58 -48.8759 -48.9202
33.6 -48.9049 -48.9492
33.62 -48.9341 -48.9784
33.64 -48.9636 -49.0079
33.66 -48.9934 -49.0376
33.68 -49.0234 -49.0676
33.7 -49.0537 -49.0979
33.72 -49.0842 -49.1284
33.74 -49.115 -49.1592
33.76 -49.1461 -49.1902
33.78 -49.1774 -49.2216
33.8 -49.209 -49.2532
33.82 -49.2409 -49.285
33.84 -49.2731 -49.3172
33.86 -49.3055 -49.3496
33.88 -49.3382 -49.3823
33.9 -49.3712 -49.4153
33.92 -49.4045 -49.4485
33.94 -49.438 -49.482
33.96 -49.4719 -49.5159
33.98 -49.506 -49.55
34 -49.5404 -49.5843
34.02 -49.575 -49.619
34.04 -49.61 -49.654
34.06 -49.6453 -49.6892
34.08 -49.6808 -49.7247
34.1 -49.7166 -49.7605
34.12 -49.7527 -49.7966
34.14 -49.7892 -49.833
34.16 -49.8259 -49.8697
34.18 -49.8629 -49.9067
34.2 -49.9001 -49.944
34.22 -49.9377 -49.9816
34.24 -49.9756 -50.0194
34.26 -50.0138 -50.0576
34.28 -50.0522 -50.096
34.3 -50.091 -50.1348
34.32 -50.1301 -50.1738
34.34 -50.1694 -50.2132
34.36 -50.2091 -50.2529
34.38 -50.2491 -50.2928
34.4 -50.2893 -50.3331
34.42 -50.3299 -50.3736
34.44 -50.3708 -50.4145
34.46 -50.4119 -50.4556
34.48 -50.4534 -50.4971
34.5 -50.4952 -50.5389
34.52 -50.5373 -50.5809
34.54 -50.5796 -50.6233
34.56 -50.6223 -50.666
34.58 -50.6653 -50.709
34.6 -50.7086 -50.7523
34.62 -50.7522 -50.7959
34.64 -50.7961 -50.8398
34.66 -50.8403 -50.884
34.68 -50.8849 -50.9285
34.7 -50.9297 -50.9734
34.72 -50.9748 -51.0185
34.74 -51.0203 -51.0639
34.76 -51.066 -51.1097
34.78 -51.1121 -51.1557
34.8 -51.1584 -51.2021
34.82 -51.2051 -51.2488
34.84 -51.2521 -51.2957
34.86 -51.2994 -51.343
34.88 -51.347 -51.3906
34.9 -51.3949 -51.4385
34.92 -51.4431 -51.4867
34.94 -51.4916 -51.5352
