-5 0.00947916
-4.99 0.00948577
-4.98 0.00949723
-4.97 0.00950798
-4.96 0.00951842
-4.95 0.00952949
-4.94 0.0095417
-4.93 0.00955522
-4.92 0.00957013
-4.91 0.0095864
-4.9 0.00960405
-4.89 0.00962306
-4.88 0.00964345
-4.87 0.00966522
-4.86 0.00968843
-4.85 0.0097131
-4.84 0.00973931
-4.83 0.00976715
-4.82 0.00979673
-4.81 0.0098282
-4.8 0.00986177
-4.79 0.00989775
-4.78 0.0099366
-4.77 0.00997907
-4.76 0.0100265
-4.75 0.0100814
-4.74 0.0101492
-4.73 0.0102441
-4.72 0.0104085
-4.71 0.0107819
-4.7 0.0115153
-4.69 0.0114631
-4.68 0.0106573
-4.67 0.0105928
-4.66 0.0105967
-4.65 0.0106295
-4.64 0.0106807
-4.63 0.0107436
-4.62 0.010815
-4.61 0.0108933
-4.6 0.0109781
-4.59 0.0110692
-4.58 0.0111666
-4.57 0.0112708
-4.56 0.011382
-4.55 0.0115007
-4.54 0.0116276
-4.53 0.0117633
-4.52 0.0119086
-4.51 0.0120643
-4.5 0.0122315
-4.49 0.0124112
-4.48 0.0126048
-4.47 0.0128137
-4.46 0.0130395
-4.45 0.0132842
-4.44 0.0135498
-4.43 0.013839
-4.42 0.0141546
-4.41 0.0145
-4.4 0.0148791
-4.39 0.0152964
-4.38 0.0157575
-4.37 0.0162686
-4.36 0.0168375
-4.35 0.0174733
-4.34 0.0181872
-4.33 0.0189926
-4.32 0.0199061
-4.31 0.0209483
-4.3 0.0221448
-4.29 0.0235282
-4.28 0.02514
-4.27 0.0270339
-4.26 0.0292807
-4.25 0.0319748
-4.24 0.0352444
-4.23 0.0392673
-4.22 0.0442963
-4.21 0.0506992
-4.2 0.0590297
-4.19 0.0701514
-4.18 0.0854727
-4.17 0.107418
-4.16 0.140461
-4.15 0.19362
-4.14 0.28742
-4.13 0.476131
-4.12 0.918737
-4.11 2.00286
-4.1 3.92421
-4.09 4.51976
-4.08 1.35712
-4.07 0.359414
-4.06 0.457168
-4.05 0.272644
-4.04 0.0660816
-4.03 0.159032
-4.02 0.145749
-4.01 0.0890563
-4 0.0571394
-3.99 0.0455433
-3.98 0.0411013
-3.97 0.0382892
-3.96 0.0358229
-3.95 0.0335939
-3.94 0.0316582
-3.93 0.0300421
-3.92 0.0287397
-3.91 0.0277321
-3.9 0.0269999
-3.89 0.0265292
-3.88 0.0263145
-3.87 0.0263604
-3.86 0.0266836
-3.85 0.0273161
-3.84 0.0283093
-3.83 0.0297424
-3.82 0.0317338
-3.81 0.0344631
-3.8 0.038206
-3.79 0.0434
-3.78 0.050766
-3.77 0.0615568
-3.76 0.0780974
-3.75 0.105092
-3.74 0.153217
-3.73 0.250749
-3.72 0.487101
-3.71 1.13302
-3.7 2.25606
-3.69 1.64099
-3.68 0.474872
-3.67 0.246954
-3.66 0.158098
-3.65 0.108343
-3.64 0.0792439
-3.63 0.0612101
-3.62 0.0493541
-3.61 0.0411626
-3.6 0.0352701
-3.59 0.0308899
-3.58 0.0275442
-3.57 0.0249298
-3.56 0.0228469
-3.55 0.0211597
-3.54 0.0197731
-3.53 0.0186191
-3.52 0.017648
-3.51 0.0168227
-3.5 0.0161151
-3.49 0.0155037
-3.48 0.0149716
-3.47 0.0145056
-3.46 0.0140951
-3.45 0.0137316
-3.44 0.0134082
-3.43 0.0131192
-3.42 0.01286
-3.41 0.0126267
-3.4 0.0124159
-3.39 0.012225
-3.38 0.0120517
-3.37 0.0118939
-3.36 0.0117499
-3.35 0.0116184
-3.34 0.011498
-3.33 0.0113876
-3.32 0.0112864
-3.31 0.0111934
-3.3 0.011108
-3.29 0.0110295
-3.28 0.0109575
-3.27 0.0108914
-3.26 0.0108308
-3.25 0.0107755
-3.24 0.0107251
-3.23 0.0106795
-3.22 0.0106386
-3.21 0.0106025
-3.2 0.0105712
-3.19 0.0105454
-3.18 0.0105257
-3.17 0.0105138
-3.16 0.0105125
-3.15 0.0105276
-3.14 0.0105712
-3.13 0.010673
-3.12 0.0109192
-3.11 0.0115836
-3.1 0.0131924
-3.09 0.0148786
-3.08 0.0126555
-3.07 0.0102331
-3.06 0.0110496
-3.05 0.0103291
-3.04 0.0103649
-3.03 0.0105146
-3.02 0.0103824
-3.01 0.0102926
-3 0.0102848
-2.99 0.010301
-2.98 0.0103161
-2.97 0.0103279
-2.96 0.0103387
-2.95 0.0103504
-2.94 0.0103636
-2.93 0.0103787
-2.92 0.0103958
-2.91 0.0104148
-2.9 0.0104359
-2.89 0.010459
-2.88 0.010484
-2.87 0.0105112
-2.86 0.0105404
-2.85 0.0105718
-2.84 0.0106054
-2.83 0.0106413
-2.82 0.0106796
-2.81 0.0107203
-2.8 0.0107637
-2.79 0.0108099
-2.78 0.0108592
-2.77 0.0109117
-2.76 0.0109681
-2.75 0.011029
-2.74 0.0110956
-2.73 0.0111706
-2.72 0.0112591
-2.71 0.0113933
-2.7 0.0117605
-2.69 0.0120882
-2.68 0.0116283
-2.67 0.0116783
-2.66 0.0117397
-2.65 0.0118187
-2.64 0.0119123
-2.63 0.0120163
-2.62 0.0121291
-2.61 0.0122502
-2.6 0.0123797
-2.59 0.0125178
-2.58 0.012665
-2.57 0.0128221
-2.56 0.0129896
-2.55 0.0131684
-2.54 0.0133595
-2.53 0.0135639
-2.52 0.0137829
-2.51 0.0140178
-2.5 0.0142702
-2.49 0.0145417
-2.48 0.0148344
-2.47 0.0151505
-2.46 0.0154925
-2.45 0.0158633
-2.44 0.0162662
-2.43 0.0167051
-2.42 0.0171844
-2.41 0.0177093
-2.4 0.0182857
-2.39 0.0189206
-2.38 0.0196224
-2.37 0.0204008
-2.36 0.0212677
-2.35 0.0222369
-2.34 0.0233254
-2.33 0.0245541
-2.32 0.0259481
-2.31 0.027539
-2.3 0.0293661
-2.29 0.0314789
-2.28 0.0339412
-2.27 0.0368351
-2.26 0.0402689
-2.25 0.0443868
-2.24 0.0493852
-2.23 0.0555361
-2.22 0.0632259
-2.21 0.0730176
-2.2 0.0857579
-2.19 0.102768
-2.18 0.126201
-2.17 0.159768
-2.16 0.210306
-2.15 0.291609
-2.14 0.435057
-2.13 0.72361
-2.12 1.40034
-2.11 3.05847
-2.1 5.99992
-2.09 6.91482
-2.08 2.06837
-2.07 0.544212
-2.06 0.695051
-2.05 0.413604
-2.04 0.0945046
-2.03 0.239225
-2.02 0.219629
-2.01 0.132021
-2 0.082572
-1.99 0.0646812
-1.98 0.0579277
-1.97 0.0536967
-1.96 0.0499781
-1.95 0.046603
-1.94 0.0436629
-1.93 0.0412032
-1.92 0.0392182
-1.91 0.0376807
-1.9 0.0365624
-1.89 0.0358425
-1.88 0.0355131
-1.87 0.0355816
-1.86 0.0360738
-1.85 0.0370385
-1.84 0.0385548
-1.83 0.0407435
-1.82 0.0437862
-1.81 0.0479573
-1.8 0.0536789
-1.79 0.0616199
-1.78 0.0728833
-1.77 0.0893849
-1.76 0.114681
-1.75 0.155964
-1.74 0.229558
-1.73 0.378687
-1.72 0.740006
-1.71 1.72783
-1.7 3.44853
-1.69 2.50649
-1.68 0.720854
-1.67 0.372094
-1.66 0.236734
-1.65 0.160789
-1.64 0.116313
-1.63 0.0887344
-1.62 0.0705974
-1.61 0.0580627
-1.6 0.0490434
-1.59 0.0423366
-1.58 0.0372117
-1.57 0.0332051
-1.56 0.0300112
-1.55 0.0274222
-1.54 0.0252929
-1.53 0.0235192
-1.52 0.022025
-1.51 0.0207536
-1.5 0.019662
-1.49 0.0187172
-1.48 0.0178936
-1.47 0.0171708
-1.46 0.0165327
-1.45 0.0159662
-1.44 0.0154608
-1.43 0.0150078
-1.42 0.0145999
-1.41 0.0142314
-1.4 0.0138971
-1.39 0.0135928
-1.38 0.0133149
-1.37 0.0130605
-1.36 0.0128267
-1.35 0.0126115
-1.34 0.0124128
-1.33 0.0122289
-1.32 0.0120583
-1.31 0.0118997
-1.3 0.0117518
-1.29 0.0116137
-1.28 0.0114843
-1.27 0.0113627
-1.26 0.0112482
-1.25 0.0111398
-1.24 0.0110368
-1.23 0.0109383
-1.22 0.0108434
-1.21 0.0107508
-1.2 0.0106591
-1.19 0.0105662
-1.18 0.0104688
-1.17 0.0103615
-1.16 0.0102346
-1.15 0.0100685
-1.14 0.00981791
-1.13 0.00936154
-1.12 0.00834358
-1.11 0.0059465
-1.1 0.00206692
-1.09 0.00180238
-1.08 0.00846755
-1.07 0.0091371
-1.06 0.00950903
-1.05 0.00938772
-1.04 0.00995285
-1.03 0.00979288
-1.02 0.00969327
-1.01 0.00974927
-1 0.00980546
-0.99 0.00982572
-0.98 0.00982563
-0.97 0.00981863
-0.96 0.0098102
-0.95 0.00980201
-0.94 0.00979451
-0.93 0.00978781
-0.92 0.00978198
-0.91 0.00977706
-0.9 0.00977309
-0.89 0.00977009
-0.88 0.0097681
-0.87 0.00976712
-0.86 0.00976717
-0.85 0.00976823
-0.84 0.00977027
-0.83 0.00977325
-0.82 0.00977708
-0.81 0.00978162
-0.8 0.00978664
-0.79 0.00979175
-0.78 0.0097963
-0.77 0.00979912
-0.76 0.00979795
-0.75 0.00978818
-0.74 0.0097591
-0.73 0.00968175
-0.72 0.00946302
-0.71 0.00883159
-0.7 0.00784522
-0.69 0.00872053
-0.68 0.00963
-0.67 0.00988342
-0.66 0.00999233
-0.65 0.0100706
-0.64 0.0101357
-0.63 0.010195
-0.62 0.0102525
-0.61 0.0103103
-0.6 0.0103699
-0.59 0.0104322
-0.58 0.0104979
-0.57 0.0105675
-0.56 0.0106417
-0.55 0.0107208
-0.54 0.0108056
-0.53 0.0108965
-0.52 0.0109941
-0.51 0.0110992
-0.5 0.0112124
-0.49 0.0113347
-0.48 0.0114668
-0.47 0.01161
-0.46 0.0117653
-0.45 0.0119341
-0.44 0.012118
-0.43 0.0123189
-0.42 0.0125387
-0.41 0.0127798
-0.4 0.0130451
-0.39 0.013338
-0.38 0.0136621
-0.37 0.0140222
-0.36 0.0144236
-0.35 0.0148731
-0.34 0.0153785
-0.33 0.0159494
-0.32 0.0165979
-0.31 0.0173385
-0.3 0.0181896
-0.29 0.0191746
-0.28 0.020323
-0.27 0.0216736
-0.26 0.0232767
-0.25 0.0252001
-0.24 0.0275356
-0.23 0.0304104
-0.22 0.0340053
-0.21 0.0385839
-0.2 0.0445425
-0.19 0.0524991
-0.18 0.0634621
-0.17 0.0791674
-0.16 0.102816
-0.15 0.140866
-0.14 0.20801
-0.13 0.343098
-0.12 0.659944
-0.11 1.43603
-0.1 2.81144
-0.09 3.23768
-0.08 0.973641
-0.07 0.259538
-0.06 0.329456
-0.05 0.197401
-0.04 0.0495112
-0.03 0.11604
-0.02 0.106537
-0.01 0.065952
0 0.0430984
0.01 0.0347914
0.02 0.0316063
0.03 0.0295885
0.04 0.0278185
0.05 0.0262184
0.06 0.0248283
0.07 0.0236669
0.08 0.0227302
0.09 0.0220045
0.1 0.0214759
0.11 0.0211345
0.12 0.0209763
0.13 0.0210046
0.14 0.0212315
0.15 0.0216798
0.16 0.0223864
0.17 0.0234077
0.18 0.0248287
0.19 0.0267779
0.2 0.0294528
0.21 0.0331663
0.22 0.0384348
0.23 0.0461548
0.24 0.0579909
0.25 0.0773108
0.26 0.111757
0.27 0.181573
0.28 0.350766
0.29 0.813162
0.3 1.61708
0.31 1.17671
0.32 0.341981
0.33 0.178819
0.34 0.115207
0.35 0.079587
0.36 0.0587516
0.37 0.0458373
0.38 0.0373452
0.39 0.0314761
0.4 0.0272527
0.41 0.0241118
0.42 0.0217114
0.43 0.0198344
0.44 0.0183378
0.45 0.0171244
0.46 0.0161261
0.47 0.0152942
0.48 0.0145932
0.49 0.0139964
0.5 0.0134839
0.51 0.01304
0.52 0.0126529
0.53 0.0123129
0.54 0.0120126
0.55 0.0117459
0.56 0.0115077
0.57 0.011294
0.58 0.0111015
0.59 0.0109274
0.6 0.0107693
0.61 0.0106252
0.62 0.0104935
0.63 0.0103728
0.64 0.0102617
0.65 0.0101594
0.66 0.0100647
0.67 0.00997696
0.68 0.00989544
0.69 0.00981951
0.7 0.00974862
0.71 0.00968225
0.72 0.00961996
0.73 0.00956133
0.74 0.00950596
0.75 0.00945347
0.76 0.00940346
0.77 0.00935554
0.78 0.00930924
0.79 0.009264
0.8 0.00921913
0.81 0.00917359
0.82 0.00912587
0.83 0.0090734
0.84 0.00901158
0.85 0.00893112
0.86 0.00881077
0.87 0.00859367
0.88 0.0081132
0.89 0.00698188
0.9 0.00511864
0.91 0.00488128
0.92 0.00803138
0.93 0.00850231
0.94 0.00860958
0.95 0.00860421
0.96 0.00885065
0.97 0.00876708
0.98 0.00872991
0.99 0.00875852
1 0.00878149
1.01 0.00878701
1.02 0.00878372
1.03 0.0087777
1.04 0.00877119
1.05 0.0087648
1.06 0.00875869
1.07 0.00875289
1.08 0.00874742
1.09 0.00874229
1.1 0.00873753
1.11 0.00873314
1.12 0.00872914
1.13 0.00872554
1.14 0.00872232
1.15 0.00871951
1.16 0.00871707
1.17 0.00871499
1.18 0.00871324
1.19 0.00871177
1.2 0.00871049
1.21 0.00870927
1.22 0.00870785
1.23 0.00870584
1.24 0.00870242
1.25 0.00869597
1.26 0.0086827
1.27 0.00865245
1.28 0.00857263
1.29 0.00834761
1.3 0.00798811
1.31 0.00827439
1.32 0.00861601
1.33 0.00870292
1.34 0.00873971
1.35 0.00876514
1.36 0.00878546
1.37 0.00880351
1.38 0.00882075
1.39 0.00883803
1.4 0.00885584
1.41 0.0088745
1.42 0.00889426
1.43 0.00891533
1.44 0.00893787
1.45 0.00896208
1.46 0.00898812
1.47 0.00901618
1.48 0.00904646
1.49 0.00907918
1.5 0.00911458
1.51 0.00915293
1.52 0.00919453
1.53 0.00923974
1.54 0.00928893
1.55 0.00934254
1.56 0.0094011
1.57 0.00946517
1.58 0.00953544
1.59 0.00961269
1.6 0.00969783
1.61 0.00979193
1.62 0.00989626
1.63 0.0100123
1.64 0.0101418
1.65 0.010287
1.66 0.0104504
1.67 0.0106352
1.68 0.0108452
1.69 0.0110852
1.7 0.0113613
1.71 0.0116809
1.72 0.0120538
1.73 0.0124925
1.74 0.0130134
1.75 0.0136387
1.76 0.0143981
1.77 0.0153332
1.78 0.0165028
1.79 0.0179927
1.8 0.019932
1.81 0.022522
1.82 0.026091
1.83 0.0312046
1.84 0.0389055
1.85 0.0512974
1.86 0.0731682
1.87 0.11718
1.88 0.220422
1.89 0.473202
1.9 0.92066
1.91 1.05871
1.92 0.323004
1.93 0.0901256
1.94 0.112632
1.95 0.0694939
1.96 0.0218951
1.97 0.0430952
1.98 0.0398724
1.99 0.0268162
2 0.0194849
2.01 0.0168049
2.02 0.0157582
2.03 0.0150867
2.04 0.0144991
2.05 0.0139703
2.06 0.0135123
2.07 0.0131304
2.08 0.0128226
2.09 0.012584
2.1 0.0124101
2.11 0.0122973
2.12 0.0122445
2.13 0.0122525
2.14 0.0123252
2.15 0.0124701
2.16 0.0126992
2.17 0.0130308
2.18 0.0134927
2.19 0.0141265
2.2 0.0149967
2.21 0.0162052
2.22 0.01792
2.23 0.0204334
2.24 0.0242873
2.25 0.030579
2.26 0.0417988
2.27 0.0645453
2.28 0.119685
2.29 0.270309
2.3 0.531579
2.31 0.388369
2.32 0.116896
2.33 0.0637775
2.34 0.0429593
2.35 0.0313289
2.36 0.0245356
2.37 0.0203271
2.38 0.0175601
2.39 0.0156478
2.4 0.0142717
2.41 0.0132481
2.42 0.0124658
2.43 0.0118539
2.44 0.011366
2.45 0.0109703
2.46 0.0106446
2.47 0.0103732
2.48 0.0101444
2.49 0.0099496
2.5 0.00978219
2.51 0.00963717
2.52 0.00951062
2.53 0.00939945
2.54 0.00930119
2.55 0.00921386
2.56 0.00913584
2.57 0.00906581
2.58 0.00900267
2.59 0.00894553
2.6 0.0088936
2.61 0.00884626
2.62 0.00880295
2.63 0.0087632
2.64 0.00872663
2.65 0.00869287
2.66 0.00866164
2.67 0.00863266
2.68 0.00860571
2.69 0.00858059
2.7 0.00855711
2.71 0.00853512
2.72 0.00851446
2.73 0.00849501
2.74 0.00847662
2.75 0.00845919
2.76 0.00844259
2.77 0.00842669
2.78 0.00841136
2.79 0.00839641
2.8 0.00838165
2.81 0.00836677
2.82 0.00835131
2.83 0.00833454
2.84 0.0083151
2.85 0.0082903
2.86 0.00825396
2.87 0.00818958
2.88 0.00804886
2.89 0.00771921
2.9 0.00717513
2.91 0.0070973
2.92 0.0080098
2.93 0.00815805
2.94 0.00818301
2.95 0.00818495
2.96 0.00825347
2.97 0.00822814
2.98 0.00821754
2.99 0.00822517
3 0.00823073
3.01 0.00823128
3.02 0.00822939
3.03 0.00822679
3.04 0.00822408
3.05 0.00822143
3.06 0.00821887
3.07 0.00821642
3.08 0.00821407
3.09 0.00821184
3.1 0.00820972
3.11 0.00820773
3.12 0.00820586
3.13 0.00820412
3.14 0.0082025
3.15 0.00820101
3.16 0.00819966
3.17 0.00819842
3.18 0.0081973
3.19 0.0081963
3.2 0.00819538
3.21 0.00819455
3.22 0.00819374
3.23 0.00819289
3.24 0.00819186
3.25 0.00819036
3.26 0.00818774
3.27 0.00818223
3.28 0.00816812
3.29 0.00812872
3.3 0.00806549
3.31 0.0081145
3.32 0.00817566
3.33 0.00819111
3.34 0.00819796
3.35 0.00820288
3.36 0.00820698
3.37 0.00821077
3.38 0.00821452
3.39 0.00821839
3.4 0.00822247
3.41 0.00822682
3.42 0.0082315
3.43 0.00823656
3.44 0.00824203
3.45 0.00824795
3.46 0.00825438
3.47 0.00826135
3.48 0.00826892
3.49 0.00827715
3.5 0.00828609
3.51 0.00829583
3.52 0.00830644
3.53 0.008318
3.54 0.00833062
3.55 0.00834443
3.56 0.00835954
3.57 0.00837613
3.58 0.00839435
3.59 0.00841443
3.6 0.0084366
3.61 0.00846115
3.62 0.00848841
3.63 0.00851877
3.64 0.0085527
3.65 0.00859078
3.66 0.00863368
3.67 0.00868224
3.68 0.00873749
3.69 0.00880067
3.7 0.00887339
3.71 0.00895764
3.72 0.00905599
3.73 0.00917175
3.74 0.00930928
3.75 0.0094744
3.76 0.00967502
3.77 0.00992212
3.78 0.0102313
3.79 0.0106252
3.8 0.011138
3.81 0.011823
3.82 0.012767
3.83 0.0141198
3.84 0.0161573
3.85 0.0194364
3.86 0.0252248
3.87 0.036876
3.88 0.0642101
3.89 0.131107
3.9 0.249379
3.91 0.285699
3.92 0.0914715
3.93 0.0297608
3.94 0.035643
3.95 0.0241923
3.96 0.0117517
3.97 0.0172337
3.98 0.0163462
3.99 0.0129354
4 0.0110257
4.01 0.0103233
4.02 0.0100437
4.03 0.00986212
4.04 0.00970356
4.05 0.00956154
4.06 0.00943892
4.07 0.00933684
4.08 0.0092546
4.09 0.00919087
4.1 0.00914433
4.11 0.00911406
4.12 0.00909968
4.13 0.00910144
4.14 0.00912036
4.15 0.0091584
4.16 0.00921872
4.17 0.00930619
4.18 0.00942812
4.19 0.00959557
4.2 0.00982556
4.21 0.0101451
4.22 0.0105986
4.23 0.0112634
4.24 0.0122829
4.25 0.0139478
4.26 0.0169171
4.27 0.0229388
4.28 0.0375401
4.29 0.077407
4.3 0.146392
4.31 0.108554
4.32 0.0368223
4.33 0.0227707
4.34 0.0172339
4.35 0.0141482
4.36 0.0123485
4.37 0.0112342
4.38 0.0105016
4.39 0.00999532
4.4 0.00963095
4.41 0.00935992
4.42 0.00915272
4.43 0.00899064
4.44 0.00886136
4.45 0.00875649
4.46 0.00867017
4.47 0.00859819
4.48 0.0085375
4.49 0.00848579
4.5 0.00844134
4.51 0.00840282
4.52 0.00836919
4.53 0.00833963
4.54 0.00831349
4.55 0.00829024
4.56 0.00826945
4.57 0.00825078
4.58 0.00823394
4.59 0.00821868
4.6 0.00820481
4.61 0.00819214
4.62 0.00818055
4.63 0.0081699
4.64 0.00816009
4.65 0.00815103
4.66 0.00814264
4.67 0.00813484
4.68 0.00812759
4.69 0.00812082
4.7 0.00811448
4.71 0.00810854
4.72 0.00810295
4.73 0.00809769
4.74 0.00809271
4.75 0.00808798
4.76 0.00808348
4.77 0.00807917
4.78 0.00807501
4.79 0.00807096
4.8 0.00806698
4.81 0.00806297
4.82 0.00805884
4.83 0.00805439
4.84 0.00804931
4.85 0.00804291
4.86 0.0080337
4.87 0.00801762
4.88 0.00798285
4.89 0.00790178
4.9 0.0077679
4.91 0.00774736
4.92 0.00797038
4.93 0.00800863
4.94 0.00801365
4.95 0.00801467
4.96 0.00803083
4.97 0.00802441
4.98 0.0080218
4.99 0.00802348
5 0.00802458
