-5 -0.13915
-4.99 -0.147503
-4.98 -0.154782
-4.97 -0.160976
-4.96 -0.166079
-4.95 -0.170087
-4.94 -0.173002
-4.93 -0.174831
-4.92 -0.175585
-4.91 -0.17528
-4.9 -0.173936
-4.89 -0.171576
-4.88 -0.168229
-4.87 -0.163927
-4.86 -0.158708
-4.85 -0.152611
-4.84 -0.145681
-4.83 -0.137964
-4.82 -0.12951
-4.81 -0.120374
-4.8 -0.110612
-4.79 -0.100282
-4.78 -0.0894458
-4.77 -0.0781658
-4.76 -0.0665069
-4.75 -0.0545352
-4.74 -0.042318
-4.73 -0.0299234
-4.72 -0.01742
-4.71 -0.00487662
-4.7 0.00763796
-4.69 0.0200554
-4.68 0.0323081
-4.67 0.0443293
-4.66 0.0560538
-4.65 0.0674178
-4.64 0.0783596
-4.63 0.0888195
-4.62 0.0987404
-4.61 0.108068
-4.6 0.116751
-4.59 0.12474
-4.58 0.131992
-4.57 0.138466
-4.56 0.144123
-4.55 0.148931
-4.54 0.152862
-4.53 0.15589
-4.52 0.157996
-4.51 0.159164
-4.5 0.159384
-4.49 0.15865
-4.48 0.156961
-4.47 0.154321
-4.46 0.150738
-4.45 0.146227
-4.44 0.140805
-4.43 0.134496
-4.42 0.127327
-4.41 0.119332
-4.4 0.110548
-4.39 0.101014
-4.38 0.0907785
-4.37 0.0798892
-4.36 0.0683999
-4.35 0.0563675
-4.34 0.0438525
-4.33 0.0309181
-4.32 0.0176308
-4.31 0.00405925
-4.3 -0.00972522
-4.29 -0.0236495
-4.28 -0.0376386
-4.27 -0.0516165
-4.26 -0.0655057
-4.25 -0.0792284
-4.24 -0.092706
-4.23 -0.10586
-4.22 -0.118613
-4.21 -0.130887
-4.2 -0.142605
-4.19 -0.153693
-4.18 -0.164077
-4.17 -0.173686
-4.16 -0.18245
-4.15 -0.190302
-4.14 -0.197181
-4.13 -0.203024
-4.12 -0.207776
-4.11 -0.211383
-4.1 -0.213796
-4.09 -0.214972
-4.08 -0.214869
-4.07 -0.213452
-4.06 -0.210692
-4.05 -0.206562
-4.04 -0.201043
-4.03 -0.19412
-4.02 -0.185783
-4.01 -0.176028
-4 -0.164859
-3.99 -0.152281
-3.98 -0.138308
-3.97 -0.12296
-3.96 -0.10626
-3.95 -0.0882388
-3.94 -0.0689313
-3.93 -0.0483787
-3.92 -0.026627
-3.91 -0.00372747
-3.9 0.0202637
-3.89 0.0452855
-3.88 0.0712726
-3.87 0.098155
-3.86 0.125859
-3.85 0.154307
-3.84 0.183417
-3.83 0.213105
-3.82 0.243285
-3.81 0.273864
-3.8 0.304753
-3.79 0.335855
-3.78 0.367076
-3.77 0.398318
-3.76 0.429485
-3.75 0.460476
-3.74 0.491194
-3.73 0.521541
-3.72 0.55142
-3.71 0.580733
-3.7 0.609386
-3.69 0.637285
-3.68 0.664339
-3.67 0.69046
-3.66 0.715562
-3.65 0.739561
-3.64 0.762378
-3.63 0.783938
-3.62 0.80417
-3.61 0.823005
-3.6 0.840382
-3.59 0.856243
-3.58 0.870535
-3.57 0.88321
-3.56 0.894227
-3.55 0.903549
-3.54 0.911146
-3.53 0.916992
-3.52 0.92107
-3.51 0.923365
-3.5 0.923872
-3.49 0.922589
-3.48 0.919522
-3.47 0.914683
-3.46 0.908089
-3.45 0.899763
-3.44 0.889735
-3.43 0.87804
-3.42 0.864717
-3.41 0.849814
-3.4 0.833382
-3.39 0.815476
-3.38 0.796158
-3.37 0.775493
-3.36 0.753552
-3.35 0.730408
-3.34 0.706139
-3.33 0.680826
-3.32 0.654553
-3.31 0.627407
-3.3 0.599478
-3.29 0.570858
-3.28 0.541639
-3.27 0.511917
-3.26 0.481787
-3.25 0.451345
-3.24 0.420689
-3.23 0.389914
-3.22 0.359117
-3.21 0.328393
-3.2 0.297837
-3.19 0.26754
-3.18 0.237595
-3.17 0.208088
-3.16 0.179107
-3.15 0.150735
-3.14 0.123052
-3.13 0.0961337
-3.12 0.070054
-3.11 0.0448817
-3.1 0.0206817
-3.09 -0.00248546
-3.08 -0.024564
-3.07 -0.0455029
-3.06 -0.0652559
-3.05 -0.0837819
-3.04 -0.101045
-3.03 -0.117015
-3.02 -0.131666
-3.01 -0.144978
-3 -0.156938
-2.99 -0.167535
-2.98 -0.176767
-2.97 -0.184636
-2.96 -0.191148
-2.95 -0.196316
-2.94 -0.200158
-2.93 -0.202696
-2.92 -0.203958
-2.91 -0.203975
-2.9 -0.202785
-2.89 -0.200428
-2.88 -0.19695
-2.87 -0.1924
-2.86 -0.186831
-2.85 -0.180298
-2.84 -0.17286
-2.83 -0.16458
-2.82 -0.155523
-2.81 -0.145754
-2.8 -0.135343
-2.79 -0.12436
-2.78 -0.112877
-2.77 -0.100965
-2.76 -0.0886997
-2.75 -0.076153
-2.74 -0.063399
-2.73 -0.050511
-2.72 -0.0375615
-2.71 -0.0246224
-2.7 -0.0117641
-2.69 0.000944454
-2.68 0.0134361
-2.67 0.0256458
-2.66 0.037511
-2.65 0.0489715
-2.64 0.0599702
-2.63 0.070453
-2.62 0.0803691
-2.61 0.0896713
-2.6 0.0983158
-2.59 0.106263
-2.58 0.113477
-2.57 0.119926
-2.56 0.125583
-2.55 0.130424
-2.54 0.134431
-2.53 0.137589
-2.52 0.139889
-2.51 0.141325
-2.5 0.141895
-2.49 0.141603
-2.48 0.140458
-2.47 0.13847
-2.46 0.135657
-2.45 0.132038
-2.44 0.127638
-2.43 0.122486
-2.42 0.116612
-2.41 0.110053
-2.4 0.102847
-2.39 0.095036
-2.38 0.086665
-2.37 0.0777815
-2.36 0.0684354
-2.35 0.058679
-2.34 0.0485666
-2.33 0.0381541
-2.32 0.027499
-2.31 0.0166598
-2.3 0.00569613
-2.29 -0.00533185
-2.28 -0.0163636
-2.27 -0.0273384
-2.26 -0.0381958
-2.25 -0.0488757
-2.24 -0.059319
-2.23 -0.0694672
-2.22 -0.0792632
-2.21 -0.0886516
-2.2 -0.0975785
-2.19 -0.105992
-2.18 -0.113842
-2.17 -0.121083
-2.16 -0.127668
-2.15 -0.133557
-2.14 -0.13871
-2.13 -0.143092
-2.12 -0.146671
-2.11 -0.149417
-2.1 -0.151306
-2.09 -0.152315
-2.08 -0.152427
-2.07 -0.151627
-2.06 -0.149906
-2.05 -0.147257
-2.04 -0.143677
-2.03 -0.139168
-2.02 -0.133736
-2.01 -0.127389
-2 -0.120142
-1.99 -0.11201
-1.98 -0.103014
-1.97 -0.0931788
-1.96 -0.0825319
-1.95 -0.0711043
-1.94 -0.0589303
-1.93 -0.0460471
-1.92 -0.0324952
-1.91 -0.0183175
-1.9 -0.00355946
-1.89 0.0117309
-1.88 0.0275034
-1.87 0.0437061
-1.86 0.0602852
-1.85 0.0771855
-1.84 0.0943503
-1.83 0.111722
-1.82 0.129242
-1.81 0.146852
-1.8 0.164492
-1.79 0.182103
-1.78 0.199626
-1.77 0.217001
-1.76 0.234171
-1.75 0.251077
-1.74 0.267664
-1.73 0.283876
-1.72 0.299661
-1.71 0.314965
-1.7 0.329739
-1.69 0.343935
-1.68 0.357507
-1.67 0.370412
-1.66 0.382609
-1.65 0.394061
-1.64 0.404732
-1.63 0.414589
-1.62 0.423605
-1.61 0.431752
-1.6 0.439009
-1.59 0.445355
-1.58 0.450775
-1.57 0.455256
-1.56 0.458789
-1.55 0.461368
-1.54 0.462991
-1.53 0.463658
-1.52 0.463374
-1.51 0.462146
-1.5 0.459987
-1.49 0.456909
-1.48 0.45293
-1.47 0.44807
-1.46 0.442353
-1.45 0.435803
-1.44 0.428451
-1.43 0.420327
-1.42 0.411464
-1.41 0.401898
-1.4 0.391667
-1.39 0.38081
-1.38 0.36937
-1.37 0.357388
-1.36 0.34491
-1.35 0.33198
-1.34 0.318644
-1.33 0.304951
-1.32 0.290948
-1.31 0.276683
-1.3 0.262205
-1.29 0.247561
-1.28 0.232801
-1.27 0.217972
-1.26 0.203122
-1.25 0.188297
-1.24 0.173543
-1.23 0.158905
-1.22 0.144427
-1.21 0.130151
-1.2 0.116118
-1.19 0.102366
-1.18 0.0889334
-1.17 0.0758555
-1.16 0.0631656
-1.15 0.0508954
-1.14 0.0390739
-1.13 0.0277282
-1.12 0.0168829
-1.11 0.00656032
-1.1 -0.00321977
-1.09 -0.01244
-1.08 -0.0210855
-1.07 -0.029144
-1.06 -0.0366056
-1.05 -0.043463
-1.04 -0.0497114
-1.03 -0.0553486
-1.02 -0.0603746
-1.01 -0.064792
-1 -0.0686056
-0.99 -0.0718225
-0.98 -0.0744522
-0.97 -0.076506
-0.96 -0.0779974
-0.95 -0.078942
-0.94 -0.0793571
-0.93 -0.0792616
-0.92 -0.0786762
-0.91 -0.0776231
-0.9 -0.0761259
-0.89 -0.0742094
-0.88 -0.0718995
-0.87 -0.0692231
-0.86 -0.0662081
-0.85 -0.062883
-0.84 -0.0592769
-0.83 -0.0554194
-0.82 -0.0513404
-0.81 -0.0470699
-0.8 -0.0426381
-0.79 -0.0380751
-0.78 -0.0334107
-0.77 -0.0286743
-0.76 -0.0238952
-0.75 -0.0191016
-0.74 -0.0143214
-0.73 -0.00958161
-0.72 -0.00490828
-0.71 -0.000326499
-0.7 0.00413975
-0.69 0.00846765
-0.68 0.0126356
-0.67 0.0166235
-0.66 0.0204124
-0.65 0.0239849
-0.64 0.0273251
-0.63 0.0304188
-0.62 0.033253
-0.61 0.0358168
-0.6 0.0381004
-0.59 0.0400962
-0.58 0.0417976
-0.57 0.0432003
-0.56 0.0443012
-0.55 0.0450989
-0.54 0.0455937
-0.53 0.0457875
-0.52 0.0456834
-0.51 0.0452864
-0.5 0.0446028
-0.49 0.04364
-0.48 0.0424073
-0.47 0.0409147
-0.46 0.0391736
-0.45 0.0371968
-0.44 0.0349977
-0.43 0.0325909
-0.42 0.0299919
-0.41 0.027217
-0.4 0.024283
-0.39 0.0212075
-0.38 0.0180088
-0.37 0.0147053
-0.36 0.0113159
-0.35 0.00785993
-0.34 0.00435657
-0.33 0.000825291
-0.32 -0.00271452
-0.31 -0.00624355
-0.3 -0.0097427
-0.29 -0.0131931
-0.28 -0.0165763
-0.27 -0.0198743
-0.26 -0.0230694
-0.25 -0.0261448
-0.24 -0.029084
-0.23 -0.0318715
-0.22 -0.0344925
-0.21 -0.0369329
-0.2 -0.0391796
-0.19 -0.0412204
-0.18 -0.0430442
-0.17 -0.0446406
-0.16 -0.0460006
-0.15 -0.0471159
-0.14 -0.0479797
-0.13 -0.048586
-0.12 -0.0489301
-0.11 -0.0490082
-0.1 -0.048818
-0.09 -0.048358
-0.08 -0.047628
-0.07 -0.0466289
-0.06 -0.0453626
-0.05 -0.0438322
-0.04 -0.0420418
-0.03 -0.0399965
-0.02 -0.0377026
-0.01 -0.0351669
0 -0.0323977
0.01 -0.0294037
0.02 -0.0261947
0.03 -0.0227812
0.04 -0.0191744
0.05 -0.0153863
0.06 -0.0114293
0.07 -0.00731669
0.08 -0.003062
0.09 0.00132068
0.1 0.00581687
0.11 0.0104118
0.12 0.0150903
0.13 0.0198372
0.14 0.024637
0.15 0.0294741
0.16 0.0343331
0.17 0.0391985
0.18 0.0440547
0.19 0.0488865
0.2 0.0536788
0.21 0.0584169
0.22 0.063086
0.23 0.0676722
0.24 0.0721616
0.25 0.0765409
0.26 0.0807973
0.27 0.0849185
0.28 0.0888928
0.29 0.092709
0.3 0.0963566
0.31 0.0998259
0.32 0.103108
0.33 0.106194
0.34 0.109076
0.35 0.111748
0.36 0.114203
0.37 0.116435
0.38 0.118442
0.39 0.120217
0.4 0.121759
0.41 0.123065
0.42 0.124133
0.43 0.124963
0.44 0.125555
0.45 0.12591
0.46 0.126029
0.47 0.125914
0.48 0.125568
0.49 0.124996
0.5 0.124201
0.51 0.123188
0.52 0.121962
0.53 0.12053
0.54 0.118899
0.55 0.117074
0.56 0.115065
0.57 0.112879
0.58 0.110524
0.59 0.10801
0.6 0.105344
0.61 0.102538
0.62 0.0996007
0.63 0.0965416
0.64 0.0933713
0.65 0.0900998
0.66 0.0867378
0.67 0.0832957
0.68 0.0797839
0.69 0.0762131
0.7 0.0725937
0.71 0.0689363
0.72 0.0652512
0.73 0.0615486
0.74 0.0578387
0.75 0.0541313
0.76 0.0504362
0.77 0.0467629
0.78 0.0431205
0.79 0.039518
0.8 0.0359639
0.81 0.0324666
0.82 0.0290341
0.83 0.0256737
0.84 0.0223928
0.85 0.0191981
0.86 0.0160959
0.87 0.0130923
0.88 0.0101926
0.89 0.00740206
0.9 0.00472514
0.91 0.00216604
0.92 -0.000271546
0.93 -0.00258439
0.94 -0.00476974
0.95 -0.00682527
0.96 -0.00874915
0.97 -0.01054
0.98 -0.0121969
0.99 -0.0137192
1 -0.0151071
1.01 -0.0163608
1.02 -0.0174812
1.03 -0.0184694
1.04 -0.019327
1.05 -0.0200561
1.06 -0.0206589
1.07 -0.0211382
1.08 -0.021497
1.09 -0.0217386
1.1 -0.0218668
1.11 -0.0218854
1.12 -0.0217988
1.13 -0.0216112
1.14 -0.0213275
1.15 -0.0209526
1.16 -0.0204915
1.17 -0.0199495
1.18 -0.019332
1.19 -0.0186445
1.2 -0.0178927
1.21 -0.0170823
1.22 -0.0162191
1.23 -0.015309
1.24 -0.0143577
1.25 -0.0133712
1.26 -0.0123554
1.27 -0.0113159
1.28 -0.0102587
1.29 -0.00918928
1.3 -0.00811337
1.31 -0.0070364
1.32 -0.00596373
1.33 -0.00490057
1.34 -0.00385197
1.35 -0.0028228
1.36 -0.00181776
1.37 -0.000841312
1.38 0.000102274
1.39 0.00100897
1.4 0.00187497
1.41 0.00269675
1.42 0.00347101
1.43 0.00419476
1.44 0.00486524
1.45 0.00548002
1.46 0.00603693
1.47 0.0065341
1.48 0.00696997
1.49 0.00734325
1.5 0.00765297
1.51 0.00789849
1.52 0.00807941
1.53 0.00819568
1.54 0.00824754
1.55 0.00823549
1.56 0.00816037
1.57 0.00802325
1.58 0.00782553
1.59 0.00756883
1.6 0.00725507
1.61 0.0068864
1.62 0.00646522
1.63 0.00599415
1.64 0.00547603
1.65 0.00491393
1.66 0.00431108
1.67 0.0036709
1.68 0.00299699
1.69 0.00229307
1.7 0.00156301
1.71 0.000810788
1.72 4.04972e-05
1.73 -0.0007437
1.74 -0.00153757
1.75 -0.00233684
1.76 -0.00313719
1.77 -0.0039343
1.78 -0.00472386
1.79 -0.00550157
1.8 -0.00626317
1.81 -0.00700448
1.82 -0.00772136
1.83 -0.00840981
1.84 -0.00906589
1.85 -0.00968582
1.86 -0.0102659
1.87 -0.0108028
1.88 -0.011293
1.89 -0.0117335
1.9 -0.0121213
1.91 -0.0124538
1.92 -0.0127283
1.93 -0.0129427
1.94 -0.0130949
1.95 -0.0131832
1.96 -0.0132061
1.97 -0.0131623
1.98 -0.0130509
1.99 -0.0128712
2 -0.0126228
2.01 -0.0123056
2.02 -0.0119198
2.03 -0.0114659
2.04 -0.0109446
2.05 -0.0103569
2.06 -0.00970427
2.07 -0.00898819
2.08 -0.00821057
2.09 -0.00737353
2.1 -0.00647949
2.11 -0.00553108
2.12 -0.00453117
2.13 -0.00348289
2.14 -0.00238955
2.15 -0.00125469
2.16 -8.20067e-05
2.17 0.0011246
2.18 0.00236107
2.19 0.00362323
2.2 0.00490675
2.21 0.00620721
2.22 0.00752008
2.23 0.00884077
2.24 0.0101646
2.25 0.011487
2.26 0.0128031
2.27 0.0141084
2.28 0.015398
2.29 0.0166675
2.3 0.0179121
2.31 0.0191274
2.32 0.020309
2.33 0.0214526
2.34 0.0225541
2.35 0.0236094
2.36 0.0246147
2.37 0.0255663
2.38 0.0264608
2.39 0.0272949
2.4 0.0280656
2.41 0.0287701
2.42 0.0294058
2.43 0.0299705
2.44 0.0304621
2.45 0.0308789
2.46 0.0312195
2.47 0.0314826
2.48 0.0316675
2.49 0.0317734
2.5 0.0318002
2.51 0.0317479
2.52 0.0316167
2.53 0.0314074
2.54 0.0311207
2.55 0.030758
2.56 0.0303207
2.57 0.0298106
2.58 0.0292297
2.59 0.0285804
2.6 0.0278651
2.61 0.0270868
2.62 0.0262483
2.63 0.0253529
2.64 0.0244042
2.65 0.0234056
2.66 0.0223611
2.67 0.0212745
2.68 0.02015
2.69 0.0189917
2.7 0.0178039
2.71 0.0165911
2.72 0.0153577
2.73 0.0141081
2.74 0.012847
2.75 0.0115789
2.76 0.0103082
2.77 0.0090395
2.78 0.00777718
2.79 0.00652563
2.8 0.00528914
2.81 0.00407187
2.82 0.00287789
2.83 0.00171112
2.84 0.000575325
2.85 -0.0005259
2.86 -0.00158914
2.87 -0.00261118
2.88 -0.003589
2.89 -0.00451982
2.9 -0.00540108
2.91 -0.00623046
2.92 -0.00700588
2.93 -0.00772554
2.94 -0.00838786
2.95 -0.00899157
2.96 -0.00953563
2.97 -0.0100193
2.98 -0.0104421
2.99 -0.0108038
3 -0.0111044
3.01 -0.0113443
3.02 -0.0115241
3.03 -0.0116447
3.04 -0.011707
3.05 -0.0117124
3.06 -0.0116626
3.07 -0.0115592
3.08 -0.0114044
3.09 -0.0112003
3.1 -0.0109492
3.11 -0.0106539
3.12 -0.010317
3.13 -0.00994135
3.14 -0.00953005
3.15 -0.00908622
3.16 -0.00861309
3.17 -0.00811398
3.18 -0.00759228
3.19 -0.00705144
3.2 -0.00649492
3.21 -0.00592623
3.22 -0.00534886
3.23 -0.00476627
3.24 -0.00418193
3.25 -0.00359921
3.26 -0.00302146
3.27 -0.0024519
3.28 -0.00189371
3.29 -0.00134991
3.3 -0.000823433
3.31 -0.000317047
3.32 0.000166613
3.33 0.000625076
3.34 0.00105604
3.35 0.0014574
3.36 0.00182721
3.37 0.00216374
3.38 0.00246546
3.39 0.00273106
3.4 0.00295942
3.41 0.00314965
3.42 0.00330108
3.43 0.00341325
3.44 0.00348593
3.45 0.0035191
3.46 0.00351295
3.47 0.00346791
3.48 0.0033846
3.49 0.00326382
3.5 0.00310661
3.51 0.00291417
3.52 0.00268789
3.53 0.00242934
3.54 0.00214023
3.55 0.00182245
3.56 0.001478
3.57 0.00110904
3.58 0.000717823
3.59 0.000306713
3.6 -0.000121836
3.61 -0.000565292
3.62 -0.00102106
3.63 -0.00148651
3.64 -0.00195896
3.65 -0.00243571
3.66 -0.00291407
3.67 -0.00339135
3.68 -0.00386487
3.69 -0.00433202
3.7 -0.0047902
3.71 -0.0052369
3.72 -0.00566968
3.73 -0.00608618
3.74 -0.00648416
3.75 -0.00686147
3.76 -0.00721608
3.77 -0.00754612
3.78 -0.00784983
3.79 -0.0081256
3.8 -0.008372
3.81 -0.00858772
3.82 -0.00877167
3.83 -0.00892287
3.84 -0.00904058
3.85 -0.00912418
3.86 -0.00917326
3.87 -0.00918759
3.88 -0.00916712
3.89 -0.00911197
3.9 -0.00902243
3.91 -0.008899
3.92 -0.0087423
3.93 -0.00855315
3.94 -0.00833253
3.95 -0.00808155
3.96 -0.0078015
3.97 -0.00749378
3.98 -0.00715993
3.99 -0.00680162
4 -0.00642061
4.01 -0.0060188
4.02 -0.00559815
4.03 -0.0051607
4.04 -0.00470858
4.05 -0.00424395
4.06 -0.00376905
4.07 -0.00328612
4.08 -0.00279745
4.09 -0.00230532
4.1 -0.00181202
4.11 -0.00131982
4.12 -0.000830958
4.13 -0.000347658
4.14 0.000127923
4.15 0.000593679
4.16 0.00104758
4.17 0.00148766
4.18 0.00191205
4.19 0.00231899
4.2 0.00270681
4.21 0.00307394
4.22 0.00341897
4.23 0.00374056
4.24 0.00403756
4.25 0.00430891
4.26 0.00455372
4.27 0.00477122
4.28 0.0049608
4.29 0.00512199
4.3 0.00525447
4.31 0.00535808
4.32 0.00543279
4.33 0.00547871
4.34 0.00549612
4.35 0.00548542
4.36 0.00544714
4.37 0.00538197
4.38 0.00529069
4.39 0.00517423
4.4 0.00503362
4.41 0.00487
4.42 0.00468461
4.43 0.00447879
4.44 0.00425394
4.45 0.00401157
4.46 0.00375323
4.47 0.00348053
4.48 0.00319513
4.49 0.00289873
4.5 0.00259306
4.51 0.00227986
4.52 0.00196089
4.53 0.00163789
4.54 0.0013126
4.55 0.000986751
4.56 0.00066202
4.57 0.000340062
4.58 2.24791e-05
4.59 -0.00028918
4.6 -0.000593432
4.61 -0.000888864
4.62 -0.00117414
4.63 -0.00144801
4.64 -0.00170931
4.65 -0.00195698
4.66 -0.00219006
4.67 -0.00240767
4.68 -0.00260908
4.69 -0.00279363
4.7 -0.00296079
4.71 -0.00311016
4.72 -0.00324143
4.73 -0.00335441
4.74 -0.00344904
4.75 -0.00352535
4.76 -0.0035835
4.77 -0.00362376
4.78 -0.00364648
4.79 -0.00365215
4.8 -0.00364132
4.81 -0.00361468
4.82 -0.00357295
4.83 -0.00351699
4.84 -0.0034477
4.85 -0.00336605
4.86 -0.0032731
4.87 -0.00316993
4.88 -0.00305771
4.89 -0.00293761
4.9 -0.00281086
4.91 -0.00267871
4.92 -0.00254242
4.93 -0.00240326
4.94 -0.0022625
4.95 -0.00212143
4.96 -0.00198128
4.97 -0.00184329
4.98 -0.00170867
4.99 -0.00157857
5 -0.00145412
