0.024 -14.9059 -14.9072
0.032 -14.9063 -14.9076
0.04 -14.9068 -14.9081
0.048 -14.9072 -14.9086
0.056 -14.9077 -14.909
0.064 -14.9081 -14.9095
0.072 -14.9086 -14.91
0.08 -14.909 -14.9105
0.088 -14.9095 -14.9109
0.096 -14.9099 -14.9114
0.104 -14.9104 -14.9119
0.112 -14.9108 -14.9123
0.12 -14.9113 -14.9128
0.128 -14.9117 -14.9133
0.136 -14.9121 -14.9137
0.144 -14.9126 -14.9142
0.152 -14.913 -14.9147
0.16 -14.9135 -14.9151
0.168 -14.9139 -14.9156
0.176 -14.9144 -14.916
0.184 -14.9148 -14.9165
0.192 -14.9153 -14.917
0.2 -14.9157 -14.9174
0.208 -14.9161 -14.9179
0.216 -14.9166 -14.9183
0.224 -14.917 -14.9188
0.232 -14.9175 -14.9193
0.24 -14.9179 -14.9197
0.248 -14.9183 -14.9202
0.256 -14.9188 -14.9206
0.264 -14.9192 -14.9211
0.272 -14.9196 -14.9215
0.28 -14.9201 -14.922
0.288 -14.9205 -14.9224
0.296 -14.9209 -14.9229
0.304 -14.9214 -14.9233
0.312 -14.9218 -14.9238
0.32 -14.9222 -14.9242
0.328 -14.9226 -14.9247
0.336 -14.9231 -14.9251
0.344 -14.9235 -14.9256
0.352 -14.9239 -14.926
0.36 -14.9243 -14.9265
0.368 -14.9248 -14.9269
0.376 -14.9252 -14.9273
0.384 -14.9256 -14.9278
0.392 -14.926 -14.9282
0.4 -14.9264 -14.9286
0.408 -14.9268 -14.9291
0.416 -14.9272 -14.9295
0.424 -14.9277 -14.9299
0.432 -14.9281 -14.9304
0.44 -14.9285 -14.9308
0.448 -14.9289 -14.9312
0.456 -14.9293 -14.9316
0.464 -14.9297 -14.9321
0.472 -14.9301 -14.9325
0.48 -14.9305 -14.9329
0.488 -14.9309 -14.9333
0.496 -14.9313 -14.9337
0.504 -14.9317 -14.9341
0.512 -14.9321 -14.9345
0.52 -14.9325 -14.935
0.528 -14.9329 -14.9354
0.536 -14.9332 -14.9358
0.544 -14.9336 -14.9362
0.552 -14.934 -14.9366
0.56 -14.9344 -14.937
0.568 -14.9348 -14.9374
0.576 -14.9352 -14.9378
0.584 -14.9355 -14.9382
0.592 -14.9359 -14.9385
0.6 -14.9363 -14.9389
0.608 -14.9366 -14.9393
0.616 -14.937 -14.9397
0.624 -14.9374 -14.9401
0.632 -14.9377 -14.9405
0.64 -14.9381 -14.9408
0.648 -14.9385 -14.9412
0.656 -14.9388 -14.9416
0.664 -14.9392 -14.942
0.672 -14.9395 -14.9423
0.68 -14.9399 -14.9427
0.688 -14.9402 -14.9431
0.696 -14.9406 -14.9434
0.704 -14.9409 -14.9438
0.712 -14.9413 -14.9441
0.72 -14.9416 -14.9445
0.728 -14.9419 -14.9449
0.736 -14.9423 -14.9452
0.744 -14.9426 -14.9456
0.752 -14.9429 -14.9459
0.76 -14.9433 -14.9462
0.768 -14.9436 -14.9466
0.776 -14.9439 -14.9469
0.784 -14.9442 -14.9473
0.792 -14.9445 -14.9476
0.8 -14.9449 -14.9479
0.808 -14.9452 -14.9482
0.816 -14.9455 -14.9486
0.824 -14.9458 -14.9489
0.832 -14.9461 -14.9492
0.84 -14.9464 -14.9495
0.848 -14.9467 -14.9498
0.856 -14.947 -14.9501
0.864 -14.9473 -14.9504
0.872 -14.9476 -14.9507
0.88 -14.9479 -14.9511
0.888 -14.9481 -14.9513
0.896 -14.9484 -14.9516
0.904 -14.9487 -14.9519
0.912 -14.949 -14.9522
0.92 -14.9493 -14.9525
0.928 -14.9495 -14.9528
0.936 -14.9498 -14.9531
0.944 -14.9501 -14.9534
0.952 -14.9503 -14.9536
0.96 -14.9506 -14.9539
0.968 -14.9508 -14.9542
0.976 -14.9511 -14.9544
0.984 -14.9513 -14.9547
0.992 -14.9516 -14.955
1 -14.9518 -14.9552
1.008 -14.9521 -14.9555
1.016 -14.9523 -14.9557
1.024 -14.9526 -14.956
1.032 -14.9528 -14.9562
1.04 -14.953 -14.9564
1.048 -14.9532 -14.9567
1.056 -14.9535 -14.9569
1.064 -14.9537 -14.9571
1.072 -14.9539 -14.9574
1.08 -14.9541 -14.9576
1.088 -14.9543 -14.9578
1.096 -14.9545 -14.958
1.104 -14.9547 -14.9582
1.112 -14.9549 -14.9584
1.12 -14.9551 -14.9587
1.128 -14.9553 -14.9589
1.136 -14.9555 -14.9591
1.144 -14.9557 -14.9593
1.152 -14.9559 -14.9594
1.16 -14.9561 -14.9596
1.168 -14.9562 -14.9598
1.176 -14.9564 -14.96
1.184 -14.9566 -14.9602
1.192 -14.9568 -14.9604
1.2 -14.9569 -14.9605
1.208 -14.9571 -14.9607
1.216 -14.9572 -14.9609
1.224 -14.9574 -14.961
1.232 -14.9575 -14.9612
1.24 -14.9577 -14.9613
1.248 -14.9578 -14.9615
1.256 -14.958 -14.9616
1.264 -14.9581 -14.9618
1.272 -14.9582 -14.9619
1.28 -14.9584 -14.9621
1.288 -14.9585 -14.9622
1.296 -14.9586 -14.9623
1.304 -14.9587 -14.9624
1.312 -14.9589 -14.9626
1.32 -14.959 -14.9627
1.328 -14.9591 -14.9628
1.336 -14.9592 -14.9629
1.344 -14.9593 -14.963
1.352 -14.9594 -14.9631
1.36 -14.9595 -14.9632
1.368 -14.9596 -14.9633
1.376 -14.9597 -14.9634
1.384 -14.9597 -14.9635
1.392 -14.9598 -14.9636
1.4 -14.9599 -14.9637
1.408 -14.96 -14.9637
1.416 -14.96 -14.9638
1.424 -14.9601 -14.9639
1.432 -14.9602 -14.964
1.44 -14.9602 -14.964
1.448 -14.9603 -14.9641
1.456 -14.9603 -14.9641
1.464 -14.9604 -14.9642
1.472 -14.9604 -14.9642
1.48 -14.9605 -14.9643
1.488 -14.9605 -14.9643
1.496 -14.9605 -14.9644
1.504 -14.9606 -14.9644
1.512 -14.9606 -14.9644
1.52 -14.9606 -14.9644
1.528 -14.9606 -14.9645
1.536 -14.9607 -14.9645
1.544 -14.9607 -14.9645
1.552 -14.9607 -14.9645
1.56 -14.9607 -14.9645
1.568 -14.9607 -14.9645
1.576 -14.9607 -14.9645
1.584 -14.9607 -14.9645
1.592 -14.9607 -14.9645
1.6 -14.9607 -14.9645
1.608 -14.9606 -14.9645
1.616 -14.9606 -14.9645
1.624 -14.9606 -14.9644
1.632 -14.9606 -14.9644
1.64 -14.9605 -14.9644
1.648 -14.9605 -14.9643
1.656 -14.9605 -14.9643
1.664 -14.9604 -14.9643
1.672 -14.9604 -14.9642
1.68 -14.9603 -14.9642
1.688 -14.9603 -14.9641
1.696 -14.9602 -14.9641
1.704 -14.9602 -14.964
1.712 -14.9601 -14.9639
1.72 -14.96 -14.9639
1.728 -14.96 -14.9638
1.736 -14.9599 -14.9637
1.744 -14.9598 -14.9636
1.752 -14.9597 -14.9635
1.76 -14.9597 -14.9635
1.768 -14.9596 -14.9634
1.776 -14.9595 -14.9633
1.784 -14.9594 -14.9632
1.792 -14.9593 -14.9631
1.8 -14.9592 -14.963
1.808 -14.9591 -14.9629
1.816 -14.959 -14.9627
1.824 -14.9589 -14.9626
1.832 -14.9587 -14.9625
1.84 -14.9586 -14.9624
1.848 -14.9585 -14.9623
1.856 -14.9584 -14.9621
1.864 -14.9582 -14.962
1.872 -14.9581 -14.9619
1.88 -14.958 -14.9617
1.888 -14.9578 -14.9616
1.896 -14.9577 -14.9614
1.904 -14.9575 -14.9613
1.912 -14.9574 -14.9611
1.92 -14.9572 -14.961
1.928 -14.9571 -14.9608
1.936 -14.9569 -14.9606
1.944 -14.9568 -14.9605
1.952 -14.9566 -14.9603
1.96 -14.9564 -14.9601
1.968 -14.9562 -14.9599
1.976 -14.9561 -14.9597
1.984 -14.9559 -14.9595
1.992 -14.9557 -14.9594
2 -14.9555 -14.9592
2.008 -14.9553 -14.959
2.016 -14.9551 -14.9588
2.024 -14.9549 -14.9586
2.032 -14.9547 -14.9584
2.04 -14.9545 -14.9581
2.048 -14.9543 -14.9579
2.056 -14.9541 -14.9577
2.064 -14.9539 -14.9575
2.072 -14.9537 -14.9573
2.08 -14.9535 -14.957
2.088 -14.9532 -14.9568
2.096 -14.953 -14.9566
2.104 -14.9528 -14.9563
2.112 -14.9526 -14.9561
2.12 -14.9523 -14.9558
2.128 -14.9521 -14.9556
2.136 -14.9518 -14.9553
2.144 -14.9516 -14.9551
2.152 -14.9514 -14.9548
2.16 -14.9511 -14.9546
2.168 -14.9508 -14.9543
2.176 -14.9506 -14.954
2.184 -14.9503 -14.9538
2.192 -14.9501 -14.9535
2.2 -14.9498 -14.9532
2.208 -14.9495 -14.9529
2.216 -14.9493 -14.9527
2.224 -14.949 -14.9524
2.232 -14.9487 -14.9521
2.24 -14.9484 -14.9518
2.248 -14.9482 -14.9515
2.256 -14.9479 -14.9512
2.264 -14.9476 -14.9509
2.272 -14.9473 -14.9506
2.28 -14.947 -14.9503
2.288 -14.9467 -14.95
2.296 -14.9464 -14.9497
2.304 -14.9461 -14.9494
2.312 -14.9458 -14.9491
2.32 -14.9455 -14.9487
2.328 -14.9452 -14.9484
2.336 -14.9449 -14.9481
2.344 -14.9446 -14.9478
2.352 -14.9442 -14.9474
2.36 -14.9439 -14.9471
2.368 -14.9436 -14.9468
2.376 -14.9433 -14.9464
2.384 -14.9429 -14.9461
2.392 -14.9426 -14.9457
2.4 -14.9423 -14.9454
2.408 -14.942 -14.945
2.416 -14.9416 -14.9447
2.424 -14.9413 -14.9443
2.432 -14.9409 -14.944
2.44 -14.9406 -14.9436
2.448 -14.9402 -14.9433
2.456 -14.9399 -14.9429
2.464 -14.9395 -14.9425
2.472 -14.9392 -14.9422
2.48 -14.9388 -14.9418
2.488 -14.9385 -14.9414
2.496 -14.9381 -14.941
2.504 -14.9378 -14.9407
2.512 -14.9374 -14.9403
2.52 -14.937 -14.9399
2.528 -14.9367 -14.9395
2.536 -14.9363 -14.9391
2.544 -14.9359 -14.9388
2.552 -14.9355 -14.9384
2.56 -14.9352 -14.938
2.568 -14.9348 -14.9376
2.576 -14.9344 -14.9372
2.584 -14.934 -14.9368
2.592 -14.9336 -14.9364
2.6 -14.9333 -14.936
2.608 -14.9329 -14.9356
2.616 -14.9325 -14.9352
2.624 -14.9321 -14.9348
2.632 -14.9317 -14.9344
2.64 -14.9313 -14.9339
2.648 -14.9309 -14.9335
2.656 -14.9305 -14.9331
2.664 -14.9301 -14.9327
2.672 -14.9297 -14.9323
2.68 -14.9293 -14.9319
2.688 -14.9289 -14.9314
2.696 -14.9285 -14.931
2.704 -14.9281 -14.9306
2.712 -14.9277 -14.9302
2.72 -14.9273 -14.9297
2.728 -14.9269 -14.9293
2.736 -14.9264 -14.9289
2.744 -14.926 -14.9284
2.752 -14.9256 -14.928
2.76 -14.9252 -14.9276
2.768 -14.9248 -14.9271
2.776 -14.9243 -14.9267
2.784 -14.9239 -14.9262
2.792 -14.9235 -14.9258
2.8 -14.9231 -14.9254
2.808 -14.9227 -14.9249
2.816 -14.9222 -14.9245
2.824 -14.9218 -14.924
2.832 -14.9214 -14.9236
2.84 -14.9209 -14.9231
2.848 -14.9205 -14.9227
2.856 -14.9201 -14.9222
2.864 -14.9196 -14.9218
2.872 -14.9192 -14.9213
2.88 -14.9188 -14.9209
2.888 -14.9183 -14.9204
2.896 -14.9179 -14.92
2.904 -14.9175 -14.9195
2.912 -14.917 -14.9191
2.92 -14.9166 -14.9186
2.928 -14.9161 -14.9181
2.936 -14.9157 -14.9177
2.944 -14.9153 -14.9172
2.952 -14.9148 -14.9168
2.96 -14.9144 -14.9163
2.968 -14.9139 -14.9158
2.976 -14.9135 -14.9154
2.984 -14.9131 -14.9149
2.992 -14.9126 -14.9144
3 -14.9122 -14.914
3.008 -14.9117 -14.9135
3.016 -14.9113 -14.913
3.024 -14.9108 -14.9126
3.032 -14.9104 -14.9121
3.04 -14.9099 -14.9116
3.048 -14.9095 -14.9112
3.056 -14.909 -14.9107
3.064 -14.9086 -14.9102
3.072 -14.9081 -14.9098
3.08 -14.9077 -14.9093
3.088 -14.9072 -14.9088
3.096 -14.9068 -14.9084
3.104 -14.9063 -14.9079
3.112 -14.9059 -14.9074
3.12 -14.9054 -14.907
3.128 -14.905 -14.9065
3.136 -14.9045 -14.906
3.144 -14.9041 -14.9055
3.152 -14.9036 -14.9051
3.16 -14.9032 -14.9046
3.168 -14.9027 -14.9041
3.176 -14.9023 -14.9037
3.184 -14.9018 -14.9032
3.192 -14.9014 -14.9027
3.2 -14.9009 -14.9023
3.208 -14.9005 -14.9018
3.216 -14.9 -14.9013
3.224 -14.8996 -14.9009
3.232 -14.8991 -14.9004
3.24 -14.8987 -14.8999
3.248 -14.8982 -14.8994
3.256 -14.8978 -14.899
3.264 -14.8974 -14.8985
3.272 -14.8969 -14.8981
3.28 -14.8965 -14.8976
3.288 -14.896 -14.8971
3.296 -14.8956 -14.8967
3.304 -14.8951 -14.8962
3.312 -14.8947 -14.8957
3.32 -14.8942 -14.8953
3.328 -14.8938 -14.8948
3.336 -14.8934 -14.8943
3.344 -14.8929 -14.8939
3.352 -14.8925 -14.8934
3.36 -14.892 -14.893
3.368 -14.8916 -14.8925
3.376 -14.8912 -14.8921
3.384 -14.8907 -14.8916
3.392 -14.8903 -14.8911
3.4 -14.8899 -14.8907
3.408 -14.8894 -14.8902
3.416 -14.889 -14.8898
3.424 -14.8886 -14.8893
3.432 -14.8881 -14.8889
3.44 -14.8877 -14.8884
3.448 -14.8873 -14.888
3.456 -14.8868 -14.8875
3.464 -14.8864 -14.8871
3.472 -14.886 -14.8866
3.48 -14.8856 -14.8862
3.488 -14.8851 -14.8858
3.496 -14.8847 -14.8853
3.504 -14.8843 -14.8849
3.512 -14.8839 -14.8844
3.52 -14.8835 -14.884
3.528 -14.883 -14.8836
3.536 -14.8826 -14.8831
3.544 -14.8822 -14.8827
3.552 -14.8818 -14.8823
3.56 -14.8814 -14.8818
3.568 -14.881 -14.8814
3.576 -14.8806 -14.881
3.584 -14.8802 -14.8806
3.592 -14.8798 -14.8801
3.6 -14.8794 -14.8797
3.608 -14.879 -14.8793
3.616 -14.8786 -14.8789
3.624 -14.8782 -14.8785
3.632 -14.8778 -14.8781
3.64 -14.8774 -14.8776
3.648 -14.877 -14.8772
3.656 -14.8766 -14.8768
3.664 -14.8762 -14.8764
3.672 -14.8758 -14.876
3.68 -14.8754 -14.8756
3.688 -14.875 -14.8752
3.696 -14.8747 -14.8748
3.704 -14.8743 -14.8744
3.712 -14.8739 -14.874
3.72 -14.8735 -14.8736
3.728 -14.8731 -14.8732
3.736 -14.8728 -14.8728
3.744 -14.8724 -14.8724
3.752 -14.872 -14.8721
3.76 -14.8717 -14.8717
3.768 -14.8713 -14.8713
3.776 -14.8709 -14.8709
3.784 -14.8706 -14.8705
3.792 -14.8702 -14.8702
3.8 -14.8699 -14.8698
3.808 -14.8695 -14.8694
3.816 -14.8692 -14.8691
3.824 -14.8688 -14.8687
3.832 -14.8685 -14.8683
3.84 -14.8681 -14.868
3.848 -14.8678 -14.8676
3.856 -14.8674 -14.8673
3.864 -14.8671 -14.8669
3.872 -14.8668 -14.8666
3.88 -14.8664 -14.8662
3.888 -14.8661 -14.8659
3.896 -14.8658 -14.8655
3.904 -14.8655 -14.8652
3.912 -14.8651 -14.8648
3.92 -14.8648 -14.8645
3.928 -14.8645 -14.8642
3.936 -14.8642 -14.8638
3.944 -14.8639 -14.8635
3.952 -14.8636 -14.8632
3.96 -14.8632 -14.8629
3.968 -14.8629 -14.8626
3.976 -14.8626 -14.8622
3.984 -14.8623 -14.8619
3.992 -14.862 -14.8616
4 -14.8617 -14.8613
4.008 -14.8615 -14.861
4.016 -14.8612 -14.8607
4.024 -14.8609 -14.8604
4.032 -14.8606 -14.8601
4.04 -14.8603 -14.8598
4.048 -14.86 -14.8595
4.056 -14.8598 -14.8592
4.064 -14.8595 -14.8589
4.072 -14.8592 -14.8587
4.08 -14.859 -14.8584
4.088 -14.8587 -14.8581
4.096 -14.8584 -14.8578
4.104 -14.8582 -14.8576
4.112 -14.8579 -14.8573
4.12 -14.8577 -14.857
4.128 -14.8574 -14.8568
4.136 -14.8572 -14.8565
4.144 -14.8569 -14.8563
4.152 -14.8567 -14.856
4.16 -14.8565 -14.8558
4.168 -14.8562 -14.8555
4.176 -14.856 -14.8553
4.184 -14.8558 -14.8551
4.192 -14.8556 -14.8548
4.2 -14.8553 -14.8546
4.208 -14.8551 -14.8544
4.216 -14.8549 -14.8541
4.224 -14.8547 -14.8539
4.232 -14.8545 -14.8537
4.24 -14.8543 -14.8535
4.248 -14.8541 -14.8533
4.256 -14.8539 -14.8531
4.264 -14.8537 -14.8529
4.272 -14.8535 -14.8527
4.28 -14.8533 -14.8525
4.288 -14.8531 -14.8523
4.296 -14.8529 -14.8521
4.304 -14.8528 -14.8519
4.312 -14.8526 -14.8517
4.32 -14.8524 -14.8515
4.328 -14.8522 -14.8513
4.336 -14.8521 -14.8512
4.344 -14.8519 -14.851
4.352 -14.8518 -14.8508
4.36 -14.8516 -14.8507
4.368 -14.8514 -14.8505
4.376 -14.8513 -14.8504
4.384 -14.8512 -14.8502
4.392 -14.851 -14.8501
4.4 -14.8509 -14.8499
4.408 -14.8507 -14.8498
4.416 -14.8506 -14.8496
4.424 -14.8505 -14.8495
4.432 -14.8504 -14.8494
4.44 -14.8502 -14.8492
4.448 -14.8501 -14.8491
4.456 -14.85 -14.849
4.464 -14.8499 -14.8489
4.472 -14.8498 -14.8488
4.48 -14.8497 -14.8487
4.488 -14.8496 -14.8485
4.496 -14.8495 -14.8484
4.504 -14.8494 -14.8483
4.512 -14.8493 -14.8482
4.52 -14.8492 -14.8482
4.528 -14.8491 -14.8481
4.536 -14.849 -14.848
4.544 -14.849 -14.8479
4.552 -14.8489 -14.8478
4.56 -14.8488 -14.8478
4.568 -14.8488 -14.8477
4.576 -14.8487 -14.8476
4.584 -14.8486 -14.8476
4.592 -14.8486 -14.8475
4.6 -14.8485 -14.8475
4.608 -14.8485 -14.8474
4.616 -14.8484 -14.8474
4.624 -14.8484 -14.8473
4.632 -14.8484 -14.8473
4.64 -14.8483 -14.8472
4.648 -14.8483 -14.8472
4.656 -14.8483 -14.8472
4.664 -14.8483 -14.8472
4.672 -14.8482 -14.8471
4.68 -14.8482 -14.8471
4.688 -14.8482 -14.8471
4.696 -14.8482 -14.8471
4.704 -14.8482 -14.8471
4.712 -14.8482 -14.8471
4.72 -14.8482 -14.8471
4.728 -14.8482 -14.8471
4.736 -14.8482 -14.8471
4.744 -14.8482 -14.8471
4.752 -14.8483 -14.8471
4.76 -14.8483 -14.8472
4.768 -14.8483 -14.8472
4.776 -14.8483 -14.8472
4.784 -14.8484 -14.8472
4.792 -14.8484 -14.8473
4.8 -14.8484 -14.8473
4.808 -14.8485 -14.8474
4.816 -14.8485 -14.8474
4.824 -14.8486 -14.8475
4.832 -14.8486 -14.8475
4.84 -14.8487 -14.8476
4.848 -14.8487 -14.8476
4.856 -14.8488 -14.8477
4.864 -14.8489 -14.8478
4.872 -14.8489 -14.8478
4.88 -14.849 -14.8479
4.888 -14.8491 -14.848
4.896 -14.8492 -14.8481
4.904 -14.8493 -14.8482
4.912 -14.8493 -14.8483
4.92 -14.8494 -14.8484
4.928 -14.8495 -14.8485
4.936 -14.8496 -14.8486
4.944 -14.8497 -14.8487
4.952 -14.8498 -14.8488
4.96 -14.8499 -14.8489
4.968 -14.8501 -14.849
4.976 -14.8502 -14.8491
4.984 -14.8503 -14.8492
4.992 -14.8504 -14.8494
5 -14.8505 -14.8495
5.008 -14.8507 -14.8496
5.016 -14.8508 -14.8498
5.024 -14.8509 -14.8499
5.032 -14.8511 -14.8501
5.04 -14.8512 -14.8502
5.048 -14.8514 -14.8504
5.056 -14.8515 -14.8505
5.064 -14.8517 -14.8507
5.072 -14.8518 -14.8508
5.08 -14.852 -14.851
5.088 -14.8522 -14.8512
5.096 -14.8523 -14.8514
5.104 -14.8525 -14.8515
5.112 -14.8527 -14.8517
5.12 -14.8529 -14.8519
5.128 -14.853 -14.8521
5.136 -14.8532 -14.8523
5.144 -14.8534 -14.8525
5.152 -14.8536 -14.8527
5.16 -14.8538 -14.8529
5.168 -14.854 -14.8531
5.176 -14.8542 -14.8533
5.184 -14.8544 -14.8535
5.192 -14.8546 -14.8537
5.2 -14.8548 -14.8539
5.208 -14.855 -14.8542
5.216 -14.8552 -14.8544
5.224 -14.8555 -14.8546
5.232 -14.8557 -14.8548
5.24 -14.8559 -14.8551
5.248 -14.8561 -14.8553
5.256 -14.8564 -14.8555
5.264 -14.8566 -14.8558
5.272 -14.8568 -14.856
5.28 -14.8571 -14.8563
5.288 -14.8573 -14.8565
5.296 -14.8576 -14.8568
5.304 -14.8578 -14.8571
5.312 -14.8581 -14.8573
5.32 -14.8583 -14.8576
5.328 -14.8586 -14.8579
5.336 -14.8588 -14.8581
5.344 -14.8591 -14.8584
5.352 -14.8594 -14.8587
5.36 -14.8597 -14.859
5.368 -14.8599 -14.8593
5.376 -14.8602 -14.8595
5.384 -14.8605 -14.8598
5.392 -14.8608 -14.8601
5.4 -14.861 -14.8604
5.408 -14.8613 -14.8607
5.416 -14.8616 -14.861
5.424 -14.8619 -14.8613
5.432 -14.8622 -14.8616
5.44 -14.8625 -14.8619
5.448 -14.8628 -14.8623
5.456 -14.8631 -14.8626
5.464 -14.8634 -14.8629
5.472 -14.8637 -14.8632
5.48 -14.864 -14.8635
5.488 -14.8644 -14.8639
5.496 -14.8647 -14.8642
5.504 -14.865 -14.8645
5.512 -14.8653 -14.8649
5.52 -14.8656 -14.8652
5.528 -14.866 -14.8655
5.536 -14.8663 -14.8659
5.544 -14.8666 -14.8662
5.552 -14.867 -14.8666
5.56 -14.8673 -14.8669
5.568 -14.8676 -14.8673
5.576 -14.868 -14.8676
5.584 -14.8683 -14.868
5.592 -14.8687 -14.8684
5.6 -14.869 -14.8687
5.608 -14.8694 -14.8691
5.616 -14.8697 -14.8695
5.624 -14.8701 -14.8698
5.632 -14.8704 -14.8702
5.64 -14.8708 -14.8706
5.648 -14.8711 -14.8709
5.656 -14.8715 -14.8713
5.664 -14.8719 -14.8717
5.672 -14.8722 -14.8721
5.68 -14.8726 -14.8725
5.688 -14.873 -14.8729
5.696 -14.8734 -14.8732
5.704 -14.8737 -14.8736
5.712 -14.8741 -14.874
5.72 -14.8745 -14.8744
5.728 -14.8749 -14.8748
5.736 -14.8753 -14.8752
5.744 -14.8756 -14.8756
5.752 -14.876 -14.876
5.76 -14.8764 -14.8764
5.768 -14.8768 -14.8768
5.776 -14.8772 -14.8773
5.784 -14.8776 -14.8777
5.792 -14.878 -14.8781
5.8 -14.8784 -14.8785
5.808 -14.8788 -14.8789
5.816 -14.8792 -14.8793
5.824 -14.8796 -14.8797
5.832 -14.88 -14.8802
5.84 -14.8804 -14.8806
5.848 -14.8808 -14.881
5.856 -14.8812 -14.8814
5.864 -14.8816 -14.8819
5.872 -14.882 -14.8823
5.88 -14.8825 -14.8827
5.888 -14.8829 -14.8832
5.896 -14.8833 -14.8836
5.904 -14.8837 -14.884
5.912 -14.8841 -14.8845
5.92 -14.8845 -14.8849
5.928 -14.885 -14.8853
5.936 -14.8854 -14.8858
5.944 -14.8858 -14.8862
5.952 -14.8862 -14.8867
5.96 -14.8867 -14.8871
5.968 -14.8871 -14.8876
5.976 -14.8875 -14.888
5.984 -14.8879 -14.8885
5.992 -14.8884 -14.8889
6 -14.8888 -14.8894
6.008 -14.8892 -14.8898
6.016 -14.8897 -14.8903
6.024 -14.8901 -14.8907
6.032 -14.8905 -14.8912
6.04 -14.891 -14.8916
6.048 -14.8914 -14.8921
6.056 -14.8919 -14.8925
6.064 -14.8923 -14.893
6.072 -14.8927 -14.8935
6.08 -14.8932 -14.8939
6.088 -14.8936 -14.8944
6.096 -14.8941 -14.8948
6.104 -14.8945 -14.8953
6.112 -14.8949 -14.8958
6.12 -14.8954 -14.8962
6.128 -14.8958 -14.8967
6.136 -14.8963 -14.8972
6.144 -14.8967 -14.8976
6.152 -14.8972 -14.8981
6.16 -14.8976 -14.8985
6.168 -14.8981 -14.899
6.176 -14.8985 -14.8995
6.184 -14.8989 -14.8999
6.192 -14.8994 -14.9004
6.2 -14.8998 -14.9009
6.208 -14.9003 -14.9014
6.216 -14.9007 -14.9018
6.224 -14.9012 -14.9023
6.232 -14.9016 -14.9028
6.24 -14.9021 -14.9032
6.248 -14.9025 -14.9037
6.256 -14.903 -14.9042
6.264 -14.9034 -14.9046
6.272 -14.9039 -14.9051
6.28 -14.9043 -14.9056
6.288 -14.9048 -14.906
6.296 -14.9052 -14.9065
6.304 -14.9057 -14.907
6.312 -14.9061 -14.9075
6.32 -14.9066 -14.9079
6.328 -14.907 -14.9084
6.336 -14.9075 -14.9089
6.344 -14.9079 -14.9093
6.352 -14.9084 -14.9098
6.36 -14.9088 -14.9103
6.368 -14.9093 -14.9107
6.376 -14.9097 -14.9112
6.384 -14.9102 -14.9117
6.392 -14.9106 -14.9121
6.4 -14.9111 -14.9126
6.408 -14.9115 -14.9131
6.416 -14.912 -14.9135
6.424 -14.9124 -14.914
6.432 -14.9129 -14.9145
6.44 -14.9133 -14.9149
6.448 -14.9137 -14.9154
6.456 -14.9142 -14.9159
6.464 -14.9146 -14.9163
6.472 -14.9151 -14.9168
6.48 -14.9155 -14.9172
6.488 -14.916 -14.9177
6.496 -14.9164 -14.9182
6.504 -14.9168 -14.9186
6.512 -14.9173 -14.9191
6.52 -14.9177 -14.9195
6.528 -14.9182 -14.92
6.536 -14.9186 -14.9205
6.544 -14.919 -14.9209
6.552 -14.9195 -14.9214
6.56 -14.9199 -14.9218
6.568 -14.9203 -14.9223
6.576 -14.9208 -14.9227
6.584 -14.9212 -14.9232
6.592 -14.9216 -14.9236
6.6 -14.922 -14.9241
6.608 -14.9225 -14.9245
6.616 -14.9229 -14.925
6.624 -14.9233 -14.9254
6.632 -14.9237 -14.9258
6.64 -14.9242 -14.9263
6.648 -14.9246 -14.9267
6.656 -14.925 -14.9272
6.664 -14.9254 -14.9276
6.672 -14.9258 -14.928
6.68 -14.9263 -14.9285
6.688 -14.9267 -14.9289
6.696 -14.9271 -14.9293
6.704 -14.9275 -14.9298
6.712 -14.9279 -14.9302
6.72 -14.9283 -14.9306
6.728 -14.9287 -14.931
6.736 -14.9291 -14.9315
6.744 -14.9295 -14.9319
6.752 -14.9299 -14.9323
6.76 -14.9303 -14.9327
6.768 -14.9307 -14.9331
6.776 -14.9311 -14.9336
6.784 -14.9315 -14.934
6.792 -14.9319 -14.9344
6.8 -14.9323 -14.9348
6.808 -14.9327 -14.9352
6.816 -14.9331 -14.9356
6.824 -14.9335 -14.936
6.832 -14.9339 -14.9364
6.84 -14.9342 -14.9368
6.848 -14.9346 -14.9372
6.856 -14.935 -14.9376
6.864 -14.9354 -14.938
6.872 -14.9358 -14.9384
6.88 -14.9361 -14.9388
6.888 -14.9365 -14.9392
6.896 -14.9369 -14.9396
6.904 -14.9372 -14.9399
6.912 -14.9376 -14.9403
6.92 -14.938 -14.9407
6.928 -14.9383 -14.9411
6.936 -14.9387 -14.9414
6.944 -14.939 -14.9418
6.952 -14.9394 -14.9422
6.96 -14.9397 -14.9426
6.968 -14.9401 -14.9429
6.976 -14.9404 -14.9433
6.984 -14.9408 -14.9436
6.992 -14.9411 -14.944
7 -14.9415 -14.9444
7.008 -14.9418 -14.9447
7.016 -14.9421 -14.9451
7.024 -14.9425 -14.9454
7.032 -14.9428 -14.9458
7.04 -14.9431 -14.9461
7.048 -14.9435 -14.9464
7.056 -14.9438 -14.9468
7.064 -14.9441 -14.9471
7.072 -14.9444 -14.9475
7.08 -14.9447 -14.9478
7.088 -14.9451 -14.9481
7.096 -14.9454 -14.9484
7.104 -14.9457 -14.9488
7.112 -14.946 -14.9491
7.12 -14.9463 -14.9494
7.128 -14.9466 -14.9497
7.136 -14.9469 -14.95
7.144 -14.9472 -14.9503
7.152 -14.9475 -14.9506
7.16 -14.9477 -14.9509
7.168 -14.948 -14.9512
7.176 -14.9483 -14.9515
7.184 -14.9486 -14.9518
7.192 -14.9489 -14.9521
7.2 -14.9492 -14.9524
7.208 -14.9494 -14.9527
7.216 -14.9497 -14.953
7.224 -14.95 -14.9532
7.232 -14.9502 -14.9535
7.24 -14.9505 -14.9538
7.248 -14.9507 -14.9541
7.256 -14.951 -14.9543
7.264 -14.9512 -14.9546
7.272 -14.9515 -14.9549
7.28 -14.9517 -14.9551
7.288 -14.952 -14.9554
7.296 -14.9522 -14.9556
7.304 -14.9525 -14.9559
7.312 -14.9527 -14.9561
7.32 -14.9529 -14.9563
7.328 -14.9531 -14.9566
7.336 -14.9534 -14.9568
7.344 -14.9536 -14.957
7.352 -14.9538 -14.9573
7.36 -14.954 -14.9575
7.368 -14.9542 -14.9577
7.376 -14.9544 -14.9579
7.384 -14.9546 -14.9582
7.392 -14.9548 -14.9584
7.4 -14.955 -14.9586
7.408 -14.9552 -14.9588
7.416 -14.9554 -14.959
7.424 -14.9556 -14.9592
7.432 -14.9558 -14.9594
7.44 -14.956 -14.9596
7.448 -14.9562 -14.9597
7.456 -14.9563 -14.9599
7.464 -14.9565 -14.9601
7.472 -14.9567 -14.9603
7.48 -14.9569 -14.9605
7.488 -14.957 -14.9606
7.496 -14.9572 -14.9608
7.504 -14.9573 -14.961
7.512 -14.9575 -14.9611
7.52 -14.9576 -14.9613
7.528 -14.9578 -14.9614
7.536 -14.9579 -14.9616
7.544 -14.9581 -14.9617
7.552 -14.9582 -14.9619
7.56 -14.9583 -14.962
7.568 -14.9584 -14.9621
7.576 -14.9586 -14.9623
7.584 -14.9587 -14.9624
7.592 -14.9588 -14.9625
7.6 -14.9589 -14.9626
7.608 -14.959 -14.9628
7.616 -14.9591 -14.9629
7.624 -14.9592 -14.963
7.632 -14.9593 -14.9631
7.64 -14.9594 -14.9632
7.648 -14.9595 -14.9633
7.656 -14.9596 -14.9634
7.664 -14.9597 -14.9635
7.672 -14.9598 -14.9636
7.68 -14.9599 -14.9636
7.688 -14.9599 -14.9637
7.696 -14.96 -14.9638
7.704 -14.9601 -14.9639
7.712 -14.9601 -14.9639
7.72 -14.9602 -14.964
7.728 -14.9603 -14.9641
7.736 -14.9603 -14.9641
7.744 -14.9604 -14.9642
7.752 -14.9604 -14.9642
7.76 -14.9605 -14.9643
7.768 -14.9605 -14.9643
7.776 -14.9605 -14.9643
7.784 -14.9606 -14.9644
7.792 -14.9606 -14.9644
7.8 -14.9606 -14.9644
7.808 -14.9606 -14.9645
7.816 -14.9607 -14.9645
7.824 -14.9607 -14.9645
7.832 -14.9607 -14.9645
7.84 -14.9607 -14.9645
7.848 -14.9607 -14.9645
7.856 -14.9607 -14.9645
7.864 -14.9607 -14.9645
7.872 -14.9607 -14.9645
7.88 -14.9607 -14.9645
7.888 -14.9607 -14.9645
7.896 -14.9606 -14.9645
7.904 -14.9606 -14.9644
7.912 -14.9606 -14.9644
7.92 -14.9606 -14.9644
7.928 -14.9605 -14.9644
7.936 -14.9605 -14.9643
7.944 -14.9605 -14.9643
7.952 -14.9604 -14.9642
7.96 -14.9604 -14.9642
7.968 -14.9603 -14.9641
7.976 -14.9603 -14.9641
7.984 -14.9602 -14.964
7.992 -14.9601 -14.964
8 -14.9601 -14.9639
8.008 -14.96 -14.9638
8.016 -14.9599 -14.9637
8.024 -14.9599 -14.9637
8.032 -14.9598 -14.9636
8.04 -14.9597 -14.9635
8.048 -14.9596 -14.9634
8.056 -14.9595 -14.9633
8.064 -14.9594 -14.9632
8.072 -14.9593 -14.9631
8.08 -14.9592 -14.963
8.088 -14.9591 -14.9629
8.096 -14.959 -14.9628
8.104 -14.9589 -14.9627
8.112 -14.9588 -14.9626
8.12 -14.9587 -14.9624
8.128 -14.9585 -14.9623
8.136 -14.9584 -14.9622
8.144 -14.9583 -14.962
8.152 -14.9582 -14.9619
8.16 -14.958 -14.9618
8.168 -14.9579 -14.9616
8.176 -14.9577 -14.9615
8.184 -14.9576 -14.9613
8.192 -14.9575 -14.9612
8.2 -14.9573 -14.961
8.208 -14.9571 -14.9609
8.216 -14.957 -14.9607
8.224 -14.9568 -14.9605
8.232 -14.9567 -14.9603
8.24 -14.9565 -14.9602
8.248 -14.9563 -14.96
8.256 -14.9561 -14.9598
8.264 -14.956 -14.9596
8.272 -14.9558 -14.9594
8.28 -14.9556 -14.9592
8.288 -14.9554 -14.959
8.296 -14.9552 -14.9588
8.304 -14.955 -14.9586
8.312 -14.9548 -14.9584
8.32 -14.9546 -14.9582
8.328 -14.9544 -14.958
8.336 -14.9542 -14.9578
8.344 -14.954 -14.9576
8.352 -14.9538 -14.9573
8.36 -14.9536 -14.9571
8.368 -14.9533 -14.9569
8.376 -14.9531 -14.9567
8.384 -14.9529 -14.9564
8.392 -14.9527 -14.9562
8.4 -14.9524 -14.9559
8.408 -14.9522 -14.9557
8.416 -14.9519 -14.9554
8.424 -14.9517 -14.9552
8.432 -14.9515 -14.9549
8.44 -14.9512 -14.9547
8.448 -14.951 -14.9544
8.456 -14.9507 -14.9541
8.464 -14.9504 -14.9539
8.472 -14.9502 -14.9536
8.48 -14.9499 -14.9533
8.488 -14.9496 -14.9531
8.496 -14.9494 -14.9528
8.504 -14.9491 -14.9525
8.512 -14.9488 -14.9522
8.52 -14.9486 -14.9519
8.528 -14.9483 -14.9516
8.536 -14.948 -14.9513
8.544 -14.9477 -14.951
8.552 -14.9474 -14.9507
8.56 -14.9471 -14.9504
8.568 -14.9468 -14.9501
8.576 -14.9465 -14.9498
8.584 -14.9462 -14.9495
8.592 -14.9459 -14.9492
8.6 -14.9456 -14.9489
8.608 -14.9453 -14.9485
8.616 -14.945 -14.9482
8.624 -14.9447 -14.9479
8.632 -14.9444 -14.9476
8.64 -14.944 -14.9472
8.648 -14.9437 -14.9469
8.656 -14.9434 -14.9466
8.664 -14.9431 -14.9462
8.672 -14.9428 -14.9459
8.68 -14.9424 -14.9455
8.688 -14.9421 -14.9452
8.696 -14.9417 -14.9448
8.704 -14.9414 -14.9445
8.712 -14.9411 -14.9441
8.72 -14.9407 -14.9438
8.728 -14.9404 -14.9434
8.736 -14.94 -14.943
8.744 -14.9397 -14.9427
8.752 -14.9393 -14.9423
8.76 -14.939 -14.9419
8.768 -14.9386 -14.9416
8.776 -14.9383 -14.9412
8.784 -14.9379 -14.9408
8.792 -14.9375 -14.9404
8.8 -14.9372 -14.9401
8.808 -14.9368 -14.9397
8.816 -14.9364 -14.9393
8.824 -14.9361 -14.9389
8.832 -14.9357 -14.9385
8.84 -14.9353 -14.9381
8.848 -14.9349 -14.9377
8.856 -14.9346 -14.9373
8.864 -14.9342 -14.9369
8.872 -14.9338 -14.9365
8.88 -14.9334 -14.9361
8.888 -14.933 -14.9357
8.896 -14.9326 -14.9353
8.904 -14.9322 -14.9349
8.912 -14.9319 -14.9345
8.92 -14.9315 -14.9341
8.928 -14.9311 -14.9337
8.936 -14.9307 -14.9333
8.944 -14.9303 -14.9329
8.952 -14.9299 -14.9324
8.96 -14.9295 -14.932
8.968 -14.9291 -14.9316
8.976 -14.9287 -14.9312
8.984 -14.9282 -14.9308
8.992 -14.9278 -14.9303
9 -14.9274 -14.9299
9.008 -14.927 -14.9295
9.016 -14.9266 -14.929
9.024 -14.9262 -14.9286
9.032 -14.9258 -14.9282
9.04 -14.9254 -14.9277
9.048 -14.9249 -14.9273
9.056 -14.9245 -14.9269
9.064 -14.9241 -14.9264
9.072 -14.9237 -14.926
9.08 -14.9232 -14.9255
9.088 -14.9228 -14.9251
9.096 -14.9224 -14.9247
9.104 -14.922 -14.9242
9.112 -14.9215 -14.9238
9.12 -14.9211 -14.9233
9.128 -14.9207 -14.9229
9.136 -14.9202 -14.9224
9.144 -14.9198 -14.922
9.152 -14.9194 -14.9215
9.16 -14.9189 -14.9211
9.168 -14.9185 -14.9206
9.176 -14.9181 -14.9201
9.184 -14.9176 -14.9197
9.192 -14.9172 -14.9192
9.2 -14.9168 -14.9188
9.208 -14.9163 -14.9183
9.216 -14.9159 -14.9179
9.224 -14.9154 -14.9174
9.232 -14.915 -14.9169
9.24 -14.9146 -14.9165
9.248 -14.9141 -14.916
9.256 -14.9137 -14.9155
9.264 -14.9132 -14.9151
9.272 -14.9128 -14.9146
9.28 -14.9123 -14.9142
9.288 -14.9119 -14.9137
9.296 -14.9114 -14.9132
9.304 -14.911 -14.9128
9.312 -14.9106 -14.9123
9.32 -14.9101 -14.9118
9.328 -14.9097 -14.9114
9.336 -14.9092 -14.9109
9.344 -14.9088 -14.9104
9.352 -14.9083 -14.91
9.36 -14.9079 -14.9095
9.368 -14.9074 -14.909
9.376 -14.907 -14.9085
9.384 -14.9065 -14.9081
9.392 -14.9061 -14.9076
9.4 -14.9056 -14.9071
9.408 -14.9052 -14.9067
9.416 -14.9047 -14.9062
9.424 -14.9043 -14.9057
9.432 -14.9038 -14.9053
9.44 -14.9034 -14.9048
9.448 -14.9029 -14.9043
9.456 -14.9025 -14.9039
9.464 -14.902 -14.9034
9.472 -14.9016 -14.9029
9.48 -14.9011 -14.9024
9.488 -14.9007 -14.902
9.496 -14.9002 -14.9015
9.504 -14.8998 -14.901
9.512 -14.8993 -14.9006
9.52 -14.8989 -14.9001
9.528 -14.8984 -14.8996
9.536 -14.898 -14.8992
9.544 -14.8975 -14.8987
9.552 -14.8971 -14.8982
9.56 -14.8966 -14.8978
9.568 -14.8962 -14.8973
9.576 -14.8957 -14.8968
9.584 -14.8953 -14.8964
9.592 -14.8949 -14.8959
9.6 -14.8944 -14.8955
9.608 -14.894 -14.895
9.616 -14.8935 -14.8945
9.624 -14.8931 -14.8941
9.632 -14.8927 -14.8936
9.64 -14.8922 -14.8931
9.648 -14.8918 -14.8927
9.656 -14.8913 -14.8922
9.664 -14.8909 -14.8918
9.672 -14.8905 -14.8913
9.68 -14.89 -14.8909
9.688 -14.8896 -14.8904
9.696 -14.8892 -14.89
9.704 -14.8887 -14.8895
9.712 -14.8883 -14.8891
9.72 -14.8879 -14.8886
9.728 -14.8874 -14.8882
9.736 -14.887 -14.8877
9.744 -14.8866 -14.8873
9.752 -14.8862 -14.8868
9.76 -14.8857 -14.8864
9.768 -14.8853 -14.8859
9.776 -14.8849 -14.8855
9.784 -14.8845 -14.8851
9.792 -14.884 -14.8846
9.8 -14.8836 -14.8842
9.808 -14.8832 -14.8837
9.816 -14.8828 -14.8833
9.824 -14.8824 -14.8829
9.832 -14.882 -14.8824
9.84 -14.8816 -14.882
9.848 -14.8811 -14.8816
9.856 -14.8807 -14.8812
9.864 -14.8803 -14.8807
9.872 -14.8799 -14.8803
9.88 -14.8795 -14.8799
9.888 -14.8791 -14.8795
9.896 -14.8787 -14.879
9.904 -14.8783 -14.8786
9.912 -14.8779 -14.8782
9.92 -14.8775 -14.8778
9.928 -14.8771 -14.8774
9.936 -14.8767 -14.877
9.944 -14.8763 -14.8766
9.952 -14.876 -14.8762
9.96 -14.8756 -14.8758
9.968 -14.8752 -14.8754
9.976 -14.8748 -14.875
9.984 -14.8744 -14.8746
9.992 -14.874 -14.8742
10 -14.8737 -14.8738
10.008 -14.8733 -14.8734
10.016 -14.8729 -14.873
10.024 -14.8725 -14.8726
10.032 -14.8722 -14.8722
10.04 -14.8718 -14.8718
10.048 -14.8714 -14.8714
10.056 -14.8711 -14.8711
10.064 -14.8707 -14.8707
10.072 -14.8704 -14.8703
10.08 -14.87 -14.8699
10.088 -14.8697 -14.8696
10.096 -14.8693 -14.8692
10.104 -14.869 -14.8688
10.112 -14.8686 -14.8685
10.12 -14.8683 -14.8681
10.128 -14.8679 -14.8678
10.136 -14.8676 -14.8674
10.144 -14.8672 -14.867
10.152 -14.8669 -14.8667
10.16 -14.8666 -14.8663
10.168 -14.8662 -14.866
10.176 -14.8659 -14.8657
10.184 -14.8656 -14.8653
10.192 -14.8653 -14.865
10.2 -14.8649 -14.8646
10.208 -14.8646 -14.8643
10.216 -14.8643 -14.864
10.224 -14.864 -14.8636
10.232 -14.8637 -14.8633
10.24 -14.8634 -14.863
10.248 -14.8631 -14.8627
10.256 -14.8628 -14.8624
10.264 -14.8625 -14.862
10.272 -14.8622 -14.8617
10.28 -14.8619 -14.8614
10.288 -14.8616 -14.8611
10.296 -14.8613 -14.8608
10.304 -14.861 -14.8605
10.312 -14.8607 -14.8602
10.32 -14.8604 -14.8599
10.328 -14.8602 -14.8596
10.336 -14.8599 -14.8593
10.344 -14.8596 -14.8591
10.352 -14.8593 -14.8588
10.36 -14.8591 -14.8585
10.368 -14.8588 -14.8582
10.376 -14.8585 -14.858
10.384 -14.8583 -14.8577
10.392 -14.858 -14.8574
10.4 -14.8578 -14.8571
10.408 -14.8575 -14.8569
10.416 -14.8573 -14.8566
10.424 -14.857 -14.8564
10.432 -14.8568 -14.8561
10.44 -14.8566 -14.8559
10.448 -14.8563 -14.8556
10.456 -14.8561 -14.8554
10.464 -14.8559 -14.8551
10.472 -14.8556 -14.8549
10.48 -14.8554 -14.8547
10.488 -14.8552 -14.8545
10.496 -14.855 -14.8542
10.504 -14.8548 -14.854
10.512 -14.8546 -14.8538
10.52 -14.8544 -14.8536
10.528 -14.8542 -14.8534
10.536 -14.854 -14.8531
10.544 -14.8538 -14.8529
10.552 -14.8536 -14.8527
10.56 -14.8534 -14.8525
10.568 -14.8532 -14.8523
10.576 -14.853 -14.8521
10.584 -14.8528 -14.852
10.592 -14.8527 -14.8518
10.6 -14.8525 -14.8516
10.608 -14.8523 -14.8514
10.616 -14.8521 -14.8512
10.624 -14.852 -14.8511
10.632 -14.8518 -14.8509
10.64 -14.8517 -14.8507
10.648 -14.8515 -14.8506
10.656 -14.8514 -14.8504
10.664 -14.8512 -14.8503
10.672 -14.8511 -14.8501
10.68 -14.8509 -14.85
10.688 -14.8508 -14.8498
10.696 -14.8507 -14.8497
10.704 -14.8505 -14.8495
10.712 -14.8504 -14.8494
10.72 -14.8503 -14.8493
10.728 -14.8502 -14.8492
10.736 -14.85 -14.849
10.744 -14.8499 -14.8489
10.752 -14.8498 -14.8488
10.76 -14.8497 -14.8487
10.768 -14.8496 -14.8486
10.776 -14.8495 -14.8485
10.784 -14.8494 -14.8484
10.792 -14.8493 -14.8483
10.8 -14.8492 -14.8482
10.808 -14.8492 -14.8481
10.816 -14.8491 -14.848
10.824 -14.849 -14.8479
10.832 -14.8489 -14.8479
10.84 -14.8489 -14.8478
10.848 -14.8488 -14.8477
10.856 -14.8487 -14.8476
10.864 -14.8487 -14.8476
10.872 -14.8486 -14.8475
10.88 -14.8486 -14.8475
10.888 -14.8485 -14.8474
10.896 -14.8485 -14.8474
10.904 -14.8484 -14.8473
10.912 -14.8484 -14.8473
10.92 -14.8484 -14.8472
10.928 -14.8483 -14.8472
10.936 -14.8483 -14.8472
10.944 -14.8483 -14.8472
10.952 -14.8482 -14.8471
10.96 -14.8482 -14.8471
10.968 -14.8482 -14.8471
10.976 -14.8482 -14.8471
10.984 -14.8482 -14.8471
10.992 -14.8482 -14.8471
11 -14.8482 -14.8471
11.008 -14.8482 -14.8471
11.016 -14.8482 -14.8471
11.024 -14.8482 -14.8471
11.032 -14.8482 -14.8471
11.04 -14.8483 -14.8471
11.048 -14.8483 -14.8472
11.056 -14.8483 -14.8472
11.064 -14.8483 -14.8472
11.072 -14.8484 -14.8473
11.08 -14.8484 -14.8473
11.088 -14.8485 -14.8473
11.096 -14.8485 -14.8474
11.104 -14.8485 -14.8474
11.112 -14.8486 -14.8475
11.12 -14.8487 -14.8475
11.128 -14.8487 -14.8476
11.136 -14.8488 -14.8477
11.144 -14.8488 -14.8477
11.152 -14.8489 -14.8478
11.16 -14.849 -14.8479
11.168 -14.8491 -14.848
11.176 -14.8491 -14.848
11.184 -14.8492 -14.8481
11.192 -14.8493 -14.8482
11.2 -14.8494 -14.8483
11.208 -14.8495 -14.8484
11.216 -14.8496 -14.8485
11.224 -14.8497 -14.8486
11.232 -14.8498 -14.8487
11.24 -14.8499 -14.8488
11.248 -14.85 -14.849
11.256 -14.8501 -14.8491
11.264 -14.8503 -14.8492
11.272 -14.8504 -14.8493
11.28 -14.8505 -14.8494
11.288 -14.8506 -14.8496
11.296 -14.8508 -14.8497
11.304 -14.8509 -14.8499
11.312 -14.851 -14.85
11.32 -14.8512 -14.8502
11.328 -14.8513 -14.8503
11.336 -14.8515 -14.8505
11.344 -14.8516 -14.8506
11.352 -14.8518 -14.8508
11.36 -14.8519 -14.8509
11.368 -14.8521 -14.8511
11.376 -14.8523 -14.8513
11.384 -14.8524 -14.8515
11.392 -14.8526 -14.8516
11.4 -14.8528 -14.8518
11.408 -14.853 -14.852
11.416 -14.8531 -14.8522
11.424 -14.8533 -14.8524
11.432 -14.8535 -14.8526
11.44 -14.8537 -14.8528
11.448 -14.8539 -14.853
11.456 -14.8541 -14.8532
11.464 -14.8543 -14.8534
11.472 -14.8545 -14.8536
11.48 -14.8547 -14.8538
11.488 -14.8549 -14.8541
11.496 -14.8552 -14.8543
11.504 -14.8554 -14.8545
11.512 -14.8556 -14.8547
11.52 -14.8558 -14.855
11.528 -14.856 -14.8552
11.536 -14.8563 -14.8555
11.544 -14.8565 -14.8557
11.552 -14.8567 -14.8559
11.56 -14.857 -14.8562
11.568 -14.8572 -14.8564
11.576 -14.8575 -14.8567
11.584 -14.8577 -14.857
11.592 -14.858 -14.8572
11.6 -14.8582 -14.8575
11.608 -14.8585 -14.8578
11.616 -14.8587 -14.858
11.624 -14.859 -14.8583
11.632 -14.8593 -14.8586
11.64 -14.8595 -14.8589
11.648 -14.8598 -14.8591
11.656 -14.8601 -14.8594
11.664 -14.8604 -14.8597
11.672 -14.8606 -14.86
11.68 -14.8609 -14.8603
11.688 -14.8612 -14.8606
11.696 -14.8615 -14.8609
11.704 -14.8618 -14.8612
11.712 -14.8621 -14.8615
11.72 -14.8624 -14.8618
11.728 -14.8627 -14.8621
11.736 -14.863 -14.8624
11.744 -14.8633 -14.8628
11.752 -14.8636 -14.8631
11.76 -14.8639 -14.8634
11.768 -14.8642 -14.8637
11.776 -14.8645 -14.8641
11.784 -14.8649 -14.8644
11.792 -14.8652 -14.8647
11.8 -14.8655 -14.8651
11.808 -14.8658 -14.8654
11.816 -14.8662 -14.8657
11.824 -14.8665 -14.8661
11.832 -14.8668 -14.8664
11.84 -14.8672 -14.8668
11.848 -14.8675 -14.8671
11.856 -14.8678 -14.8675
11.864 -14.8682 -14.8679
11.872 -14.8685 -14.8682
11.88 -14.8689 -14.8686
11.888 -14.8692 -14.8689
11.896 -14.8696 -14.8693
11.904 -14.8699 -14.8697
11.912 -14.8703 -14.87
11.92 -14.8706 -14.8704
11.928 -14.871 -14.8708
11.936 -14.8714 -14.8712
11.944 -14.8717 -14.8716
11.952 -14.8721 -14.8719
11.96 -14.8725 -14.8723
11.968 -14.8728 -14.8727
11.976 -14.8732 -14.8731
11.984 -14.8736 -14.8735
11.992 -14.874 -14.8739
12 -14.8743 -14.8743
12.008 -14.8747 -14.8747
12.016 -14.8751 -14.8751
12.024 -14.8755 -14.8755
12.032 -14.8759 -14.8759
12.04 -14.8763 -14.8763
12.048 -14.8767 -14.8767
12.056 -14.877 -14.8771
12.064 -14.8774 -14.8775
12.072 -14.8778 -14.8779
12.08 -14.8782 -14.8783
12.088 -14.8786 -14.8787
12.096 -14.879 -14.8792
12.104 -14.8794 -14.8796
12.112 -14.8798 -14.88
12.12 -14.8802 -14.8804
12.128 -14.8806 -14.8808
12.136 -14.8811 -14.8813
12.144 -14.8815 -14.8817
12.152 -14.8819 -14.8821
12.16 -14.8823 -14.8826
12.168 -14.8827 -14.883
12.176 -14.8831 -14.8834
12.184 -14.8835 -14.8839
12.192 -14.884 -14.8843
12.2 -14.8844 -14.8847
12.208 -14.8848 -14.8852
12.216 -14.8852 -14.8856
12.224 -14.8856 -14.8861
12.232 -14.8861 -14.8865
12.24 -14.8865 -14.8869
12.248 -14.8869 -14.8874
12.256 -14.8873 -14.8878
12.264 -14.8878 -14.8883
12.272 -14.8882 -14.8887
12.28 -14.8886 -14.8892
12.288 -14.8891 -14.8896
12.296 -14.8895 -14.8901
12.304 -14.8899 -14.8905
12.312 -14.8904 -14.891
12.32 -14.8908 -14.8914
12.328 -14.8912 -14.8919
12.336 -14.8917 -14.8924
12.344 -14.8921 -14.8928
12.352 -14.8926 -14.8933
12.36 -14.893 -14.8937
12.368 -14.8934 -14.8942
12.376 -14.8939 -14.8947
12.384 -14.8943 -14.8951
12.392 -14.8948 -14.8956
12.4 -14.8952 -14.896
12.408 -14.8956 -14.8965
12.416 -14.8961 -14.897
12.424 -14.8965 -14.8974
12.432 -14.897 -14.8979
12.44 -14.8974 -14.8984
12.448 -14.8979 -14.8988
12.456 -14.8983 -14.8993
12.464 -14.8988 -14.8998
12.472 -14.8992 -14.9002
12.48 -14.8997 -14.9007
12.488 -14.9001 -14.9012
12.496 -14.9006 -14.9016
12.504 -14.901 -14.9021
12.512 -14.9015 -14.9026
12.52 -14.9019 -14.903
12.528 -14.9024 -14.9035
12.536 -14.9028 -14.904
12.544 -14.9033 -14.9044
12.552 -14.9037 -14.9049
12.56 -14.9042 -14.9054
12.568 -14.9046 -14.9059
12.576 -14.9051 -14.9063
12.584 -14.9055 -14.9068
12.592 -14.906 -14.9073
12.6 -14.9064 -14.9077
12.608 -14.9069 -14.9082
12.616 -14.9073 -14.9087
12.624 -14.9078 -14.9091
12.632 -14.9082 -14.9096
12.64 -14.9087 -14.9101
12.648 -14.9091 -14.9106
12.656 -14.9096 -14.911
12.664 -14.91 -14.9115
12.672 -14.9104 -14.912
12.68 -14.9109 -14.9124
12.688 -14.9113 -14.9129
12.696 -14.9118 -14.9134
12.704 -14.9122 -14.9138
12.712 -14.9127 -14.9143
12.72 -14.9131 -14.9147
12.728 -14.9136 -14.9152
12.736 -14.914 -14.9157
12.744 -14.9145 -14.9161
12.752 -14.9149 -14.9166
12.76 -14.9153 -14.9171
12.768 -14.9158 -14.9175
12.776 -14.9162 -14.918
12.784 -14.9167 -14.9184
12.792 -14.9171 -14.9189
12.8 -14.9175 -14.9194
12.808 -14.918 -14.9198
12.816 -14.9184 -14.9203
12.824 -14.9189 -14.9207
12.832 -14.9193 -14.9212
12.84 -14.9197 -14.9216
12.848 -14.9202 -14.9221
12.856 -14.9206 -14.9225
12.864 -14.921 -14.923
12.872 -14.9214 -14.9234
12.88 -14.9219 -14.9239
12.888 -14.9223 -14.9243
12.896 -14.9227 -14.9248
12.904 -14.9232 -14.9252
12.912 -14.9236 -14.9257
12.92 -14.924 -14.9261
12.928 -14.9244 -14.9265
12.936 -14.9248 -14.927
12.944 -14.9253 -14.9274
12.952 -14.9257 -14.9279
12.96 -14.9261 -14.9283
12.968 -14.9265 -14.9287
12.976 -14.9269 -14.9292
12.984 -14.9273 -14.9296
12.992 -14.9277 -14.93
13 -14.9282 -14.9304
13.008 -14.9286 -14.9309
13.016 -14.929 -14.9313
13.024 -14.9294 -14.9317
13.032 -14.9298 -14.9321
13.04 -14.9302 -14.9326
13.048 -14.9306 -14.933
13.056 -14.931 -14.9334
13.064 -14.9314 -14.9338
13.072 -14.9318 -14.9342
13.08 -14.9322 -14.9346
13.088 -14.9325 -14.935
13.096 -14.9329 -14.9354
13.104 -14.9333 -14.9358
13.112 -14.9337 -14.9362
13.12 -14.9341 -14.9367
13.128 -14.9345 -14.937
13.136 -14.9349 -14.9374
13.144 -14.9352 -14.9378
13.152 -14.9356 -14.9382
13.16 -14.936 -14.9386
13.168 -14.9364 -14.939
13.176 -14.9367 -14.9394
13.184 -14.9371 -14.9398
13.192 -14.9375 -14.9402
13.2 -14.9378 -14.9405
13.208 -14.9382 -14.9409
13.216 -14.9385 -14.9413
13.224 -14.9389 -14.9417
13.232 -14.9393 -14.942
13.24 -14.9396 -14.9424
13.248 -14.94 -14.9428
13.256 -14.9403 -14.9431
13.264 -14.9406 -14.9435
13.272 -14.941 -14.9439
13.28 -14.9413 -14.9442
13.288 -14.9417 -14.9446
13.296 -14.942 -14.9449
13.304 -14.9423 -14.9453
13.312 -14.9427 -14.9456
13.32 -14.943 -14.946
13.328 -14.9433 -14.9463
13.336 -14.9437 -14.9466
13.344 -14.944 -14.947
13.352 -14.9443 -14.9473
13.36 -14.9446 -14.9477
13.368 -14.9449 -14.948
13.376 -14.9452 -14.9483
13.384 -14.9455 -14.9486
13.392 -14.9459 -14.9489
13.4 -14.9462 -14.9493
13.408 -14.9465 -14.9496
13.416 -14.9468 -14.9499
13.424 -14.9471 -14.9502
13.432 -14.9473 -14.9505
13.44 -14.9476 -14.9508
13.448 -14.9479 -14.9511
13.456 -14.9482 -14.9514
13.464 -14.9485 -14.9517
13.472 -14.9488 -14.952
13.48 -14.949 -14.9523
13.488 -14.9493 -14.9526
13.496 -14.9496 -14.9529
13.504 -14.9499 -14.9531
13.512 -14.9501 -14.9534
13.52 -14.9504 -14.9537
13.528 -14.9506 -14.954
13.536 -14.9509 -14.9542
13.544 -14.9511 -14.9545
13.552 -14.9514 -14.9547
13.56 -14.9516 -14.955
13.568 -14.9519 -14.9553
13.576 -14.9521 -14.9555
13.584 -14.9524 -14.9558
13.592 -14.9526 -14.956
13.6 -14.9528 -14.9562
13.608 -14.9531 -14.9565
13.616 -14.9533 -14.9567
13.624 -14.9535 -14.957
13.632 -14.9537 -14.9572
13.64 -14.9539 -14.9574
13.648 -14.9542 -14.9576
13.656 -14.9544 -14.9579
13.664 -14.9546 -14.9581
13.672 -14.9548 -14.9583
13.68 -14.955 -14.9585
13.688 -14.9552 -14.9587
13.696 -14.9554 -14.9589
13.704 -14.9555 -14.9591
13.712 -14.9557 -14.9593
13.72 -14.9559 -14.9595
13.728 -14.9561 -14.9597
13.736 -14.9563 -14.9599
13.744 -14.9564 -14.96
13.752 -14.9566 -14.9602
13.76 -14.9568 -14.9604
13.768 -14.9569 -14.9606
13.776 -14.9571 -14.9607
13.784 -14.9573 -14.9609
13.792 -14.9574 -14.9611
13.8 -14.9576 -14.9612
13.808 -14.9577 -14.9614
13.816 -14.9579 -14.9615
13.824 -14.958 -14.9617
13.832 -14.9581 -14.9618
13.84 -14.9583 -14.962
13.848 -14.9584 -14.9621
13.856 -14.9585 -14.9622
13.864 -14.9586 -14.9623
13.872 -14.9588 -14.9625
13.88 -14.9589 -14.9626
13.888 -14.959 -14.9627
13.896 -14.9591 -14.9628
13.904 -14.9592 -14.9629
13.912 -14.9593 -14.963
13.92 -14.9594 -14.9631
13.928 -14.9595 -14.9632
13.936 -14.9596 -14.9633
13.944 -14.9597 -14.9634
13.952 -14.9598 -14.9635
13.96 -14.9598 -14.9636
13.968 -14.9599 -14.9637
13.976 -14.96 -14.9638
13.984 -14.9601 -14.9638
13.992 -14.9601 -14.9639
14 -14.9602 -14.964
14.008 -14.9602 -14.964
14.016 -14.9603 -14.9641
14.024 -14.9604 -14.9641
14.032 -14.9604 -14.9642
14.04 -14.9604 -14.9642
14.048 -14.9605 -14.9643
14.056 -14.9605 -14.9643
14.064 -14.9606 -14.9644
14.072 -14.9606 -14.9644
14.08 -14.9606 -14.9644
14.088 -14.9606 -14.9644
14.096 -14.9607 -14.9645
14.104 -14.9607 -14.9645
14.112 -14.9607 -14.9645
14.12 -14.9607 -14.9645
14.128 -14.9607 -14.9645
14.136 -14.9607 -14.9645
14.144 -14.9607 -14.9645
14.152 -14.9607 -14.9645
14.16 -14.9607 -14.9645
14.168 -14.9607 -14.9645
14.176 -14.9606 -14.9645
14.184 -14.9606 -14.9645
14.192 -14.9606 -14.9644
14.2 -14.9606 -14.9644
14.208 -14.9605 -14.9644
14.216 -14.9605 -14.9643
14.224 -14.9605 -14.9643
14.232 -14.9604 -14.9643
14.24 -14.9604 -14.9642
14.248 -14.9603 -14.9642
14.256 -14.9603 -14.9641
14.264 -14.9602 -14.964
14.272 -14.9602 -14.964
14.28 -14.9601 -14.9639
14.288 -14.96 -14.9638
14.296 -14.96 -14.9638
14.304 -14.9599 -14.9637
14.312 -14.9598 -14.9636
14.32 -14.9597 -14.9635
14.328 -14.9596 -14.9634
14.336 -14.9596 -14.9634
14.344 -14.9595 -14.9633
14.352 -14.9594 -14.9632
14.36 -14.9593 -14.9631
14.368 -14.9592 -14.9629
14.376 -14.9591 -14.9628
14.384 -14.9589 -14.9627
14.392 -14.9588 -14.9626
14.4 -14.9587 -14.9625
14.408 -14.9586 -14.9624
14.416 -14.9585 -14.9622
14.424 -14.9583 -14.9621
14.432 -14.9582 -14.962
14.44 -14.9581 -14.9618
14.448 -14.9579 -14.9617
14.456 -14.9578 -14.9615
14.464 -14.9577 -14.9614
14.472 -14.9575 -14.9612
14.48 -14.9574 -14.9611
14.488 -14.9572 -14.9609
14.496 -14.957 -14.9608
14.504 -14.9569 -14.9606
14.512 -14.9567 -14.9604
14.52 -14.9566 -14.9602
14.528 -14.9564 -14.9601
14.536 -14.9562 -14.9599
14.544 -14.956 -14.9597
14.552 -14.9559 -14.9595
14.56 -14.9557 -14.9593
14.568 -14.9555 -14.9591
14.576 -14.9553 -14.9589
14.584 -14.9551 -14.9587
14.592 -14.9549 -14.9585
14.6 -14.9547 -14.9583
14.608 -14.9545 -14.9581
14.616 -14.9543 -14.9579
14.624 -14.9541 -14.9577
14.632 -14.9539 -14.9574
14.64 -14.9536 -14.9572
14.648 -14.9534 -14.957
14.656 -14.9532 -14.9568
14.664 -14.953 -14.9565
14.672 -14.9527 -14.9563
14.68 -14.9525 -14.956
14.688 -14.9523 -14.9558
14.696 -14.952 -14.9555
14.704 -14.9518 -14.9553
14.712 -14.9515 -14.955
14.72 -14.9513 -14.9548
14.728 -14.9511 -14.9545
14.736 -14.9508 -14.9543
14.744 -14.9505 -14.954
14.752 -14.9503 -14.9537
14.76 -14.95 -14.9534
14.768 -14.9498 -14.9532
14.776 -14.9495 -14.9529
14.784 -14.9492 -14.9526
14.792 -14.9489 -14.9523
14.8 -14.9487 -14.952
14.808 -14.9484 -14.9517
14.816 -14.9481 -14.9514
14.824 -14.9478 -14.9511
14.832 -14.9475 -14.9508
14.84 -14.9472 -14.9505
14.848 -14.9469 -14.9502
14.856 -14.9466 -14.9499
14.864 -14.9463 -14.9496
14.872 -14.946 -14.9493
14.88 -14.9457 -14.949
14.888 -14.9454 -14.9487
14.896 -14.9451 -14.9483
14.904 -14.9448 -14.948
14.912 -14.9445 -14.9477
14.92 -14.9442 -14.9474
14.928 -14.9439 -14.947
14.936 -14.9435 -14.9467
14.944 -14.9432 -14.9464
14.952 -14.9429 -14.946
14.96 -14.9426 -14.9457
14.968 -14.9422 -14.9453
14.976 -14.9419 -14.945
14.984 -14.9415 -14.9446
14.992 -14.9412 -14.9443
