0.024 4.12329
0.032 4.12339
0.04 4.12349
0.048 4.12358
0.056 4.12368
0.064 4.12378
0.072 4.12388
0.08 4.12397
0.088 4.12407
0.096 4.12417
0.104 4.12426
0.112 4.12436
0.12 4.12446
0.128 4.12455
0.136 4.12465
0.144 4.12475
0.152 4.12484
0.16 4.12494
0.168 4.12503
0.176 4.12513
0.184 4.12523
0.192 4.12532
0.2 4.12542
0.208 4.12551
0.216 4.12561
0.224 4.1257
0.232 4.1258
0.24 4.12589
0.248 4.12599
0.256 4.12608
0.264 4.12618
0.272 4.12627
0.28 4.12636
0.288 4.12646
0.296 4.12655
0.304 4.12664
0.312 4.12674
0.32 4.12683
0.328 4.12692
0.336 4.12701
0.344 4.1271
0.352 4.1272
0.36 4.12729
0.368 4.12738
0.376 4.12747
0.384 4.12756
0.392 4.12765
0.4 4.12774
0.408 4.12783
0.416 4.12792
0.424 4.12801
0.432 4.1281
0.44 4.12818
0.448 4.12827
0.456 4.12836
0.464 4.12845
0.472 4.12853
0.48 4.12862
0.488 4.12871
0.496 4.12879
0.504 4.12888
0.512 4.12896
0.52 4.12905
0.528 4.12913
0.536 4.12921
0.544 4.1293
0.552 4.12938
0.56 4.12946
0.568 4.12955
0.576 4.12963
0.584 4.12971
0.592 4.12979
0.6 4.12987
0.608 4.12995
0.616 4.13003
0.624 4.13011
0.632 4.13019
0.64 4.13027
0.648 4.13035
0.656 4.13042
0.664 4.1305
0.672 4.13058
0.68 4.13065
0.688 4.13073
0.696 4.1308
0.704 4.13088
0.712 4.13095
0.72 4.13102
0.728 4.1311
0.736 4.13117
0.744 4.13124
0.752 4.13131
0.76 4.13138
0.768 4.13145
0.776 4.13152
0.784 4.13159
0.792 4.13166
0.8 4.13173
0.808 4.1318
0.816 4.13187
0.824 4.13193
0.832 4.132
0.84 4.13206
0.848 4.13213
0.856 4.13219
0.864 4.13226
0.872 4.13232
0.88 4.13238
0.888 4.13244
0.896 4.1325
0.904 4.13256
0.912 4.13262
0.92 4.13268
0.928 4.13274
0.936 4.1328
0.944 4.13286
0.952 4.13291
0.96 4.13297
0.968 4.13303
0.976 4.13308
0.984 4.13313
0.992 4.13319
1 4.13324
1.008 4.13329
1.016 4.13335
1.024 4.1334
1.032 4.13345
1.04 4.1335
1.048 4.13355
1.056 4.13359
1.064 4.13364
1.072 4.13369
1.08 4.13373
1.088 4.13378
1.096 4.13382
1.104 4.13387
1.112 4.13391
1.12 4.13395
1.128 4.134
1.136 4.13404
1.144 4.13408
1.152 4.13412
1.16 4.13416
1.168 4.1342
1.176 4.13423
1.184 4.13427
1.192 4.13431
1.2 4.13434
1.208 4.13438
1.216 4.13441
1.224 4.13445
1.232 4.13448
1.24 4.13451
1.248 4.13454
1.256 4.13457
1.264 4.1346
1.272 4.13463
1.28 4.13466
1.288 4.13469
1.296 4.13471
1.304 4.13474
1.312 4.13477
1.32 4.13479
1.328 4.13481
1.336 4.13484
1.344 4.13486
1.352 4.13488
1.36 4.1349
1.368 4.13492
1.376 4.13494
1.384 4.13496
1.392 4.13498
1.4 4.13499
1.408 4.13501
1.416 4.13502
1.424 4.13504
1.432 4.13505
1.44 4.13507
1.448 4.13508
1.456 4.13509
1.464 4.1351
1.472 4.13511
1.48 4.13512
1.488 4.13513
1.496 4.13514
1.504 4.13514
1.512 4.13515
1.52 4.13515
1.528 4.13516
1.536 4.13516
1.544 4.13516
1.552 4.13517
1.56 4.13517
1.568 4.13517
1.576 4.13517
1.584 4.13517
1.592 4.13517
1.6 4.13516
1.608 4.13516
1.616 4.13516
1.624 4.13515
1.632 4.13515
1.64 4.13514
1.648 4.13513
1.656 4.13512
1.664 4.13512
1.672 4.13511
1.68 4.1351
1.688 4.13508
1.696 4.13507
1.704 4.13506
1.712 4.13505
1.72 4.13503
1.728 4.13502
1.736 4.135
1.744 4.13499
1.752 4.13497
1.76 4.13495
1.768 4.13493
1.776 4.13491
1.784 4.13489
1.792 4.13487
1.8 4.13485
1.808 4.13483
1.816 4.1348
1.824 4.13478
1.832 4.13475
1.84 4.13473
1.848 4.1347
1.856 4.13467
1.864 4.13465
1.872 4.13462
1.88 4.13459
1.888 4.13456
1.896 4.13453
1.904 4.1345
1.912 4.13446
1.92 4.13443
1.928 4.1344
1.936 4.13436
1.944 4.13433
1.952 4.13429
1.96 4.13425
1.968 4.13422
1.976 4.13418
1.984 4.13414
1.992 4.1341
2 4.13406
2.008 4.13402
2.016 4.13398
2.024 4.13393
2.032 4.13389
2.04 4.13385
2.048 4.1338
2.056 4.13376
2.064 4.13371
2.072 4.13367
2.08 4.13362
2.088 4.13357
2.096 4.13352
2.104 4.13347
2.112 4.13342
2.12 4.13337
2.128 4.13332
2.136 4.13327
2.144 4.13322
2.152 4.13316
2.16 4.13311
2.168 4.13305
2.176 4.133
2.184 4.13294
2.192 4.13289
2.2 4.13283
2.208 4.13277
2.216 4.13271
2.224 4.13266
2.232 4.1326
2.24 4.13254
2.248 4.13247
2.256 4.13241
2.264 4.13235
2.272 4.13229
2.28 4.13223
2.288 4.13216
2.296 4.1321
2.304 4.13203
2.312 4.13197
2.32 4.1319
2.328 4.13183
2.336 4.13177
2.344 4.1317
2.352 4.13163
2.36 4.13156
2.368 4.13149
2.376 4.13142
2.384 4.13135
2.392 4.13128
2.4 4.13121
2.408 4.13114
2.416 4.13106
2.424 4.13099
2.432 4.13092
2.44 4.13084
2.448 4.13077
2.456 4.13069
2.464 4.13062
2.472 4.13054
2.48 4.13046
2.488 4.13039
2.496 4.13031
2.504 4.13023
2.512 4.13015
2.52 4.13007
2.528 4.12999
2.536 4.12991
2.544 4.12983
2.552 4.12975
2.56 4.12967
2.568 4.12959
2.576 4.12951
2.584 4.12943
2.592 4.12934
2.6 4.12926
2.608 4.12918
2.616 4.12909
2.624 4.12901
2.632 4.12892
2.64 4.12884
2.648 4.12875
2.656 4.12867
2.664 4.12858
2.672 4.12849
2.68 4.12841
2.688 4.12832
2.696 4.12823
2.704 4.12814
2.712 4.12805
2.72 4.12796
2.728 4.12788
2.736 4.12779
2.744 4.1277
2.752 4.12761
2.76 4.12752
2.768 4.12743
2.776 4.12734
2.784 4.12724
2.792 4.12715
2.8 4.12706
2.808 4.12697
2.816 4.12688
2.824 4.12678
2.832 4.12669
2.84 4.1266
2.848 4.12651
2.856 4.12641
2.864 4.12632
2.872 4.12623
2.88 4.12613
2.888 4.12604
2.896 4.12594
2.904 4.12585
2.912 4.12575
2.92 4.12566
2.928 4.12556
2.936 4.12547
2.944 4.12537
2.952 4.12528
2.96 4.12518
2.968 4.12509
2.976 4.12499
2.984 4.12489
2.992 4.1248
3 4.1247
3.008 4.1246
3.016 4.12451
3.024 4.12441
3.032 4.12432
3.04 4.12422
3.048 4.12412
3.056 4.12402
3.064 4.12393
3.072 4.12383
3.08 4.12373
3.088 4.12364
3.096 4.12354
3.104 4.12344
3.112 4.12334
3.12 4.12325
3.128 4.12315
3.136 4.12305
3.144 4.12296
3.152 4.12286
3.16 4.12276
3.168 4.12266
3.176 4.12257
3.184 4.12247
3.192 4.12237
3.2 4.12227
3.208 4.12218
3.216 4.12208
3.224 4.12198
3.232 4.12189
3.24 4.12179
3.248 4.12169
3.256 4.1216
3.264 4.1215
3.272 4.1214
3.28 4.12131
3.288 4.12121
3.296 4.12111
3.304 4.12102
3.312 4.12092
3.32 4.12083
3.328 4.12073
3.336 4.12064
3.344 4.12054
3.352 4.12044
3.36 4.12035
3.368 4.12025
3.376 4.12016
3.384 4.12007
3.392 4.11997
3.4 4.11988
3.408 4.11978
3.416 4.11969
3.424 4.1196
3.432 4.1195
3.44 4.11941
3.448 4.11932
3.456 4.11922
3.464 4.11913
3.472 4.11904
3.48 4.11895
3.488 4.11886
3.496 4.11877
3.504 4.11867
3.512 4.11858
3.52 4.11849
3.528 4.1184
3.536 4.11831
3.544 4.11822
3.552 4.11813
3.56 4.11804
3.568 4.11796
3.576 4.11787
3.584 4.11778
3.592 4.11769
3.6 4.1176
3.608 4.11752
3.616 4.11743
3.624 4.11734
3.632 4.11726
3.64 4.11717
3.648 4.11709
3.656 4.117
3.664 4.11692
3.672 4.11684
3.68 4.11675
3.688 4.11667
3.696 4.11659
3.704 4.1165
3.712 4.11642
3.72 4.11634
3.728 4.11626
3.736 4.11618
3.744 4.1161
3.752 4.11602
3.76 4.11594
3.768 4.11586
3.776 4.11578
3.784 4.1157
3.792 4.11563
3.8 4.11555
3.808 4.11547
3.816 4.1154
3.824 4.11532
3.832 4.11524
3.84 4.11517
3.848 4.1151
3.856 4.11502
3.864 4.11495
3.872 4.11488
3.88 4.1148
3.888 4.11473
3.896 4.11466
3.904 4.11459
3.912 4.11452
3.92 4.11445
3.928 4.11438
3.936 4.11431
3.944 4.11425
3.952 4.11418
3.96 4.11411
3.968 4.11405
3.976 4.11398
3.984 4.11392
3.992 4.11385
4 4.11379
4.008 4.11373
4.016 4.11366
4.024 4.1136
4.032 4.11354
4.04 4.11348
4.048 4.11342
4.056 4.11336
4.064 4.1133
4.072 4.11324
4.08 4.11318
4.088 4.11313
4.096 4.11307
4.104 4.11301
4.112 4.11296
4.12 4.1129
4.128 4.11285
4.136 4.1128
4.144 4.11275
4.152 4.11269
4.16 4.11264
4.168 4.11259
4.176 4.11254
4.184 4.11249
4.192 4.11244
4.2 4.1124
4.208 4.11235
4.216 4.1123
4.224 4.11226
4.232 4.11221
4.24 4.11217
4.248 4.11212
4.256 4.11208
4.264 4.11204
4.272 4.112
4.28 4.11195
4.288 4.11191
4.296 4.11187
4.304 4.11184
4.312 4.1118
4.32 4.11176
4.328 4.11172
4.336 4.11169
4.344 4.11165
4.352 4.11162
4.36 4.11158
4.368 4.11155
4.376 4.11152
4.384 4.11149
4.392 4.11146
4.4 4.11143
4.408 4.1114
4.416 4.11137
4.424 4.11134
4.432 4.11131
4.44 4.11129
4.448 4.11126
4.456 4.11124
4.464 4.11121
4.472 4.11119
4.48 4.11117
4.488 4.11114
4.496 4.11112
4.504 4.1111
4.512 4.11108
4.52 4.11106
4.528 4.11104
4.536 4.11103
4.544 4.11101
4.552 4.111
4.56 4.11098
4.568 4.11097
4.576 4.11095
4.584 4.11094
4.592 4.11093
4.6 4.11092
4.608 4.11091
4.616 4.1109
4.624 4.11089
4.632 4.11088
4.64 4.11087
4.648 4.11087
4.656 4.11086
4.664 4.11085
4.672 4.11085
4.68 4.11085
4.688 4.11084
4.696 4.11084
4.704 4.11084
4.712 4.11084
4.72 4.11084
4.728 4.11084
4.736 4.11084
4.744 4.11085
4.752 4.11085
4.76 4.11085
4.768 4.11086
4.776 4.11087
4.784 4.11087
4.792 4.11088
4.8 4.11089
4.808 4.1109
4.816 4.11091
4.824 4.11092
4.832 4.11093
4.84 4.11094
4.848 4.11095
4.856 4.11097
4.864 4.11098
4.872 4.111
4.88 4.11101
4.888 4.11103
4.896 4.11105
4.904 4.11106
4.912 4.11108
4.92 4.1111
4.928 4.11112
4.936 4.11114
4.944 4.11117
4.952 4.11119
4.96 4.11121
4.968 4.11124
4.976 4.11126
4.984 4.11129
4.992 4.11131
5 4.11134
5.008 4.11137
5.016 4.1114
5.024 4.11143
5.032 4.11146
5.04 4.11149
5.048 4.11152
5.056 4.11155
5.064 4.11159
5.072 4.11162
5.08 4.11165
5.088 4.11169
5.096 4.11173
5.104 4.11176
5.112 4.1118
5.12 4.11184
5.128 4.11188
5.136 4.11192
5.144 4.11196
5.152 4.112
5.16 4.11204
5.168 4.11208
5.176 4.11213
5.184 4.11217
5.192 4.11221
5.2 4.11226
5.208 4.11231
5.216 4.11235
5.224 4.1124
5.232 4.11245
5.24 4.1125
5.248 4.11255
5.256 4.1126
5.264 4.11265
5.272 4.1127
5.28 4.11275
5.288 4.1128
5.296 4.11285
5.304 4.11291
5.312 4.11296
5.32 4.11302
5.328 4.11307
5.336 4.11313
5.344 4.11319
5.352 4.11325
5.36 4.1133
5.368 4.11336
5.376 4.11342
5.384 4.11348
5.392 4.11354
5.4 4.11361
5.408 4.11367
5.416 4.11373
5.424 4.11379
5.432 4.11386
5.44 4.11392
5.448 4.11399
5.456 4.11405
5.464 4.11412
5.472 4.11418
5.48 4.11425
5.488 4.11432
5.496 4.11439
5.504 4.11446
5.512 4.11453
5.52 4.1146
5.528 4.11467
5.536 4.11474
5.544 4.11481
5.552 4.11488
5.56 4.11495
5.568 4.11503
5.576 4.1151
5.584 4.11518
5.592 4.11525
5.6 4.11532
5.608 4.1154
5.616 4.11548
5.624 4.11555
5.632 4.11563
5.64 4.11571
5.648 4.11579
5.656 4.11586
5.664 4.11594
5.672 4.11602
5.68 4.1161
5.688 4.11618
5.696 4.11626
5.704 4.11635
5.712 4.11643
5.72 4.11651
5.728 4.11659
5.736 4.11667
5.744 4.11676
5.752 4.11684
5.76 4.11692
5.768 4.11701
5.776 4.11709
5.784 4.11718
5.792 4.11726
5.8 4.11735
5.808 4.11744
5.816 4.11752
5.824 4.11761
5.832 4.1177
5.84 4.11779
5.848 4.11787
5.856 4.11796
5.864 4.11805
5.872 4.11814
5.88 4.11823
5.888 4.11832
5.896 4.11841
5.904 4.1185
5.912 4.11859
5.92 4.11868
5.928 4.11877
5.936 4.11886
5.944 4.11895
5.952 4.11905
5.96 4.11914
5.968 4.11923
5.976 4.11932
5.984 4.11942
5.992 4.11951
6 4.1196
6.008 4.1197
6.016 4.11979
6.024 4.11988
6.032 4.11998
6.04 4.12007
6.048 4.12017
6.056 4.12026
6.064 4.12036
6.072 4.12045
6.08 4.12055
6.088 4.12064
6.096 4.12074
6.104 4.12083
6.112 4.12093
6.12 4.12102
6.128 4.12112
6.136 4.12122
6.144 4.12131
6.152 4.12141
6.16 4.12151
6.168 4.1216
6.176 4.1217
6.184 4.1218
6.192 4.12189
6.2 4.12199
6.208 4.12209
6.216 4.12218
6.224 4.12228
6.232 4.12238
6.24 4.12248
6.248 4.12257
6.256 4.12267
6.264 4.12277
6.272 4.12286
6.28 4.12296
6.288 4.12306
6.296 4.12316
6.304 4.12325
6.312 4.12335
6.32 4.12345
6.328 4.12355
6.336 4.12364
6.344 4.12374
6.352 4.12384
6.36 4.12393
6.368 4.12403
6.376 4.12413
6.384 4.12423
6.392 4.12432
6.4 4.12442
6.408 4.12452
6.416 4.12461
6.424 4.12471
6.432 4.1248
6.44 4.1249
6.448 4.125
6.456 4.12509
6.464 4.12519
6.472 4.12528
6.48 4.12538
6.488 4.12548
6.496 4.12557
6.504 4.12567
6.512 4.12576
6.52 4.12585
6.528 4.12595
6.536 4.12604
6.544 4.12614
6.552 4.12623
6.56 4.12633
6.568 4.12642
6.576 4.12651
6.584 4.12661
6.592 4.1267
6.6 4.12679
6.608 4.12688
6.616 4.12698
6.624 4.12707
6.632 4.12716
6.64 4.12725
6.648 4.12734
6.656 4.12743
6.664 4.12752
6.672 4.12761
6.68 4.1277
6.688 4.12779
6.696 4.12788
6.704 4.12797
6.712 4.12806
6.72 4.12815
6.728 4.12824
6.736 4.12832
6.744 4.12841
6.752 4.1285
6.76 4.12859
6.768 4.12867
6.776 4.12876
6.784 4.12884
6.792 4.12893
6.8 4.12901
6.808 4.1291
6.816 4.12918
6.824 4.12927
6.832 4.12935
6.84 4.12943
6.848 4.12951
6.856 4.1296
6.864 4.12968
6.872 4.12976
6.88 4.12984
6.888 4.12992
6.896 4.13
6.904 4.13008
6.912 4.13016
6.92 4.13024
6.928 4.13031
6.936 4.13039
6.944 4.13047
6.952 4.13055
6.96 4.13062
6.968 4.1307
6.976 4.13077
6.984 4.13085
6.992 4.13092
7 4.131
7.008 4.13107
7.016 4.13114
7.024 4.13121
7.032 4.13129
7.04 4.13136
7.048 4.13143
7.056 4.1315
7.064 4.13157
7.072 4.13164
7.08 4.1317
7.088 4.13177
7.096 4.13184
7.104 4.13191
7.112 4.13197
7.12 4.13204
7.128 4.1321
7.136 4.13217
7.144 4.13223
7.152 4.13229
7.16 4.13236
7.168 4.13242
7.176 4.13248
7.184 4.13254
7.192 4.1326
7.2 4.13266
7.208 4.13272
7.216 4.13278
7.224 4.13283
7.232 4.13289
7.24 4.13295
7.248 4.133
7.256 4.13306
7.264 4.13311
7.272 4.13317
7.28 4.13322
7.288 4.13327
7.296 4.13332
7.304 4.13338
7.312 4.13343
7.32 4.13348
7.328 4.13353
7.336 4.13357
7.344 4.13362
7.352 4.13367
7.36 4.13372
7.368 4.13376
7.376 4.13381
7.384 4.13385
7.392 4.13389
7.4 4.13394
7.408 4.13398
7.416 4.13402
7.424 4.13406
7.432 4.1341
7.44 4.13414
7.448 4.13418
7.456 4.13422
7.464 4.13426
7.472 4.13429
7.48 4.13433
7.488 4.13436
7.496 4.1344
7.504 4.13443
7.512 4.13447
7.52 4.1345
7.528 4.13453
7.536 4.13456
7.544 4.13459
7.552 4.13462
7.56 4.13465
7.568 4.13468
7.576 4.1347
7.584 4.13473
7.592 4.13476
7.6 4.13478
7.608 4.1348
7.616 4.13483
7.624 4.13485
7.632 4.13487
7.64 4.13489
7.648 4.13491
7.656 4.13493
7.664 4.13495
7.672 4.13497
7.68 4.13499
7.688 4.135
7.696 4.13502
7.704 4.13503
7.712 4.13505
7.72 4.13506
7.728 4.13507
7.736 4.13509
7.744 4.1351
7.752 4.13511
7.76 4.13512
7.768 4.13512
7.776 4.13513
7.784 4.13514
7.792 4.13515
7.8 4.13515
7.808 4.13516
7.816 4.13516
7.824 4.13516
7.832 4.13517
7.84 4.13517
7.848 4.13517
7.856 4.13517
7.864 4.13517
7.872 4.13517
7.88 4.13516
7.888 4.13516
7.896 4.13516
7.904 4.13515
7.912 4.13515
7.92 4.13514
7.928 4.13513
7.936 4.13513
7.944 4.13512
7.952 4.13511
7.96 4.1351
7.968 4.13509
7.976 4.13508
7.984 4.13506
7.992 4.13505
8 4.13504
8.008 4.13502
8.016 4.13501
8.024 4.13499
8.032 4.13497
8.04 4.13496
8.048 4.13494
8.056 4.13492
8.064 4.1349
8.072 4.13488
8.08 4.13486
8.088 4.13483
8.096 4.13481
8.104 4.13479
8.112 4.13476
8.12 4.13474
8.128 4.13471
8.136 4.13469
8.144 4.13466
8.152 4.13463
8.16 4.1346
8.168 4.13457
8.176 4.13454
8.184 4.13451
8.192 4.13448
8.2 4.13444
8.208 4.13441
8.216 4.13438
8.224 4.13434
8.232 4.13431
8.24 4.13427
8.248 4.13423
8.256 4.13419
8.264 4.13416
8.272 4.13412
8.28 4.13408
8.288 4.13404
8.296 4.13399
8.304 4.13395
8.312 4.13391
8.32 4.13387
8.328 4.13382
8.336 4.13378
8.344 4.13373
8.352 4.13368
8.36 4.13364
8.368 4.13359
8.376 4.13354
8.384 4.13349
8.392 4.13344
8.4 4.13339
8.408 4.13334
8.416 4.13329
8.424 4.13324
8.432 4.13318
8.44 4.13313
8.448 4.13308
8.456 4.13302
8.464 4.13297
8.472 4.13291
8.48 4.13285
8.488 4.1328
8.496 4.13274
8.504 4.13268
8.512 4.13262
8.52 4.13256
8.528 4.1325
8.536 4.13244
8.544 4.13238
8.552 4.13231
8.56 4.13225
8.568 4.13219
8.576 4.13212
8.584 4.13206
8.592 4.13199
8.6 4.13193
8.608 4.13186
8.616 4.13179
8.624 4.13173
8.632 4.13166
8.64 4.13159
8.648 4.13152
8.656 4.13145
8.664 4.13138
8.672 4.13131
8.68 4.13124
8.688 4.13117
8.696 4.13109
8.704 4.13102
8.712 4.13095
8.72 4.13087
8.728 4.1308
8.736 4.13072
8.744 4.13065
8.752 4.13057
8.76 4.13049
8.768 4.13042
8.776 4.13034
8.784 4.13026
8.792 4.13018
8.8 4.13011
8.808 4.13003
8.816 4.12995
8.824 4.12987
8.832 4.12979
8.84 4.1297
8.848 4.12962
8.856 4.12954
8.864 4.12946
8.872 4.12938
8.88 4.12929
8.888 4.12921
8.896 4.12913
8.904 4.12904
8.912 4.12896
8.92 4.12887
8.928 4.12879
8.936 4.1287
8.944 4.12861
8.952 4.12853
8.96 4.12844
8.968 4.12835
8.976 4.12827
8.984 4.12818
8.992 4.12809
9 4.128
9.008 4.12791
9.016 4.12782
9.024 4.12773
9.032 4.12764
9.04 4.12755
9.048 4.12746
9.056 4.12737
9.064 4.12728
9.072 4.12719
9.08 4.1271
9.088 4.12701
9.096 4.12691
9.104 4.12682
9.112 4.12673
9.12 4.12664
9.128 4.12654
9.136 4.12645
9.144 4.12636
9.152 4.12626
9.16 4.12617
9.168 4.12607
9.176 4.12598
9.184 4.12589
9.192 4.12579
9.2 4.1257
9.208 4.1256
9.216 4.12551
9.224 4.12541
9.232 4.12532
9.24 4.12522
9.248 4.12512
9.256 4.12503
9.264 4.12493
9.272 4.12484
9.28 4.12474
9.288 4.12464
9.296 4.12455
9.304 4.12445
9.312 4.12435
9.32 4.12426
9.328 4.12416
9.336 4.12406
9.344 4.12397
9.352 4.12387
9.36 4.12377
9.368 4.12367
9.376 4.12358
9.384 4.12348
9.392 4.12338
9.4 4.12329
9.408 4.12319
9.416 4.12309
9.424 4.12299
9.432 4.1229
9.44 4.1228
9.448 4.1227
9.456 4.1226
9.464 4.12251
9.472 4.12241
9.48 4.12231
9.488 4.12222
9.496 4.12212
9.504 4.12202
9.512 4.12192
9.52 4.12183
9.528 4.12173
9.536 4.12163
9.544 4.12154
9.552 4.12144
9.56 4.12134
9.568 4.12125
9.576 4.12115
9.584 4.12106
9.592 4.12096
9.6 4.12086
9.608 4.12077
9.616 4.12067
9.624 4.12058
9.632 4.12048
9.64 4.12039
9.648 4.12029
9.656 4.1202
9.664 4.1201
9.672 4.12001
9.68 4.11991
9.688 4.11982
9.696 4.11973
9.704 4.11963
9.712 4.11954
9.72 4.11945
9.728 4.11935
9.736 4.11926
9.744 4.11917
9.752 4.11908
9.76 4.11898
9.768 4.11889
9.776 4.1188
9.784 4.11871
9.792 4.11862
9.8 4.11853
9.808 4.11844
9.816 4.11835
9.824 4.11826
9.832 4.11817
9.84 4.11808
9.848 4.11799
9.856 4.1179
9.864 4.11781
9.872 4.11773
9.88 4.11764
9.888 4.11755
9.896 4.11747
9.904 4.11738
9.912 4.11729
9.92 4.11721
9.928 4.11712
9.936 4.11704
9.944 4.11695
9.952 4.11687
9.96 4.11678
9.968 4.1167
9.976 4.11662
9.984 4.11654
9.992 4.11645
10 4.11637
10.008 4.11629
10.016 4.11621
10.024 4.11613
10.032 4.11605
10.04 4.11597
10.048 4.11589
10.056 4.11581
10.064 4.11573
10.072 4.11566
10.08 4.11558
10.088 4.1155
10.096 4.11543
10.104 4.11535
10.112 4.11527
10.12 4.1152
10.128 4.11513
10.136 4.11505
10.144 4.11498
10.152 4.11491
10.16 4.11483
10.168 4.11476
10.176 4.11469
10.184 4.11462
10.192 4.11455
10.2 4.11448
10.208 4.11441
10.216 4.11434
10.224 4.11427
10.232 4.11421
10.24 4.11414
10.248 4.11407
10.256 4.11401
10.264 4.11394
10.272 4.11388
10.28 4.11381
10.288 4.11375
10.296 4.11369
10.304 4.11363
10.312 4.11356
10.32 4.1135
10.328 4.11344
10.336 4.11338
10.344 4.11332
10.352 4.11326
10.36 4.11321
10.368 4.11315
10.376 4.11309
10.384 4.11304
10.392 4.11298
10.4 4.11293
10.408 4.11287
10.416 4.11282
10.424 4.11277
10.432 4.11271
10.44 4.11266
10.448 4.11261
10.456 4.11256
10.464 4.11251
10.472 4.11246
10.48 4.11241
10.488 4.11237
10.496 4.11232
10.504 4.11227
10.512 4.11223
10.52 4.11218
10.528 4.11214
10.536 4.1121
10.544 4.11205
10.552 4.11201
10.56 4.11197
10.568 4.11193
10.576 4.11189
10.584 4.11185
10.592 4.11181
10.6 4.11178
10.608 4.11174
10.616 4.1117
10.624 4.11167
10.632 4.11163
10.64 4.1116
10.648 4.11156
10.656 4.11153
10.664 4.1115
10.672 4.11147
10.68 4.11144
10.688 4.11141
10.696 4.11138
10.704 4.11135
10.712 4.11132
10.72 4.1113
10.728 4.11127
10.736 4.11125
10.744 4.11122
10.752 4.1112
10.76 4.11117
10.768 4.11115
10.776 4.11113
10.784 4.11111
10.792 4.11109
10.8 4.11107
10.808 4.11105
10.816 4.11103
10.824 4.11102
10.832 4.111
10.84 4.11099
10.848 4.11097
10.856 4.11096
10.864 4.11094
10.872 4.11093
10.88 4.11092
10.888 4.11091
10.896 4.1109
10.904 4.11089
10.912 4.11088
10.92 4.11087
10.928 4.11087
10.936 4.11086
10.944 4.11086
10.952 4.11085
10.96 4.11085
10.968 4.11085
10.976 4.11084
10.984 4.11084
10.992 4.11084
11 4.11084
11.008 4.11084
11.016 4.11084
11.024 4.11085
11.032 4.11085
11.04 4.11085
11.048 4.11086
11.056 4.11086
11.064 4.11087
11.072 4.11088
11.08 4.11088
11.088 4.11089
11.096 4.1109
11.104 4.11091
11.112 4.11092
11.12 4.11094
11.128 4.11095
11.136 4.11096
11.144 4.11098
11.152 4.11099
11.16 4.11101
11.168 4.11102
11.176 4.11104
11.184 4.11106
11.192 4.11108
11.2 4.1111
11.208 4.11112
11.216 4.11114
11.224 4.11116
11.232 4.11118
11.24 4.1112
11.248 4.11123
11.256 4.11125
11.264 4.11128
11.272 4.1113
11.28 4.11133
11.288 4.11136
11.296 4.11139
11.304 4.11142
11.312 4.11145
11.32 4.11148
11.328 4.11151
11.336 4.11154
11.344 4.11157
11.352 4.11161
11.36 4.11164
11.368 4.11168
11.376 4.11171
11.384 4.11175
11.392 4.11179
11.4 4.11182
11.408 4.11186
11.416 4.1119
11.424 4.11194
11.432 4.11198
11.44 4.11202
11.448 4.11207
11.456 4.11211
11.464 4.11215
11.472 4.1122
11.48 4.11224
11.488 4.11229
11.496 4.11233
11.504 4.11238
11.512 4.11243
11.52 4.11248
11.528 4.11253
11.536 4.11258
11.544 4.11263
11.552 4.11268
11.56 4.11273
11.568 4.11278
11.576 4.11283
11.584 4.11289
11.592 4.11294
11.6 4.113
11.608 4.11305
11.616 4.11311
11.624 4.11317
11.632 4.11322
11.64 4.11328
11.648 4.11334
11.656 4.1134
11.664 4.11346
11.672 4.11352
11.68 4.11358
11.688 4.11364
11.696 4.1137
11.704 4.11377
11.712 4.11383
11.72 4.1139
11.728 4.11396
11.736 4.11403
11.744 4.11409
11.752 4.11416
11.76 4.11422
11.768 4.11429
11.776 4.11436
11.784 4.11443
11.792 4.1145
11.8 4.11457
11.808 4.11464
11.816 4.11471
11.824 4.11478
11.832 4.11485
11.84 4.11493
11.848 4.115
11.856 4.11507
11.864 4.11515
11.872 4.11522
11.88 4.11529
11.888 4.11537
11.896 4.11545
11.904 4.11552
11.912 4.1156
11.92 4.11568
11.928 4.11575
11.936 4.11583
11.944 4.11591
11.952 4.11599
11.96 4.11607
11.968 4.11615
11.976 4.11623
11.984 4.11631
11.992 4.11639
12 4.11648
12.008 4.11656
12.016 4.11664
12.024 4.11672
12.032 4.11681
12.04 4.11689
12.048 4.11698
12.056 4.11706
12.064 4.11715
12.072 4.11723
12.08 4.11732
12.088 4.1174
12.096 4.11749
12.104 4.11758
12.112 4.11766
12.12 4.11775
12.128 4.11784
12.136 4.11793
12.144 4.11802
12.152 4.1181
12.16 4.11819
12.168 4.11828
12.176 4.11837
12.184 4.11846
12.192 4.11855
12.2 4.11864
12.208 4.11874
12.216 4.11883
12.224 4.11892
12.232 4.11901
12.24 4.1191
12.248 4.11919
12.256 4.11929
12.264 4.11938
12.272 4.11947
12.28 4.11957
12.288 4.11966
12.296 4.11975
12.304 4.11985
12.312 4.11994
12.32 4.12003
12.328 4.12013
12.336 4.12022
12.344 4.12032
12.352 4.12041
12.36 4.12051
12.368 4.1206
12.376 4.1207
12.384 4.12079
12.392 4.12089
12.4 4.12099
12.408 4.12108
12.416 4.12118
12.424 4.12127
12.432 4.12137
12.44 4.12147
12.448 4.12156
12.456 4.12166
12.464 4.12176
12.472 4.12185
12.48 4.12195
12.488 4.12205
12.496 4.12215
12.504 4.12224
12.512 4.12234
12.52 4.12244
12.528 4.12253
12.536 4.12263
12.544 4.12273
12.552 4.12283
12.56 4.12292
12.568 4.12302
12.576 4.12312
12.584 4.12322
12.592 4.12331
12.6 4.12341
12.608 4.12351
12.616 4.1236
12.624 4.1237
12.632 4.1238
12.64 4.1239
12.648 4.12399
12.656 4.12409
12.664 4.12419
12.672 4.12428
12.68 4.12438
12.688 4.12448
12.696 4.12457
12.704 4.12467
12.712 4.12477
12.72 4.12486
12.728 4.12496
12.736 4.12505
12.744 4.12515
12.752 4.12525
12.76 4.12534
12.768 4.12544
12.776 4.12553
12.784 4.12563
12.792 4.12572
12.8 4.12582
12.808 4.12591
12.816 4.12601
12.824 4.1261
12.832 4.12619
12.84 4.12629
12.848 4.12638
12.856 4.12648
12.864 4.12657
12.872 4.12666
12.88 4.12675
12.888 4.12685
12.896 4.12694
12.904 4.12703
12.912 4.12712
12.92 4.12721
12.928 4.12731
12.936 4.1274
12.944 4.12749
12.952 4.12758
12.96 4.12767
12.968 4.12776
12.976 4.12785
12.984 4.12794
12.992 4.12802
13 4.12811
13.008 4.1282
13.016 4.12829
13.024 4.12838
13.032 4.12846
13.04 4.12855
13.048 4.12864
13.056 4.12872
13.064 4.12881
13.072 4.12889
13.08 4.12898
13.088 4.12906
13.096 4.12915
13.104 4.12923
13.112 4.12932
13.12 4.1294
13.128 4.12948
13.136 4.12956
13.144 4.12965
13.152 4.12973
13.16 4.12981
13.168 4.12989
13.176 4.12997
13.184 4.13005
13.192 4.13013
13.2 4.13021
13.208 4.13028
13.216 4.13036
13.224 4.13044
13.232 4.13052
13.24 4.13059
13.248 4.13067
13.256 4.13074
13.264 4.13082
13.272 4.13089
13.28 4.13097
13.288 4.13104
13.296 4.13111
13.304 4.13118
13.312 4.13126
13.32 4.13133
13.328 4.1314
13.336 4.13147
13.344 4.13154
13.352 4.13161
13.36 4.13168
13.368 4.13174
13.376 4.13181
13.384 4.13188
13.392 4.13194
13.4 4.13201
13.408 4.13208
13.416 4.13214
13.424 4.1322
13.432 4.13227
13.44 4.13233
13.448 4.13239
13.456 4.13245
13.464 4.13252
13.472 4.13258
13.48 4.13264
13.488 4.13269
13.496 4.13275
13.504 4.13281
13.512 4.13287
13.52 4.13293
13.528 4.13298
13.536 4.13304
13.544 4.13309
13.552 4.13315
13.56 4.1332
13.568 4.13325
13.576 4.1333
13.584 4.13336
13.592 4.13341
13.6 4.13346
13.608 4.13351
13.616 4.13355
13.624 4.1336
13.632 4.13365
13.64 4.1337
13.648 4.13374
13.656 4.13379
13.664 4.13383
13.672 4.13388
13.68 4.13392
13.688 4.13396
13.696 4.13401
13.704 4.13405
13.712 4.13409
13.72 4.13413
13.728 4.13417
13.736 4.1342
13.744 4.13424
13.752 4.13428
13.76 4.13432
13.768 4.13435
13.776 4.13439
13.784 4.13442
13.792 4.13445
13.8 4.13449
13.808 4.13452
13.816 4.13455
13.824 4.13458
13.832 4.13461
13.84 4.13464
13.848 4.13467
13.856 4.13469
13.864 4.13472
13.872 4.13474
13.88 4.13477
13.888 4.13479
13.896 4.13482
13.904 4.13484
13.912 4.13486
13.92 4.13488
13.928 4.1349
13.936 4.13492
13.944 4.13494
13.952 4.13496
13.96 4.13498
13.968 4.135
13.976 4.13501
13.984 4.13503
13.992 4.13504
14 4.13506
14.008 4.13507
14.016 4.13508
14.024 4.13509
14.032 4.1351
14.04 4.13511
14.048 4.13512
14.056 4.13513
14.064 4.13514
14.072 4.13514
14.08 4.13515
14.088 4.13515
14.096 4.13516
14.104 4.13516
14.112 4.13517
14.12 4.13517
14.128 4.13517
14.136 4.13517
14.144 4.13517
14.152 4.13517
14.16 4.13517
14.168 4.13516
14.176 4.13516
14.184 4.13516
14.192 4.13515
14.2 4.13514
14.208 4.13514
14.216 4.13513
14.224 4.13512
14.232 4.13511
14.24 4.1351
14.248 4.13509
14.256 4.13508
14.264 4.13507
14.272 4.13506
14.28 4.13504
14.288 4.13503
14.296 4.13501
14.304 4.135
14.312 4.13498
14.32 4.13496
14.328 4.13495
14.336 4.13493
14.344 4.13491
14.352 4.13489
14.36 4.13487
14.368 4.13484
14.376 4.13482
14.384 4.1348
14.392 4.13477
14.4 4.13475
14.408 4.13472
14.416 4.1347
14.424 4.13467
14.432 4.13464
14.44 4.13461
14.448 4.13458
14.456 4.13455
14.464 4.13452
14.472 4.13449
14.48 4.13446
14.488 4.13442
14.496 4.13439
14.504 4.13436
14.512 4.13432
14.52 4.13428
14.528 4.13425
14.536 4.13421
14.544 4.13417
14.552 4.13413
14.56 4.13409
14.568 4.13405
14.576 4.13401
14.584 4.13397
14.592 4.13393
14.6 4.13388
14.608 4.13384
14.616 4.13379
14.624 4.13375
14.632 4.1337
14.64 4.13366
14.648 4.13361
14.656 4.13356
14.664 4.13351
14.672 4.13346
14.68 4.13341
14.688 4.13336
14.696 4.13331
14.704 4.13326
14.712 4.13321
14.72 4.13315
14.728 4.1331
14.736 4.13304
14.744 4.13299
14.752 4.13293
14.76 4.13288
14.768 4.13282
14.776 4.13276
14.784 4.1327
14.792 4.13264
14.8 4.13258
14.808 4.13252
14.816 4.13246
14.824 4.1324
14.832 4.13234
14.84 4.13228
14.848 4.13221
14.856 4.13215
14.864 4.13208
14.872 4.13202
14.88 4.13195
14.888 4.13189
14.896 4.13182
14.904 4.13175
14.912 4.13168
14.92 4.13162
14.928 4.13155
14.936 4.13148
14.944 4.13141
14.952 4.13134
14.96 4.13127
14.968 4.13119
14.976 4.13112
14.984 4.13105
14.992 4.13098
