0.006 1
0.008 1
0.01 1
0.012 1
0.014 1
0.016 1
0.018 1
0.02 1
0.022 1
0.024 1
0.026 1
0.028 1
0.03 1
0.032 1
0.034 1
0.036 1
0.038 1
0.04 1
0.042 1
0.044 1
0.046 1
0.048 1
0.05 1
0.052 1
0.054 1
0.056 1
0.058 1
0.06 1
0.062 1
0.064 1
0.066 1
0.068 1
0.07 1
0.072 1
0.074 1
0.076 1
0.078 1
0.08 1
0.082 1
0.084 1
0.086 1
0.088 1
0.09 1
0.092 1
0.094 1
0.096 1
0.098 1
0.1 1
0.102 1
0.104 1
0.106 1
0.108 1
0.11 1
0.112 1
0.114 1
0.116 1
0.118 1
0.12 1
0.122 1
0.124 1
0.126 1
0.128 1
0.13 1
0.132 1
0.134 1
0.136 1
0.138 1
0.14 1
0.142 1
0.144 1
0.146 1
0.148 1
0.15 1
0.152 1
0.154 1
0.156 1
0.158 1
0.16 1
0.162 1
0.164 1
0.166 1
0.168 1
0.17 1
0.172 1
0.174 1
0.176 1
0.178 1
0.18 1
0.182 1
0.184 1
0.186 1
0.188 1
0.19 1
0.192 1
0.194 1
0.196 1
0.198 1
0.2 1
0.202 1
0.204 1
0.206 1
0.208 1
0.21 1
0.212 1
0.214 1
0.216 1
0.218 1
0.22 1
0.222 1
0.224 1
0.226 1
0.228 1
0.23 1
0.232 1
0.234 1
0.236 1
0.238 1
0.24 1
0.242 1
0.244 1
0.246 1
0.248 1
0.25 1
0.252 1
0.254 1
0.256 1
0.258 1
0.26 1
0.262 1
0.264 1
0.266 1
0.268 1
0.27 1
0.272 1
0.274 1
0.276 1
0.278 1
0.28 1
0.282 1
0.284 1
0.286 1
0.288 1
0.29 1
0.292 1
0.294 1
0.296 1
0.298 1
0.3 1
0.302 1
0.304 1
0.306 1
0.308 1
0.31 1
0.312 1
0.314 1
0.316 1
0.318 1
0.32 1
0.322 1
0.324 1
0.326 1
0.328 1
0.33 1
0.332 1
0.334 1
0.336 1
0.338 1
0.34 1
0.342 1
0.344 1
0.346 1
0.348 1
0.35 1
0.352 1
0.354 1
0.356 1
0.358 1
0.36 1
0.362 1
0.364 1
0.366 1
0.368 1
0.37 1
0.372 1
0.374 1
0.376 1
0.378 1
0.38 1
0.382 1
0.384 1
0.386 1
0.388 1
0.39 1
0.392 1
0.394 1
0.396 1
0.398 1
0.4 1
0.402 1
0.404 1
0.406 1
0.408 1
0.41 1
0.412 1
0.414 1
0.416 1
0.418 1
0.42 1
0.422 1
0.424 1
0.426 1
0.428 1
0.43 1
0.432 1
0.434 1
0.436 1
0.438 1
0.44 1
0.442 1
0.444 1
0.446 1
0.448 1
0.45 1
0.452 1
0.454 1
0.456 1
0.458 1
0.46 1
0.462 1
0.464 1
0.466 1
0.468 1
0.47 1
0.472 1
0.474 1
0.476 1
0.478 1
0.48 1
0.482 1
0.484 1
0.486 1
0.488 1
0.49 1
0.492 1
0.494 1
0.496 1
0.498 1
0.5 1
0.502 1
0.504 1
0.506 1
0.508 1
0.51 1
0.512 1
0.514 1
0.516 1
0.518 1
0.52 1
0.522 1
0.524 1
0.526 1
0.528 1
0.53 1
0.532 1
0.534 1
0.536 1
0.538 1
0.54 1
0.542 1
0.544 1
0.546 1
0.548 1
0.55 1
0.552 1
0.554 1
0.556 1
0.558 1
0.56 1
0.562 1
0.564 1
0.566 1
0.568 1
0.57 1
0.572 1
0.574 1
0.576 1
0.578 1
0.58 1
0.582 1
0.584 1
0.586 1
0.588 1
0.59 1
0.592 1
0.594 1
0.596 1
0.598 1
0.6 1
0.602 1
0.604 1
0.606 1
0.608 1
0.61 1
0.612 1
0.614 1
0.616 1
0.618 1
0.62 1
0.622 1
0.624 1
0.626 1
0.628 1
0.63 1
0.632 1
0.634 1
0.636 1
0.638 1
0.64 1
0.642 1
0.644 1
0.646 1
0.648 1
0.65 1
0.652 1
0.654 1
0.656 1
0.658 1
0.66 1
0.662 1
0.664 1
0.666 1
0.668 1
0.67 1
0.672 1
0.674 1
0.676 1
0.678 1
0.68 1
0.682 1
0.684 1
0.686 1
0.688 1
0.69 1
0.692 1
0.694 1
0.696 1
0.698 1
0.7 1
0.702 1
0.704 1
0.706 1
0.708 1
0.71 1
0.712 1
0.714 1
0.716 1
0.718 1
0.72 1
0.722 1
0.724 1
0.726 1
0.728 1
0.73 1
0.732 1
0.734 1
0.736 1
0.738 1
0.74 1
0.742 1
0.744 1
0.746 1
0.748 1
0.75 1
0.752 1
0.754 1
0.756 1
0.758 1
0.76 1
0.762 1
0.764 1
0.766 1
0.768 1
0.77 1
0.772 1
0.774 1
0.776 1
0.778 1
0.78 1
0.782 1
0.784 1
0.786 1
0.788 1
0.79 1
0.792 1
0.794 1
0.796 1
0.798 1
0.8 1
0.802 1
0.804 1
0.806 1
0.808 1
0.81 1
0.812 1
0.814 1
0.816 1
0.818 1
0.82 1
0.822 1
0.824 1
0.826 1
0.828 1
0.83 1
0.832 1
0.834 1
0.836 1
0.838 1
0.84 1
0.842 1
0.844 1
0.846 1
0.848 1
0.85 1
0.852 1
0.854 1
0.856 1
0.858 1
0.86 1
0.862 1
0.864 1
0.866 1
0.868 1
0.87 1
0.872 1
0.874 1
0.876 1
0.878 1
0.88 1
0.882 1
0.884 1
0.886 1
0.888 1
0.89 1
0.892 1
0.894 1
0.896 1
0.898 1
0.9 1
0.902 1
0.904 1
0.906 1
0.908 1
0.91 1
0.912 1
0.914 1
0.916 1
0.918 1
0.92 1
0.922 1
0.924 1
0.926 1
0.928 1
0.93 1
0.932 1
0.934 1
0.936 1
0.938 1
0.94 1
0.942 1
0.944 1
0.946 1
0.948 1
0.95 1
0.952 1
0.954 1
0.956 1
0.958 1
0.96 1
0.962 1
0.964 1
0.966 1
0.968 1
0.97 1
0.972 1
0.974 1
0.976 1
0.978 1
0.98 1
0.982 1
0.984 1
0.986 1
0.988 1
0.99 1
0.992 1
0.994 1
0.996 1
0.998 1
1 1
1.002 1
1.004 1
1.006 1
1.008 1
1.01 1
1.012 1
1.014 1
1.016 1
1.018 1
1.02 1
1.022 1
1.024 1
1.026 1
1.028 1
1.03 1
1.032 1
1.034 1
1.036 1
1.038 1
1.04 1
1.042 1
1.044 1
1.046 1
1.048 1
1.05 1
1.052 1
1.054 1
1.056 1
1.058 1
1.06 1
1.062 1
1.064 1
1.066 1
1.068 1
1.07 1
1.072 1
1.074 1
1.076 1
1.078 1
1.08 1
1.082 1
1.084 1
1.086 1
1.088 1
1.09 1
1.092 1
1.094 1
1.096 1
1.098 1
1.1 1
1.102 1
1.104 1
1.106 1
1.108 1
1.11 1
1.112 1
1.114 1
1.116 1
1.118 1
1.12 1
1.122 1
1.124 1
1.126 1
1.128 1
1.13 1
1.132 1
1.134 1
1.136 1
1.138 1
1.14 1
1.142 1
1.144 1
1.146 1
1.148 1
1.15 1
1.152 1
1.154 1
1.156 1
1.158 1
1.16 1
1.162 1
1.164 1
1.166 1
1.168 1
1.17 1
1.172 1
1.174 1
1.176 1
1.178 1
1.18 1
1.182 1
1.184 1
1.186 1
1.188 1
1.19 1
1.192 1
1.194 1
1.196 1
1.198 1
1.2 1
1.202 1
1.204 1
1.206 1
1.208 1
1.21 1
1.212 1
1.214 1
1.216 1
1.218 1
1.22 1
1.222 1
1.224 1
1.226 1
1.228 1
1.23 1
1.232 1
1.234 1
1.236 1
1.238 1
1.24 1
1.242 1
1.244 1
1.246 1
1.248 1
1.25 1
1.252 1
1.254 1
1.256 1
1.258 1
1.26 1
1.262 1
1.264 1
1.266 1
1.268 1
1.27 1
1.272 1
1.274 1
1.276 1
1.278 1
1.28 1
1.282 1
1.284 1
1.286 1
1.288 1
1.29 1
1.292 1
1.294 1
1.296 1
1.298 1
1.3 1
1.302 1
1.304 1
1.306 1
1.308 1
1.31 1
1.312 1
1.314 1
1.316 1
1.318 1
1.32 1
1.322 1
1.324 1
1.326 1
1.328 1
1.33 1
1.332 1
1.334 1
1.336 1
1.338 1
1.34 1
1.342 1
1.344 1
1.346 1
1.348 1
1.35 1
1.352 1
1.354 1
1.356 1
1.358 1
1.36 1
1.362 1
1.364 1
1.366 1
1.368 1
1.37 1
1.372 1
1.374 1
1.376 1
1.378 1
1.38 1
1.382 1
1.384 1
1.386 1
1.388 1
1.39 1
1.392 1
1.394 1
1.396 1
1.398 1
1.4 1
1.402 1
1.404 1
1.406 1
1.408 1
1.41 1
1.412 1
1.414 1
1.416 1
1.418 1
1.42 1
1.422 1
1.424 1
1.426 1
1.428 1
1.43 1
1.432 1
1.434 1
1.436 1
1.438 1
1.44 1
1.442 1
1.444 1
1.446 1
1.448 1
1.45 1
1.452 1
1.454 1
1.456 1
1.458 1
1.46 1
1.462 1
1.464 1
1.466 1
1.468 1
1.47 1
1.472 1
1.474 1
1.476 1
1.478 1
1.48 1
1.482 1
1.484 1
1.486 1
1.488 1
1.49 1
1.492 1
1.494 1
1.496 1
1.498 1
1.5 1
1.502 1
1.504 1
1.506 1
1.508 1
1.51 1
1.512 1
1.514 1
1.516 1
1.518 1
1.52 1
1.522 1
1.524 1
1.526 1
1.528 1
1.53 1
1.532 1
1.534 1
1.536 1
1.538 1
1.54 1
1.542 1
1.544 1
1.546 1
1.548 1
1.55 1
1.552 1
1.554 1
1.556 1
1.558 1
1.56 1
1.562 1
1.564 1
1.566 1
1.568 1
1.57 1
1.572 1
1.574 1
1.576 1
1.578 1
1.58 1
1.582 1
1.584 1
1.586 1
1.588 1
1.59 1
1.592 1
1.594 1
1.596 1
1.598 1
1.6 1
1.602 1
1.604 1
1.606 1
1.608 1
1.61 1
1.612 1
1.614 1
1.616 1
1.618 1
1.62 1
1.622 1
1.624 1
1.626 1
1.628 1
1.63 1
1.632 1
1.634 1
1.636 1
1.638 1
1.64 1
1.642 1
1.644 1
1.646 1
1.648 1
1.65 1
1.652 1
1.654 1
1.656 1
1.658 1
1.66 1
1.662 1
1.664 1
1.666 1
1.668 1
1.67 1
1.672 1
1.674 1
1.676 1
1.678 1
1.68 1
1.682 1
1.684 1
1.686 1
1.688 1
1.69 1
1.692 1
1.694 1
1.696 1
1.698 1
1.7 1
1.702 1
1.704 1
1.706 1
1.708 1
1.71 1
1.712 1
1.714 1
1.716 1
1.718 1
1.72 1
1.722 1
1.724 1
1.726 1
1.728 1
1.73 1
1.732 1
1.734 1
1.736 1
1.738 1
1.74 1
1.742 1
1.744 1
1.746 1
1.748 1
1.75 1
1.752 1
1.754 1
1.756 1
1.758 1
1.76 1
1.762 1
1.764 1
1.766 1
1.768 1
1.77 1
1.772 1
1.774 1
1.776 1
1.778 1
1.78 1
1.782 1
1.784 1
1.786 1
1.788 1
1.79 1
1.792 1
1.794 1
1.796 1
1.798 1
1.8 1
1.802 1
1.804 1
1.806 1
1.808 1
1.81 1
1.812 1
1.814 1
1.816 1
1.818 1
1.82 1
1.822 1
1.824 1
1.826 1
1.828 1
1.83 1
1.832 1
1.834 1
1.836 1
1.838 1
1.84 1
1.842 1
1.844 1
1.846 1
1.848 1
1.85 1
1.852 1
1.854 1
1.856 1
1.858 1
1.86 1
1.862 1
1.864 1
1.866 1
1.868 1
1.87 1
1.872 1
1.874 1
1.876 1
1.878 1
1.88 1
1.882 1
1.884 1
1.886 1
1.888 1
1.89 1
1.892 1
1.894 1
1.896 1
1.898 1
1.9 1
1.902 1
1.904 1
1.906 1
1.908 1
1.91 1
1.912 1
1.914 1
1.916 1
1.918 1
1.92 1
1.922 1
1.924 1
1.926 1
1.928 1
1.93 1
1.932 1
1.934 1
1.936 1
1.938 1
1.94 1
1.942 1
1.944 1
1.946 1
1.948 1
1.95 1
1.952 1
1.954 1
1.956 1
1.958 1
1.96 1
1.962 1
1.964 1
1.966 1
1.968 1
1.97 1
1.972 1
1.974 1
1.976 1
1.978 1
1.98 1
1.982 1
1.984 1
1.986 1
1.988 1
1.99 1
1.992 1
1.994 1
1.996 1
1.998 1
2 1
2.002 1
2.004 1
2.006 1
2.008 1
2.01 1
2.012 1
2.014 1
2.016 1
2.018 1
2.02 1
2.022 1
2.024 1
2.026 1
2.028 1
2.03 1
2.032 1
2.034 1
2.036 1
2.038 1
2.04 1
2.042 1
2.044 1
2.046 1
2.048 1
2.05 1
2.052 1
2.054 1
2.056 1
2.058 1
2.06 1
2.062 1
2.064 1
2.066 1
2.068 1
2.07 1
2.072 1
2.074 1
2.076 1
2.078 1
2.08 1
2.082 1
2.084 1
2.086 1
2.088 1
2.09 1
2.092 1
2.094 1
2.096 1
2.098 1
2.1 1
2.102 1
2.104 1
2.106 1
2.108 1
2.11 1
2.112 1
2.114 1
2.116 1
2.118 1
2.12 1
2.122 1
2.124 1
2.126 1
2.128 1
2.13 1
2.132 1
2.134 1
2.136 1
2.138 1
2.14 1
2.142 1
2.144 1
2.146 1
2.148 1
2.15 1
2.152 1
2.154 1
2.156 1
2.158 1
2.16 1
2.162 1
2.164 1
2.166 1
2.168 1
2.17 1
2.172 1
2.174 1
2.176 1
2.178 1
2.18 1
2.182 1
2.184 1
2.186 1
2.188 1
2.19 1
2.192 1
2.194 1
2.196 1
2.198 1
2.2 1
2.202 1
2.204 1
2.206 1
2.208 1
2.21 1
2.212 1
2.214 1
2.216 1
2.218 1
2.22 1
2.222 1
2.224 1
2.226 1
2.228 1
2.23 1
2.232 1
2.234 1
2.236 1
2.238 1
2.24 1
2.242 1
2.244 1
2.246 1
2.248 1
2.25 1
2.252 1
2.254 1
2.256 1
2.258 1
2.26 1
2.262 1
2.264 1
2.266 1
2.268 1
2.27 1
2.272 1
2.274 1
2.276 1
2.278 1
2.28 1
2.282 1
2.284 1
2.286 1
2.288 1
2.29 1
2.292 1
2.294 1
2.296 1
2.298 1
2.3 1
2.302 1
2.304 1
2.306 1
2.308 1
2.31 1
2.312 1
2.314 1
2.316 1
2.318 1
2.32 1
2.322 1
2.324 1
2.326 1
2.328 1
2.33 1
2.332 1
2.334 1
2.336 1
2.338 1
2.34 1
2.342 1
2.344 1
2.346 1
2.348 1
2.35 1
2.352 1
2.354 1
2.356 1
2.358 1
2.36 1
2.362 1
2.364 1
2.366 1
2.368 1
2.37 1
2.372 1
2.374 1
2.376 1
2.378 1
2.38 1
2.382 1
2.384 1
2.386 1
2.388 1
2.39 1
2.392 1
2.394 1
2.396 1
2.398 1
2.4 1
2.402 1
2.404 1
2.406 1
2.408 1
2.41 1
2.412 1
2.414 1
2.416 1
2.418 1
2.42 1
2.422 1
2.424 1
2.426 1
2.428 1
2.43 1
2.432 1
2.434 1
2.436 1
2.438 1
2.44 1
2.442 1
2.444 1
2.446 1
2.448 1
2.45 1
2.452 1
2.454 1
2.456 1
2.458 1
2.46 1
2.462 1
2.464 1
2.466 1
2.468 1
2.47 1
2.472 1
2.474 1
2.476 1
2.478 1
2.48 1
2.482 1
2.484 1
2.486 1
2.488 1
2.49 1
2.492 1
2.494 1
2.496 1
2.498 1
2.5 1
2.502 1
2.504 1
2.506 1
2.508 1
2.51 1
2.512 1
2.514 1
2.516 1
2.518 1
2.52 1
2.522 1
2.524 1
2.526 1
2.528 1
2.53 1
2.532 1
2.534 1
2.536 1
2.538 1
2.54 1
2.542 1
2.544 1
2.546 1
2.548 1
2.55 1
2.552 1
2.554 1
2.556 1
2.558 1
2.56 1
2.562 1
2.564 1
2.566 1
2.568 1
2.57 1
2.572 1
2.574 1
2.576 1
2.578 1
2.58 1
2.582 1
2.584 1
2.586 1
2.588 1
2.59 1
2.592 1
2.594 1
2.596 1
2.598 1
2.6 1
2.602 1
2.604 1
2.606 1
2.608 1
2.61 1
2.612 1
2.614 1
2.616 1
2.618 1
2.62 1
2.622 1
2.624 1
2.626 1
2.628 1
2.63 1
2.632 1
2.634 1
2.636 1
2.638 1
2.64 1
2.642 1
2.644 1
2.646 1
2.648 1
2.65 1
2.652 1
2.654 1
2.656 1
2.658 1
2.66 1
2.662 1
2.664 1
2.666 1
2.668 1
2.67 1
2.672 1
2.674 1
2.676 1
2.678 1
2.68 1
2.682 1
2.684 1
2.686 1
2.688 1
2.69 1
2.692 1
2.694 1
2.696 1
2.698 1
2.7 1
2.702 1
2.704 1
2.706 1
2.708 1
2.71 1
2.712 1
2.714 1
2.716 1
2.718 1
2.72 1
2.722 1
2.724 1
2.726 1
2.728 1
2.73 1
2.732 1
2.734 1
2.736 1
2.738 1
2.74 1
2.742 1
2.744 1
2.746 1
2.748 1
2.75 1
2.752 1
2.754 1
2.756 1
2.758 1
2.76 1
2.762 1
2.764 1
2.766 1
2.768 1
2.77 1
2.772 1
2.774 1
2.776 1
2.778 1
2.78 1
2.782 1
2.784 1
2.786 1
2.788 1
2.79 1
2.792 1
2.794 1
2.796 1
2.798 1
2.8 1
2.802 1
2.804 1
2.806 1
2.808 1
2.81 1
2.812 1
2.814 1
2.816 1
2.818 1
2.82 1
2.822 1
2.824 1
2.826 1
2.828 1
2.83 1
2.832 1
2.834 1
2.836 1
2.838 1
2.84 1
2.842 1
2.844 1
2.846 1
2.848 1
2.85 1
2.852 1
2.854 1
2.856 1
2.858 1
2.86 1
2.862 1
2.864 1
2.866 1
2.868 1
2.87 1
2.872 1
2.874 1
2.876 1
2.878 1
2.88 1
2.882 1
2.884 1
2.886 1
2.888 1
2.89 1
2.892 1
2.894 1
2.896 1
2.898 1
2.9 1
2.902 1
2.904 1
2.906 1
2.908 1
2.91 1
2.912 1
2.914 1
2.916 1
2.918 1
2.92 1
2.922 1
2.924 1
2.926 1
2.928 1
2.93 1
2.932 1
2.934 1
2.936 1
2.938 1
2.94 1
2.942 1
2.944 1
2.946 1
2.948 1
2.95 1
2.952 1
2.954 1
2.956 1
2.958 1
2.96 1
2.962 1
2.964 1
2.966 1
2.968 1
2.97 1
2.972 1
2.974 1
2.976 1
2.978 1
2.98 1
2.982 1
2.984 1
2.986 1
2.988 1
2.99 1
2.992 1
2.994 1
2.996 1
2.998 1
3 1
3.002 1
3.004 1
3.006 1
3.008 1
3.01 1
3.012 1
3.014 1
3.016 1
3.018 1
3.02 1
3.022 1
3.024 1
3.026 1
3.028 1
3.03 1
3.032 1
3.034 1
3.036 1
3.038 1
3.04 1
3.042 1
3.044 1
3.046 1
3.048 1
3.05 1
3.052 1
3.054 1
3.056 1
3.058 1
3.06 1
3.062 1
3.064 1
3.066 1
3.068 1
3.07 1
3.072 1
3.074 1
3.076 1
3.078 1
3.08 1
3.082 1
3.084 1
3.086 1
3.088 1
3.09 1
3.092 1
3.094 1
3.096 1
3.098 1
3.1 1
3.102 1
3.104 1
3.106 1
3.108 1
3.11 1
3.112 1
3.114 1
3.116 1
3.118 1
3.12 1
3.122 1
3.124 1
3.126 1
3.128 1
3.13 1
3.132 1
3.134 1
3.136 1
3.138 1
3.14 1
3.142 1
3.144 1
3.146 1
3.148 1
3.15 1
3.152 1
3.154 1
3.156 1
3.158 1
3.16 1
3.162 1
3.164 1
3.166 1
3.168 1
3.17 1
3.172 1
3.174 1
3.176 1
3.178 1
3.18 1
3.182 1
3.184 1
3.186 1
3.188 1
3.19 1
3.192 1
3.194 1
3.196 1
3.198 1
3.2 1
3.202 1
3.204 1
3.206 1
3.208 1
3.21 1
3.212 1
3.214 1
3.216 1
3.218 1
3.22 1
3.222 1
3.224 1
3.226 1
3.228 1
3.23 1
3.232 1
3.234 1
3.236 1
3.238 1
3.24 1
3.242 1
3.244 1
3.246 1
3.248 1
3.25 1
3.252 1
3.254 1
3.256 1
3.258 1
3.26 1
3.262 1
3.264 1
3.266 1
3.268 1
3.27 1
3.272 1
3.274 1
3.276 1
3.278 1
3.28 1
3.282 1
3.284 1
3.286 1
3.288 1
3.29 1
3.292 1
3.294 1
3.296 1
3.298 1
3.3 1
3.302 1
3.304 1
3.306 1
3.308 1
3.31 1
3.312 1
3.314 1
3.316 1
3.318 1
3.32 1
3.322 1
3.324 1
3.326 1
3.328 1
3.33 1
3.332 1
3.334 1
3.336 1
3.338 1
3.34 1
3.342 1
3.344 1
3.346 1
3.348 1
3.35 1
3.352 1
3.354 1
3.356 1
3.358 1
3.36 1
3.362 1
3.364 1
3.366 1
3.368 1
3.37 1
3.372 1
3.374 1
3.376 1
3.378 1
3.38 1
3.382 1
3.384 1
3.386 1
3.388 1
3.39 1
3.392 1
3.394 1
3.396 1
3.398 1
3.4 1
3.402 1
3.404 1
3.406 1
3.408 1
3.41 1
3.412 1
3.414 1
3.416 1
3.418 1
3.42 1
3.422 1
3.424 1
3.426 1
3.428 1
3.43 1
3.432 1
3.434 1
3.436 1
3.438 1
3.44 1
3.442 1
3.444 1
3.446 1
3.448 1
3.45 1
3.452 1
3.454 1
3.456 1
3.458 1
3.46 1
3.462 1
3.464 1
3.466 1
3.468 1
3.47 1
3.472 1
3.474 1
3.476 1
3.478 1
3.48 1
3.482 1
3.484 1
3.486 1
3.488 1
3.49 1
3.492 1
3.494 1
3.496 1
3.498 1
3.5 1
3.502 1
3.504 1
3.506 1
3.508 1
3.51 1
3.512 1
3.514 1
3.516 1
3.518 1
3.52 1
3.522 1
3.524 1
3.526 1
3.528 1
3.53 1
3.532 1
3.534 1
3.536 1
3.538 1
3.54 1
3.542 1
3.544 1
3.546 1
3.548 1
3.55 1
3.552 1
3.554 1
3.556 1
3.558 1
3.56 1
3.562 1
3.564 1
3.566 1
3.568 1
3.57 1
3.572 1
3.574 1
3.576 1
3.578 1
3.58 1
3.582 1
3.584 1
3.586 1
3.588 1
3.59 1
3.592 1
3.594 1
3.596 1
3.598 1
3.6 1
3.602 1
3.604 1
3.606 1
3.608 1
3.61 1
3.612 1
3.614 1
3.616 1
3.618 1
3.62 1
3.622 1
3.624 1
3.626 1
3.628 1
3.63 1
3.632 1
3.634 1
3.636 1
3.638 1
3.64 1
3.642 1
3.644 1
3.646 1
3.648 1
3.65 1
3.652 1
3.654 1
3.656 1
3.658 1
3.66 1
3.662 1
3.664 1
3.666 1
3.668 1
3.67 1
3.672 1
3.674 1
3.676 1
3.678 1
3.68 1
3.682 1
3.684 1
3.686 1
3.688 1
3.69 1
3.692 1
3.694 1
3.696 1
3.698 1
3.7 1
3.702 1
3.704 1
3.706 1
3.708 1
3.71 1
3.712 1
3.714 1
3.716 1
3.718 1
3.72 1
3.722 1
3.724 1
3.726 1
3.728 1
3.73 1
3.732 1
3.734 1
3.736 1
3.738 1
3.74 1
3.742 1
3.744 1
3.746 1
3.748 1
3.75 1
3.752 1
3.754 1
3.756 1
3.758 1
3.76 1
3.762 1
3.764 1
3.766 1
3.768 1
3.77 1
3.772 1
3.774 1
3.776 1
3.778 1
3.78 1
3.782 1
3.784 1
3.786 1
3.788 1
3.79 1
3.792 1
3.794 1
3.796 1
3.798 1
3.8 1
3.802 1
3.804 1
3.806 1
3.808 1
3.81 1
3.812 1
3.814 1
3.816 1
3.818 1
3.82 1
3.822 1
3.824 1
3.826 1
3.828 1
3.83 1
3.832 1
3.834 1
3.836 1
3.838 1
3.84 1
3.842 1
3.844 1
3.846 1
3.848 1
3.85 1
3.852 1
3.854 1
3.856 1
3.858 1
3.86 1
3.862 1
3.864 1
3.866 1
3.868 1
3.87 1
3.872 1
3.874 1
3.876 1
3.878 1
3.88 1
3.882 1
3.884 1
3.886 1
3.888 1
3.89 1
3.892 1
3.894 1
3.896 1
3.898 1
3.9 1
3.902 1
3.904 1
3.906 1
3.908 1
3.91 1
3.912 1
3.914 1
3.916 1
3.918 1
3.92 1
3.922 1
3.924 1
3.926 1
3.928 1
3.93 1
3.932 1
3.934 1
3.936 1
3.938 1
3.94 1
3.942 1
3.944 1
3.946 1
3.948 1
3.95 1
3.952 1
3.954 1
3.956 1
3.958 1
3.96 1
3.962 1
3.964 1
3.966 1
3.968 1
3.97 1
3.972 1
3.974 1
3.976 1
3.978 1
3.98 1
3.982 1
3.984 1
3.986 1
3.988 1
3.99 1
3.992 1
3.994 1
3.996 1
3.998 1
4 1
4.002 1
4.004 1
4.006 1
4.008 1
4.01 1
4.012 1
4.014 1
4.016 1
4.018 1
4.02 1
4.022 1
4.024 1
4.026 1
4.028 1
4.03 1
4.032 1
4.034 1
4.036 1
4.038 1
4.04 1
4.042 1
4.044 1
4.046 1
4.048 1
4.05 1
4.052 1
4.054 1
4.056 1
4.058 1
4.06 1
4.062 1
4.064 1
4.066 1
4.068 1
4.07 1
4.072 1
4.074 1
4.076 1
4.078 1
4.08 1
4.082 1
4.084 1
4.086 1
4.088 1
4.09 1
4.092 1
4.094 1
4.096 1
4.098 1
4.1 1
4.102 1
4.104 1
4.106 1
4.108 1
4.11 1
4.112 1
4.114 1
4.116 1
4.118 1
4.12 1
4.122 1
4.124 1
4.126 1
4.128 1
4.13 1
4.132 1
4.134 1
4.136 1
4.138 1
4.14 1
4.142 1
4.144 1
4.146 1
4.148 1
4.15 1
4.152 1
4.154 1
4.156 1
4.158 1
4.16 1
4.162 1
4.164 1
4.166 1
4.168 1
4.17 1
4.172 1
4.174 1
4.176 1
4.178 1
4.18 1
4.182 1
4.184 1
4.186 1
4.188 1
4.19 1
4.192 1
4.194 1
4.196 1
4.198 1
4.2 1
4.202 1
4.204 1
4.206 1
4.208 1
4.21 1
4.212 1
4.214 1
4.216 1
4.218 1
4.22 1
4.222 1
4.224 1
4.226 1
4.228 1
4.23 1
4.232 1
4.234 1
4.236 1
4.238 1
4.24 1
4.242 1
4.244 1
4.246 1
4.248 1
4.25 1
4.252 1
4.254 1
4.256 1
4.258 1
4.26 1
4.262 1
4.264 1
4.266 1
4.268 1
4.27 1
4.272 1
4.274 1
4.276 1
4.278 1
4.28 1
4.282 1
4.284 1
4.286 1
4.288 1
4.29 1
4.292 1
4.294 1
4.296 1
4.298 1
4.3 1
4.302 1
4.304 1
4.306 1
4.308 1
4.31 1
4.312 1
4.314 1
4.316 1
4.318 1
4.32 1
4.322 1
4.324 1
4.326 1
4.328 1
4.33 1
4.332 1
4.334 1
4.336 1
4.338 1
4.34 1
4.342 1
4.344 1
4.346 1
4.348 1
4.35 1
4.352 1
4.354 1
4.356 1
4.358 1
4.36 1
4.362 1
4.364 1
4.366 1
4.368 1
4.37 1
4.372 1
4.374 1
4.376 1
4.378 1
4.38 1
4.382 1
4.384 1
4.386 1
4.388 1
4.39 1
4.392 1
4.394 1
4.396 1
4.398 1
4.4 1
4.402 1
4.404 1
4.406 1
4.408 1
4.41 1
4.412 1
4.414 1
4.416 1
4.418 1
4.42 1
4.422 1
4.424 1
4.426 1
4.428 1
4.43 1
4.432 1
4.434 1
4.436 1
4.438 1
4.44 1
4.442 1
4.444 1
4.446 1
4.448 1
4.45 1
4.452 1
4.454 1
4.456 1
4.458 1
4.46 1
4.462 1
4.464 1
4.466 1
4.468 1
4.47 1
4.472 1
4.474 1
4.476 1
4.478 1
4.48 1
4.482 1
4.484 1
4.486 1
4.488 1
4.49 1
4.492 1
4.494 1
4.496 1
4.498 1
4.5 1
4.502 1
4.504 1
4.506 1
4.508 1
4.51 1
4.512 1
4.514 1
4.516 1
4.518 1
4.52 1
4.522 1
4.524 1
4.526 1
4.528 1
4.53 1
4.532 1
4.534 1
4.536 1
4.538 1
4.54 1
4.542 1
4.544 1
4.546 1
4.548 1
4.55 1
4.552 1
4.554 1
4.556 1
4.558 1
4.56 1
4.562 1
4.564 1
4.566 1
4.568 1
4.57 1
4.572 1
4.574 1
4.576 1
4.578 1
4.58 1
4.582 1
4.584 1
4.586 1
4.588 1
4.59 1
4.592 1
4.594 1
4.596 1
4.598 1
4.6 1
4.602 1
4.604 1
4.606 1
4.608 1
4.61 1
4.612 1
4.614 1
4.616 1
4.618 1
4.62 1
4.622 1
4.624 1
4.626 1
4.628 1
4.63 1
4.632 1
4.634 1
4.636 1
4.638 1
4.64 1
4.642 1
4.644 1
4.646 1
4.648 1
4.65 1
4.652 1
4.654 1
4.656 1
4.658 1
4.66 1
4.662 1
4.664 1
4.666 1
4.668 1
4.67 1
4.672 1
4.674 1
4.676 1
4.678 1
4.68 1
4.682 1
4.684 1
4.686 1
4.688 1
4.69 1
4.692 1
4.694 1
4.696 1
4.698 1
4.7 1
4.702 1
4.704 1
4.706 1
4.708 1
4.71 1
4.712 1
4.714 1
4.716 1
4.718 1
4.72 1
4.722 1
4.724 1
4.726 1
4.728 1
4.73 1
4.732 1
4.734 1
4.736 1
4.738 1
4.74 1
4.742 1
4.744 1
4.746 1
4.748 1
4.75 1
4.752 1
4.754 1
4.756 1
4.758 1
4.76 1
4.762 1
4.764 1
4.766 1
4.768 1
4.77 1
4.772 1
4.774 1
4.776 1
4.778 1
4.78 1
4.782 1
4.784 1
4.786 1
4.788 1
4.79 1
4.792 1
4.794 1
4.796 1
4.798 1
4.8 1
4.802 1
4.804 1
4.806 1
4.808 1
4.81 1
4.812 1
4.814 1
4.816 1
4.818 1
4.82 1
4.822 1
4.824 1
4.826 1
4.828 1
4.83 1
4.832 1
4.834 1
4.836 1
4.838 1
4.84 1
4.842 1
4.844 1
4.846 1
4.848 1
4.85 1
4.852 1
4.854 1
4.856 1
4.858 1
4.86 1
4.862 1
4.864 1
4.866 1
4.868 1
4.87 1
4.872 1
4.874 1
4.876 1
4.878 1
4.88 1
4.882 1
4.884 1
4.886 1
4.888 1
4.89 1
4.892 1
4.894 1
4.896 1
4.898 1
4.9 1
4.902 1
4.904 1
4.906 1
4.908 1
4.91 1
4.912 1
4.914 1
4.916 1
4.918 1
4.92 1
4.922 1
4.924 1
4.926 1
4.928 1
4.93 1
4.932 1
4.934 1
4.936 1
4.938 1
4.94 1
4.942 1
4.944 1
4.946 1
4.948 1
4.95 1
4.952 1
4.954 1
4.956 1
4.958 1
4.96 1
4.962 1
4.964 1
4.966 1
4.968 1
4.97 1
4.972 1
4.974 1
4.976 1
4.978 1
4.98 1
4.982 1
4.984 1
4.986 1
4.988 1
4.99 1
4.992 1
4.994 1
4.996 1
4.998 1
5 1
5.002 1
5.004 1
5.006 1
5.008 1
5.01 1
5.012 1
5.014 1
5.016 1
5.018 1
5.02 1
5.022 1
5.024 1
5.026 1
5.028 1
5.03 1
5.032 1
5.034 1
5.036 1
5.038 1
5.04 1
5.042 1
5.044 1
5.046 1
5.048 1
5.05 1
5.052 1
5.054 1
5.056 1
5.058 1
5.06 1
5.062 1
5.064 1
5.066 1
5.068 1
5.07 1
5.072 1
5.074 1
5.076 1
5.078 1
5.08 1
5.082 1
5.084 1
5.086 1
5.088 1
5.09 1
5.092 1
5.094 1
5.096 1
5.098 1
5.1 1
5.102 1
5.104 1
5.106 1
5.108 1
5.11 1
5.112 1
5.114 1
5.116 1
5.118 1
5.12 1
5.122 1
5.124 1
5.126 1
5.128 1
5.13 1
5.132 1
5.134 1
5.136 1
5.138 1
5.14 1
5.142 1
5.144 1
5.146 1
5.148 1
5.15 1
5.152 1
5.154 1
5.156 1
5.158 1
5.16 1
5.162 1
5.164 1
5.166 1
5.168 1
5.17 1
5.172 1
5.174 1
5.176 1
5.178 1
5.18 1
5.182 1
5.184 1
5.186 1
5.188 1
5.19 1
5.192 1
5.194 1
5.196 1
5.198 1
5.2 1
5.202 1
5.204 1
5.206 1
5.208 1
5.21 1
5.212 1
5.214 1
5.216 1
5.218 1
5.22 1
5.222 1
5.224 1
5.226 1
5.228 1
5.23 1
5.232 1
5.234 1
5.236 1
5.238 1
5.24 1
5.242 1
5.244 1
5.246 1
5.248 1
5.25 1
5.252 1
5.254 1
5.256 1
5.258 1
5.26 1
5.262 1
5.264 1
5.266 1
5.268 1
5.27 1
5.272 1
5.274 1
5.276 1
5.278 1
5.28 1
5.282 1
5.284 1
5.286 1
5.288 1
5.29 1
5.292 1
5.294 1
5.296 1
5.298 1
5.3 1
5.302 1
5.304 1
5.306 1
5.308 1
5.31 1
5.312 1
5.314 1
5.316 1
5.318 1
5.32 1
5.322 1
5.324 1
5.326 1
5.328 1
5.33 1
5.332 1
5.334 1
5.336 1
5.338 1
5.34 1
5.342 1
5.344 1
5.346 1
5.348 1
5.35 1
5.352 1
5.354 1
5.356 1
5.358 1
5.36 1
5.362 1
5.364 1
5.366 1
5.368 1
5.37 1
5.372 1
5.374 1
5.376 1
5.378 1
5.38 1
5.382 1
5.384 1
5.386 1
5.388 1
5.39 1
5.392 1
5.394 1
5.396 1
5.398 1
5.4 1
5.402 1
5.404 1
5.406 1
5.408 1
5.41 1
5.412 1
5.414 1
5.416 1
5.418 1
5.42 1
5.422 1
5.424 1
5.426 1
5.428 1
5.43 1
5.432 1
5.434 1
5.436 1
5.438 1
5.44 1
5.442 1
5.444 1
5.446 1
5.448 1
5.45 1
5.452 1
5.454 1
5.456 1
5.458 1
5.46 1
5.462 1
5.464 1
5.466 1
5.468 1
5.47 1
5.472 1
5.474 1
5.476 1
5.478 1
5.48 1
5.482 1
5.484 1
5.486 1
5.488 1
5.49 1
5.492 1
5.494 1
5.496 1
5.498 1
5.5 1
5.502 1
5.504 1
5.506 1
5.508 1
5.51 1
5.512 1
5.514 1
5.516 1
5.518 1
5.52 1
5.522 1
5.524 1
5.526 1
5.528 1
5.53 1
5.532 1
5.534 1
5.536 1
5.538 1
5.54 1
5.542 1
5.544 1
5.546 1
5.548 1
5.55 1
5.552 1
5.554 1
5.556 1
5.558 1
5.56 1
5.562 1
5.564 1
5.566 1
5.568 1
5.57 1
5.572 1
5.574 1
5.576 1
5.578 1
5.58 1
5.582 1
5.584 1
5.586 1
5.588 1
5.59 1
5.592 1
5.594 1
5.596 1
5.598 1
5.6 1
5.602 1
5.604 1
5.606 1
5.608 1
5.61 1
5.612 1
5.614 1
5.616 1
5.618 1
5.62 1
5.622 1
5.624 1
5.626 1
5.628 1
5.63 1
5.632 1
5.634 1
5.636 1
5.638 1
5.64 1
5.642 1
5.644 1
5.646 1
5.648 1
5.65 1
5.652 1
5.654 1
5.656 1
5.658 1
5.66 1
5.662 1
5.664 1
5.666 1
5.668 1
5.67 1
5.672 1
5.674 1
5.676 1
5.678 1
5.68 1
5.682 1
5.684 1
5.686 1
5.688 1
5.69 1
5.692 1
5.694 1
5.696 1
5.698 1
5.7 1
5.702 1
5.704 1
5.706 1
5.708 1
5.71 1
5.712 1
5.714 1
5.716 1
5.718 1
5.72 1
5.722 1
5.724 1
5.726 1
5.728 1
5.73 1
5.732 1
5.734 1
5.736 1
5.738 1
5.74 1
5.742 1
5.744 1
5.746 1
5.748 1
5.75 1
5.752 1
5.754 1
5.756 1
5.758 1
5.76 1
5.762 1
5.764 1
5.766 1
5.768 1
5.77 1
5.772 1
5.774 1
5.776 1
5.778 1
5.78 1
5.782 1
5.784 1
5.786 1
5.788 1
5.79 1
5.792 1
5.794 1
5.796 1
5.798 1
5.8 1
5.802 1
5.804 1
5.806 1
5.808 1
5.81 1
5.812 1
5.814 1
5.816 1
5.818 1
5.82 1
5.822 1
5.824 1
5.826 1
5.828 1
5.83 1
5.832 1
5.834 1
5.836 1
5.838 1
5.84 1
5.842 1
5.844 1
5.846 1
5.848 1
5.85 1
5.852 1
5.854 1
5.856 1
5.858 1
5.86 1
5.862 1
5.864 1
5.866 1
5.868 1
5.87 1
5.872 1
5.874 1
5.876 1
5.878 1
5.88 1
5.882 1
5.884 1
5.886 1
5.888 1
5.89 1
5.892 1
5.894 1
5.896 1
5.898 1
5.9 1
5.902 1
5.904 1
5.906 1
5.908 1
5.91 1
5.912 1
5.914 1
5.916 1
5.918 1
5.92 1
5.922 1
5.924 1
5.926 1
5.928 1
5.93 1
5.932 1
5.934 1
5.936 1
5.938 1
5.94 1
5.942 1
5.944 1
5.946 1
5.948 1
5.95 1
5.952 1
5.954 1
5.956 1
5.958 1
5.96 1
5.962 1
5.964 1
5.966 1
5.968 1
5.97 1
5.972 1
5.974 1
5.976 1
5.978 1
5.98 1
5.982 1
5.984 1
5.986 1
5.988 1
5.99 1
5.992 1
5.994 1
5.996 1
5.998 1
6 1
6.002 1
6.004 1
6.006 1
6.008 1
6.01 1
6.012 1
6.014 1
6.016 1
6.018 1
6.02 1
6.022 1
6.024 1
6.026 1
6.028 1
6.03 1
6.032 1
6.034 1
6.036 1
6.038 1
6.04 1
6.042 1
6.044 1
6.046 1
6.048 1
6.05 1
6.052 1
6.054 1
6.056 1
6.058 1
6.06 1
6.062 1
6.064 1
6.066 1
6.068 1
6.07 1
6.072 1
6.074 1
6.076 1
6.078 1
6.08 1
6.082 1
6.084 1
6.086 1
6.088 1
6.09 1
6.092 1
6.094 1
6.096 1
6.098 1
6.1 1
6.102 1
6.104 1
6.106 1
6.108 1
6.11 1
6.112 1
6.114 1
6.116 1
6.118 1
6.12 1
6.122 1
6.124 1
6.126 1
6.128 1
6.13 1
6.132 1
6.134 1
6.136 1
6.138 1
6.14 1
6.142 1
6.144 1
6.146 1
6.148 1
6.15 1
6.152 1
6.154 1
6.156 1
6.158 1
6.16 1
6.162 1
6.164 1
6.166 1
6.168 1
6.17 1
6.172 1
6.174 1
6.176 1
6.178 1
6.18 1
6.182 1
6.184 1
6.186 1
6.188 1
6.19 1
6.192 1
6.194 1
6.196 1
6.198 1
6.2 1
6.202 1
6.204 1
6.206 1
6.208 1
6.21 1
6.212 1
6.214 1
6.216 1
6.218 1
6.22 1
6.222 1
6.224 1
6.226 1
6.228 1
6.23 1
6.232 1
6.234 1
6.236 1
6.238 1
6.24 1
6.242 1
6.244 1
6.246 1
6.248 1
6.25 1
6.252 1
6.254 1
6.256 1
6.258 1
6.26 1
6.262 1
6.264 1
6.266 1
6.268 1
6.27 1
6.272 1
6.274 1
6.276 1
6.278 1
6.28 1
6.282 1
6.284 1
6.286 1
6.288 1
6.29 1
6.292 1
6.294 1
6.296 1
6.298 1
6.3 1
6.302 1
6.304 1
6.306 1
6.308 1
6.31 1
6.312 1
6.314 1
6.316 1
6.318 1
6.32 1
6.322 1
6.324 1
6.326 1
6.328 1
6.33 1
6.332 1
6.334 1
6.336 1
6.338 1
6.34 1
6.342 1
6.344 1
6.346 1
6.348 1
6.35 1
6.352 1
6.354 1
6.356 1
6.358 1
6.36 1
6.362 1
6.364 1
6.366 1
6.368 1
6.37 1
6.372 1
6.374 1
6.376 1
6.378 1
6.38 1
6.382 1
6.384 1
6.386 1
6.388 1
6.39 1
6.392 1
6.394 1
6.396 1
6.398 1
6.4 1
6.402 1
6.404 1
6.406 1
6.408 1
6.41 1
6.412 1
6.414 1
6.416 1
6.418 1
6.42 1
6.422 1
6.424 1
6.426 1
6.428 1
6.43 1
6.432 1
6.434 1
6.436 1
6.438 1
6.44 1
6.442 1
6.444 1
6.446 1
6.448 1
6.45 1
6.452 1
6.454 1
6.456 1
6.458 1
6.46 1
6.462 1
6.464 1
6.466 1
6.468 1
6.47 1
6.472 1
6.474 1
6.476 1
6.478 1
6.48 1
6.482 1
6.484 1
6.486 1
6.488 1
6.49 1
6.492 1
6.494 1
6.496 1
6.498 1
6.5 1
6.502 1
6.504 1
6.506 1
6.508 1
6.51 1
6.512 1
6.514 1
6.516 1
6.518 1
6.52 1
6.522 1
6.524 1
6.526 1
6.528 1
6.53 1
6.532 1
6.534 1
6.536 1
6.538 1
6.54 1
6.542 1
6.544 1
6.546 1
6.548 1
6.55 1
6.552 1
6.554 1
6.556 1
6.558 1
6.56 1
6.562 1
6.564 1
6.566 1
6.568 1
6.57 1
6.572 1
6.574 1
6.576 1
6.578 1
6.58 1
6.582 1
6.584 1
6.586 1
6.588 1
6.59 1
6.592 1
6.594 1
6.596 1
6.598 1
6.6 1
6.602 1
6.604 1
6.606 1
6.608 1
6.61 1
6.612 1
6.614 1
6.616 1
6.618 1
6.62 1
6.622 1
6.624 1
6.626 1
6.628 1
6.63 1
6.632 1
6.634 1
6.636 1
6.638 1
6.64 1
6.642 1
6.644 1
6.646 1
6.648 1
6.65 1
6.652 1
6.654 1
6.656 1
6.658 1
6.66 1
6.662 1
6.664 1
6.666 1
6.668 1
6.67 1
6.672 1
6.674 1
6.676 1
6.678 1
6.68 1
6.682 1
6.684 1
6.686 1
6.688 1
6.69 1
6.692 1
6.694 1
6.696 1
6.698 1
6.7 1
6.702 1
6.704 1
6.706 1
6.708 1
6.71 1
6.712 1
6.714 1
6.716 1
6.718 1
6.72 1
6.722 1
6.724 1
6.726 1
6.728 1
6.73 1
6.732 1
6.734 1
6.736 1
6.738 1
6.74 1
6.742 1
6.744 1
6.746 1
6.748 1
6.75 1
6.752 1
6.754 1
6.756 1
6.758 1
6.76 1
6.762 1
6.764 1
6.766 1
6.768 1
6.77 1
6.772 1
6.774 1
6.776 1
6.778 1
6.78 1
6.782 1
6.784 1
6.786 1
6.788 1
6.79 1
6.792 1
6.794 1
6.796 1
6.798 1
6.8 1
6.802 1
6.804 1
6.806 1
6.808 1
6.81 1
6.812 1
6.814 1
6.816 1
6.818 1
6.82 1
6.822 1
6.824 1
6.826 1
6.828 1
6.83 1
6.832 1
6.834 1
6.836 1
6.838 1
6.84 1
6.842 1
6.844 1
6.846 1
6.848 1
6.85 1
6.852 1
6.854 1
6.856 1
6.858 1
6.86 1
6.862 1
6.864 1
6.866 1
6.868 1
6.87 1
6.872 1
6.874 1
6.876 1
6.878 1
6.88 1
6.882 1
6.884 1
6.886 1
6.888 1
6.89 1
6.892 1
6.894 1
6.896 1
6.898 1
6.9 1
6.902 1
6.904 1
6.906 1
6.908 1
6.91 1
6.912 1
6.914 1
6.916 1
6.918 1
6.92 1
6.922 1
6.924 1
6.926 1
6.928 1
6.93 1
6.932 1
6.934 1
6.936 1
6.938 1
6.94 1
6.942 1
6.944 1
6.946 1
6.948 1
6.95 1
6.952 1
6.954 1
6.956 1
6.958 1
6.96 1
6.962 1
6.964 1
6.966 1
6.968 1
6.97 1
6.972 1
6.974 1
6.976 1
6.978 1
6.98 1
6.982 1
6.984 1
6.986 1
6.988 1
6.99 1
6.992 1
6.994 1
6.996 1
6.998 1
7 1
7.002 1
7.004 1
7.006 1
7.008 1
7.01 1
7.012 1
7.014 1
7.016 1
7.018 1
7.02 1
7.022 1
7.024 1
7.026 1
7.028 1
7.03 1
7.032 1
7.034 1
7.036 1
7.038 1
7.04 1
7.042 1
7.044 1
7.046 1
7.048 1
7.05 1
7.052 1
7.054 1
7.056 1
7.058 1
7.06 1
7.062 1
7.064 1
7.066 1
7.068 1
7.07 1
7.072 1
7.074 1
7.076 1
7.078 1
7.08 1
7.082 1
7.084 1
7.086 1
7.088 1
7.09 1
7.092 1
7.094 1
7.096 1
7.098 1
7.1 1
7.102 1
7.104 1
7.106 1
7.108 1
7.11 1
7.112 1
7.114 1
7.116 1
7.118 1
7.12 1
7.122 1
7.124 1
7.126 1
7.128 1
7.13 1
7.132 1
7.134 1
7.136 1
7.138 1
7.14 1
7.142 1
7.144 1
7.146 1
7.148 1
7.15 1
7.152 1
7.154 1
7.156 1
7.158 1
7.16 1
7.162 1
7.164 1
7.166 1
7.168 1
7.17 1
7.172 1
7.174 1
7.176 1
7.178 1
7.18 1
7.182 1
7.184 1
7.186 1
7.188 1
7.19 1
7.192 1
7.194 1
7.196 1
7.198 1
7.2 1
7.202 1
7.204 1
7.206 1
7.208 1
7.21 1
7.212 1
7.214 1
7.216 1
7.218 1
7.22 1
7.222 1
7.224 1
7.226 1
7.228 1
7.23 1
7.232 1
7.234 1
7.236 1
7.238 1
7.24 1
7.242 1
7.244 1
7.246 1
7.248 1
7.25 1
7.252 1
7.254 1
7.256 1
7.258 1
7.26 1
7.262 1
7.264 1
7.266 1
7.268 1
7.27 1
7.272 1
7.274 1
7.276 1
7.278 1
7.28 1
7.282 1
7.284 1
7.286 1
7.288 1
7.29 1
7.292 1
7.294 1
7.296 1
7.298 1
7.3 1
7.302 1
7.304 1
7.306 1
7.308 1
7.31 1
7.312 1
7.314 1
7.316 1
7.318 1
7.32 1
7.322 1
7.324 1
7.326 1
7.328 1
7.33 1
7.332 1
7.334 1
7.336 1
7.338 1
7.34 1
7.342 1
7.344 1
7.346 1
7.348 1
7.35 1
7.352 1
7.354 1
7.356 1
7.358 1
7.36 1
7.362 1
7.364 1
7.366 1
7.368 1
7.37 1
7.372 1
7.374 1
7.376 1
7.378 1
7.38 1
7.382 1
7.384 1
7.386 1
7.388 1
7.39 1
7.392 1
7.394 1
7.396 1
7.398 1
7.4 1
7.402 1
7.404 1
7.406 1
7.408 1
7.41 1
7.412 1
7.414 1
7.416 1
7.418 1
7.42 1
7.422 1
7.424 1
7.426 1
7.428 1
7.43 1
7.432 1
7.434 1
7.436 1
7.438 1
7.44 1
7.442 1
7.444 1
7.446 1
7.448 1
7.45 1
7.452 1
7.454 1
7.456 1
7.458 1
7.46 1
7.462 1
7.464 1
7.466 1
7.468 1
7.47 1
7.472 1
7.474 1
7.476 1
7.478 1
7.48 1
7.482 1
7.484 1
7.486 1
7.488 1
7.49 1
7.492 1
7.494 1
7.496 1
7.498 1
7.5 1
7.502 1
7.504 1
7.506 1
7.508 1
7.51 1
7.512 1
7.514 1
7.516 1
7.518 1
7.52 1
7.522 1
7.524 1
7.526 1
7.528 1
7.53 1
7.532 1
7.534 1
7.536 1
7.538 1
7.54 1
7.542 1
7.544 1
7.546 1
7.548 1
7.55 1
7.552 1
7.554 1
7.556 1
7.558 1
7.56 1
7.562 1
7.564 1
7.566 1
7.568 1
7.57 1
7.572 1
7.574 1
7.576 1
7.578 1
7.58 1
7.582 1
7.584 1
7.586 1
7.588 1
7.59 1
7.592 1
7.594 1
7.596 1
7.598 1
7.6 1
7.602 1
7.604 1
7.606 1
7.608 1
7.61 1
7.612 1
7.614 1
7.616 1
7.618 1
7.62 1
7.622 1
7.624 1
7.626 1
7.628 1
7.63 1
7.632 1
7.634 1
7.636 1
7.638 1
7.64 1
7.642 1
7.644 1
7.646 1
7.648 1
7.65 1
7.652 1
7.654 1
7.656 1
7.658 1
7.66 1
7.662 1
7.664 1
7.666 1
7.668 1
7.67 1
7.672 1
7.674 1
7.676 1
7.678 1
7.68 1
7.682 1
7.684 1
7.686 1
7.688 1
7.69 1
7.692 1
7.694 1
7.696 1
7.698 1
7.7 1
7.702 1
7.704 1
7.706 1
7.708 1
7.71 1
7.712 1
7.714 1
7.716 1
7.718 1
7.72 1
7.722 1
7.724 1
7.726 1
7.728 1
7.73 1
7.732 1
7.734 1
7.736 1
7.738 1
7.74 1
7.742 1
7.744 1
7.746 1
7.748 1
7.75 1
7.752 1
7.754 1
7.756 1
7.758 1
7.76 1
7.762 1
7.764 1
7.766 1
7.768 1
7.77 1
7.772 1
7.774 1
7.776 1
7.778 1
7.78 1
7.782 1
7.784 1
7.786 1
7.788 1
7.79 1
7.792 1
7.794 1
7.796 1
7.798 1
7.8 1
7.802 1
7.804 1
7.806 1
7.808 1
7.81 1
7.812 1
7.814 1
7.816 1
7.818 1
7.82 1
7.822 1
7.824 1
7.826 1
7.828 1
7.83 1
7.832 1
7.834 1
7.836 1
7.838 1
7.84 1
7.842 1
7.844 1
7.846 1
7.848 1
7.85 1
7.852 1
7.854 1
7.856 1
7.858 1
7.86 1
7.862 1
7.864 1
7.866 1
7.868 1
7.87 1
7.872 1
7.874 1
7.876 1
7.878 1
7.88 1
7.882 1
7.884 1
7.886 1
7.888 1
7.89 1
7.892 1
7.894 1
7.896 1
7.898 1
7.9 1
7.902 1
7.904 1
7.906 1
7.908 1
7.91 1
7.912 1
7.914 1
7.916 1
7.918 1
7.92 1
7.922 1
7.924 1
7.926 1
7.928 1
7.93 1
7.932 1
7.934 1
7.936 1
7.938 1
7.94 1
7.942 1
7.944 1
7.946 1
7.948 1
7.95 1
7.952 1
7.954 1
7.956 1
7.958 1
7.96 1
7.962 1
7.964 1
7.966 1
7.968 1
7.97 1
7.972 1
7.974 1
7.976 1
7.978 1
7.98 1
7.982 1
7.984 1
7.986 1
7.988 1
7.99 1
7.992 1
7.994 1
7.996 1
7.998 1
8 1
8.002 1
8.004 1
8.006 1
8.008 1
8.01 1
8.012 1
8.014 1
8.016 1
8.018 1
8.02 1
8.022 1
8.024 1
8.026 1
8.028 1
8.03 1
8.032 1
8.034 1
8.036 1
8.038 1
8.04 1
8.042 1
8.044 1
8.046 1
8.048 1
8.05 1
8.052 1
8.054 1
8.056 1
8.058 1
8.06 1
8.062 1
8.064 1
8.066 1
8.068 1
8.07 1
8.072 1
8.074 1
8.076 1
8.078 1
8.08 1
8.082 1
8.084 1
8.086 1
8.088 1
8.09 1
8.092 1
8.094 1
8.096 1
8.098 1
8.1 1
8.102 1
8.104 1
8.106 1
8.108 1
8.11 1
8.112 1
8.114 1
8.116 1
8.118 1
8.12 1
8.122 1
8.124 1
8.126 1
8.128 1
8.13 1
8.132 1
8.134 1
8.136 1
8.138 1
8.14 1
8.142 1
8.144 1
8.146 1
8.148 1
8.15 1
8.152 1
8.154 1
8.156 1
8.158 1
8.16 1
8.162 1
8.164 1
8.166 1
8.168 1
8.17 1
8.172 1
8.174 1
8.176 1
8.178 1
8.18 1
8.182 1
8.184 1
8.186 1
8.188 1
8.19 1
8.192 1
8.194 1
8.196 1
8.198 1
8.2 1
8.202 1
8.204 1
8.206 1
8.208 1
8.21 1
8.212 1
8.214 1
8.216 1
8.218 1
8.22 1
8.222 1
8.224 1
8.226 1
8.228 1
8.23 1
8.232 1
8.234 1
8.236 1
8.238 1
8.24 1
8.242 1
8.244 1
8.246 1
8.248 1
8.25 1
8.252 1
8.254 1
8.256 1
8.258 1
8.26 1
8.262 1
8.264 1
8.266 1
8.268 1
8.27 1
8.272 1
8.274 1
8.276 1
8.278 1
8.28 1
8.282 1
8.284 1
8.286 1
8.288 1
8.29 1
8.292 1
8.294 1
8.296 1
8.298 1
8.3 1
8.302 1
8.304 1
8.306 1
8.308 1
8.31 1
8.312 1
8.314 1
8.316 1
8.318 1
8.32 1
8.322 1
8.324 1
8.326 1
8.328 1
8.33 1
8.332 1
8.334 1
8.336 1
8.338 1
8.34 1
8.342 1
8.344 1
8.346 1
8.348 1
8.35 1
8.352 1
8.354 1
8.356 1
8.358 1
8.36 1
8.362 1
8.364 1
8.366 1
8.368 1
8.37 1
8.372 1
8.374 1
8.376 1
8.378 1
8.38 1
8.382 1
8.384 1
8.386 1
8.388 1
8.39 1
8.392 1
8.394 1
8.396 1
8.398 1
8.4 1
8.402 1
8.404 1
8.406 1
8.408 1
8.41 1
8.412 1
8.414 1
8.416 1
8.418 1
8.42 1
8.422 1
8.424 1
8.426 1
8.428 1
8.43 1
8.432 1
8.434 1
8.436 1
8.438 1
8.44 1
8.442 1
8.444 1
8.446 1
8.448 1
8.45 1
8.452 1
8.454 1
8.456 1
8.458 1
8.46 1
8.462 1
8.464 1
8.466 1
8.468 1
8.47 1
8.472 1
8.474 1
8.476 1
8.478 1
8.48 1
8.482 1
8.484 1
8.486 1
8.488 1
8.49 1
8.492 1
8.494 1
8.496 1
8.498 1
8.5 1
8.502 1
8.504 1
8.506 1
8.508 1
8.51 1
8.512 1
8.514 1
8.516 1
8.518 1
8.52 1
8.522 1
8.524 1
8.526 1
8.528 1
8.53 1
8.532 1
8.534 1
8.536 1
8.538 1
8.54 1
8.542 1
8.544 1
8.546 1
8.548 1
8.55 1
8.552 1
8.554 1
8.556 1
8.558 1
8.56 1
8.562 1
8.564 1
8.566 1
8.568 1
8.57 1
8.572 1
8.574 1
8.576 1
8.578 1
8.58 1
8.582 1
8.584 1
8.586 1
8.588 1
8.59 1
8.592 1
8.594 1
8.596 1
8.598 1
8.6 1
8.602 1
8.604 1
8.606 1
8.608 1
8.61 1
8.612 1
8.614 1
8.616 1
8.618 1
8.62 1
8.622 1
8.624 1
8.626 1
8.628 1
8.63 1
8.632 1
8.634 1
8.636 1
8.638 1
8.64 1
8.642 1
8.644 1
8.646 1
8.648 1
8.65 1
8.652 1
8.654 1
8.656 1
8.658 1
8.66 1
8.662 1
8.664 1
8.666 1
8.668 1
8.67 1
8.672 1
8.674 1
8.676 1
8.678 1
8.68 1
8.682 1
8.684 1
8.686 1
8.688 1
8.69 1
8.692 1
8.694 1
8.696 1
8.698 1
8.7 1
8.702 1
8.704 1
8.706 1
8.708 1
8.71 1
8.712 1
8.714 1
8.716 1
8.718 1
8.72 1
8.722 1
8.724 1
8.726 1
8.728 1
8.73 1
8.732 1
8.734 1
8.736 1
8.738 1
8.74 1
8.742 1
8.744 1
8.746 1
8.748 1
8.75 1
8.752 1
8.754 1
8.756 1
8.758 1
8.76 1
8.762 1
8.764 1
8.766 1
8.768 1
8.77 1
8.772 1
8.774 1
8.776 1
8.778 1
8.78 1
8.782 1
8.784 1
8.786 1
8.788 1
8.79 1
8.792 1
8.794 1
8.796 1
8.798 1
8.8 1
8.802 1
8.804 1
8.806 1
8.808 1
8.81 1
8.812 1
8.814 1
8.816 1
8.818 1
8.82 1
8.822 1
8.824 1
8.826 1
8.828 1
8.83 1
8.832 1
8.834 1
8.836 1
8.838 1
8.84 1
8.842 1
8.844 1
8.846 1
8.848 1
8.85 1
8.852 1
8.854 1
8.856 1
8.858 1
8.86 1
8.862 1
8.864 1
8.866 1
8.868 1
8.87 1
8.872 1
8.874 1
8.876 1
8.878 1
8.88 1
8.882 1
8.884 1
8.886 1
8.888 1
8.89 1
8.892 1
8.894 1
8.896 1
8.898 1
8.9 1
8.902 1
8.904 1
8.906 1
8.908 1
8.91 1
8.912 1
8.914 1
8.916 1
8.918 1
8.92 1
8.922 1
8.924 1
8.926 1
8.928 1
8.93 1
8.932 1
8.934 1
8.936 1
8.938 1
8.94 1
8.942 1
8.944 1
8.946 1
8.948 1
8.95 1
8.952 1
8.954 1
8.956 1
8.958 1
8.96 1
8.962 1
8.964 1
8.966 1
8.968 1
8.97 1
8.972 1
8.974 1
8.976 1
8.978 1
8.98 1
8.982 1
8.984 1
8.986 1
8.988 1
8.99 1
8.992 1
8.994 1
8.996 1
8.998 1
9 1
9.002 1
9.004 1
9.006 1
9.008 1
9.01 1
9.012 1
9.014 1
9.016 1
9.018 1
9.02 1
9.022 1
9.024 1
9.026 1
9.028 1
9.03 1
9.032 1
9.034 1
9.036 1
9.038 1
9.04 1
9.042 1
9.044 1
9.046 1
9.048 1
9.05 1
9.052 1
9.054 1
9.056 1
9.058 1
9.06 1
9.062 1
9.064 1
9.066 1
9.068 1
9.07 1
9.072 1
9.074 1
9.076 1
9.078 1
9.08 1
9.082 1
9.084 1
9.086 1
9.088 1
9.09 1
9.092 1
9.094 1
9.096 1
9.098 1
9.1 1
9.102 1
9.104 1
9.106 1
9.108 1
9.11 1
9.112 1
9.114 1
9.116 1
9.118 1
9.12 1
9.122 1
9.124 1
9.126 1
9.128 1
9.13 1
9.132 1
9.134 1
9.136 1
9.138 1
9.14 1
9.142 1
9.144 1
9.146 1
9.148 1
9.15 1
9.152 1
9.154 1
9.156 1
9.158 1
9.16 1
9.162 1
9.164 1
9.166 1
9.168 1
9.17 1
9.172 1
9.174 1
9.176 1
9.178 1
9.18 1
9.182 1
9.184 1
9.186 1
9.188 1
9.19 1
9.192 1
9.194 1
9.196 1
9.198 1
9.2 1
9.202 1
9.204 1
9.206 1
9.208 1
9.21 1
9.212 1
9.214 1
9.216 1
9.218 1
9.22 1
9.222 1
9.224 1
9.226 1
9.228 1
9.23 1
9.232 1
9.234 1
9.236 1
9.238 1
9.24 1
9.242 1
9.244 1
9.246 1
9.248 1
9.25 1
9.252 1
9.254 1
9.256 1
9.258 1
9.26 1
9.262 1
9.264 1
9.266 1
9.268 1
9.27 1
9.272 1
9.274 1
9.276 1
9.278 1
9.28 1
9.282 1
9.284 1
9.286 1
9.288 1
9.29 1
9.292 1
9.294 1
9.296 1
9.298 1
9.3 1
9.302 1
9.304 1
9.306 1
9.308 1
9.31 1
9.312 1
9.314 1
9.316 1
9.318 1
9.32 1
9.322 1
9.324 1
9.326 1
9.328 1
9.33 1
9.332 1
9.334 1
9.336 1
9.338 1
9.34 1
9.342 1
9.344 1
9.346 1
9.348 1
9.35 1
9.352 1
9.354 1
9.356 1
9.358 1
9.36 1
9.362 1
9.364 1
9.366 1
9.368 1
9.37 1
9.372 1
9.374 1
9.376 1
9.378 1
9.38 1
9.382 1
9.384 1
9.386 1
9.388 1
9.39 1
9.392 1
9.394 1
9.396 1
9.398 1
9.4 1
9.402 1
9.404 1
9.406 1
9.408 1
9.41 1
9.412 1
9.414 1
9.416 1
9.418 1
9.42 1
9.422 1
9.424 1
9.426 1
9.428 1
9.43 1
9.432 1
9.434 1
9.436 1
9.438 1
9.44 1
9.442 1
9.444 1
9.446 1
9.448 1
9.45 1
9.452 1
9.454 1
9.456 1
9.458 1
9.46 1
9.462 1
9.464 1
9.466 1
9.468 1
9.47 1
9.472 1
9.474 1
9.476 1
9.478 1
9.48 1
9.482 1
9.484 1
9.486 1
9.488 1
9.49 1
9.492 1
9.494 1
9.496 1
9.498 1
9.5 1
9.502 1
9.504 1
9.506 1
9.508 1
9.51 1
9.512 1
9.514 1
9.516 1
9.518 1
9.52 1
9.522 1
9.524 1
9.526 1
9.528 1
9.53 1
9.532 1
9.534 1
9.536 1
9.538 1
9.54 1
9.542 1
9.544 1
9.546 1
9.548 1
9.55 1
9.552 1
9.554 1
9.556 1
9.558 1
9.56 1
9.562 1
9.564 1
9.566 1
9.568 1
9.57 1
9.572 1
9.574 1
9.576 1
9.578 1
9.58 1
9.582 1
9.584 1
9.586 1
9.588 1
9.59 1
9.592 1
9.594 1
9.596 1
9.598 1
9.6 1
9.602 1
9.604 1
9.606 1
9.608 1
9.61 1
9.612 1
9.614 1
9.616 1
9.618 1
9.62 1
9.622 1
9.624 1
9.626 1
9.628 1
9.63 1
9.632 1
9.634 1
9.636 1
9.638 1
9.64 1
9.642 1
9.644 1
9.646 1
9.648 1
9.65 1
9.652 1
9.654 1
9.656 1
9.658 1
9.66 1
9.662 1
9.664 1
9.666 1
9.668 1
9.67 1
9.672 1
9.674 1
9.676 1
9.678 1
9.68 1
9.682 1
9.684 1
9.686 1
9.688 1
9.69 1
9.692 1
9.694 1
9.696 1
9.698 1
9.7 1
9.702 1
9.704 1
9.706 1
9.708 1
9.71 1
9.712 1
9.714 1
9.716 1
9.718 1
9.72 1
9.722 1
9.724 1
9.726 1
9.728 1
9.73 1
9.732 1
9.734 1
9.736 1
9.738 1
9.74 1
9.742 1
9.744 1
9.746 1
9.748 1
9.75 1
9.752 1
9.754 1
9.756 1
9.758 1
9.76 1
9.762 1
9.764 1
9.766 1
9.768 1
9.77 1
9.772 1
9.774 1
9.776 1
9.778 1
9.78 1
9.782 1
9.784 1
9.786 1
9.788 1
9.79 1
9.792 1
9.794 1
9.796 1
9.798 1
9.8 1
9.802 1
9.804 1
9.806 1
9.808 1
9.81 1
9.812 1
9.814 1
9.816 1
9.818 1
9.82 1
9.822 1
9.824 1
9.826 1
9.828 1
9.83 1
9.832 1
9.834 1
9.836 1
9.838 1
9.84 1
9.842 1
9.844 1
9.846 1
9.848 1
9.85 1
9.852 1
9.854 1
9.856 1
9.858 1
9.86 1
9.862 1
9.864 1
9.866 1
9.868 1
9.87 1
9.872 1
9.874 1
9.876 1
9.878 1
9.88 1
9.882 1
9.884 1
9.886 1
9.888 1
9.89 1
9.892 1
9.894 1
9.896 1
9.898 1
9.9 1
9.902 1
9.904 1
9.906 1
9.908 1
9.91 1
9.912 1
9.914 1
9.916 1
9.918 1
9.92 1
9.922 1
9.924 1
9.926 1
9.928 1
9.93 1
9.932 1
9.934 1
9.936 1
9.938 1
9.94 1
9.942 1
9.944 1
9.946 1
9.948 1
9.95 1
9.952 1
9.954 1
9.956 1
9.958 1
9.96 1
9.962 1
9.964 1
9.966 1
9.968 1
9.97 1
9.972 1
9.974 1
9.976 1
9.978 1
9.98 1
9.982 1
9.984 1
9.986 1
9.988 1
9.99 1
9.992 1
9.994 1
9.996 1
9.998 1
10 1
10.002 1
10.004 1
10.006 1
10.008 1
10.01 1
10.012 1
10.014 1
10.016 1
10.018 1
10.02 1
10.022 1
10.024 1
10.026 1
10.028 1
10.03 1
10.032 1
10.034 1
10.036 1
10.038 1
10.04 1
10.042 1
10.044 1
10.046 1
10.048 1
10.05 1
10.052 1
10.054 1
10.056 1
10.058 1
10.06 1
10.062 1
10.064 1
10.066 1
10.068 1
10.07 1
10.072 1
10.074 1
10.076 1
10.078 1
10.08 1
10.082 1
10.084 1
10.086 1
10.088 1
10.09 1
10.092 1
10.094 1
10.096 1
10.098 1
10.1 1
10.102 1
10.104 1
10.106 1
10.108 1
10.11 1
10.112 1
10.114 1
10.116 1
10.118 1
10.12 1
10.122 1
10.124 1
10.126 1
10.128 1
10.13 1
10.132 1
10.134 1
10.136 1
10.138 1
10.14 1
10.142 1
10.144 1
10.146 1
10.148 1
10.15 1
10.152 1
10.154 1
10.156 1
10.158 1
10.16 1
10.162 1
10.164 1
10.166 1
10.168 1
10.17 1
10.172 1
10.174 1
10.176 1
10.178 1
10.18 1
10.182 1
10.184 1
10.186 1
10.188 1
10.19 1
10.192 1
10.194 1
10.196 1
10.198 1
10.2 1
10.202 1
10.204 1
10.206 1
10.208 1
10.21 1
10.212 1
10.214 1
10.216 1
10.218 1
10.22 1
10.222 1
10.224 1
10.226 1
10.228 1
10.23 1
10.232 1
10.234 1
10.236 1
10.238 1
10.24 1
10.242 1
10.244 1
10.246 1
10.248 1
10.25 1
10.252 1
10.254 1
10.256 1
10.258 1
10.26 1
10.262 1
10.264 1
10.266 1
10.268 1
10.27 1
10.272 1
10.274 1
10.276 1
10.278 1
10.28 1
10.282 1
10.284 1
10.286 1
10.288 1
10.29 1
10.292 1
10.294 1
10.296 1
10.298 1
10.3 1
10.302 1
10.304 1
10.306 1
10.308 1
10.31 1
10.312 1
10.314 1
10.316 1
10.318 1
10.32 1
10.322 1
10.324 1
10.326 1
10.328 1
10.33 1
10.332 1
10.334 1
10.336 1
10.338 1
10.34 1
10.342 1
10.344 1
10.346 1
10.348 1
10.35 1
10.352 1
10.354 1
10.356 1
10.358 1
10.36 1
10.362 1
10.364 1
10.366 1
10.368 1
10.37 1
10.372 1
10.374 1
10.376 1
10.378 1
10.38 1
10.382 1
10.384 1
10.386 1
10.388 1
10.39 1
10.392 1
10.394 1
10.396 1
10.398 1
10.4 1
10.402 1
10.404 1
10.406 1
10.408 1
10.41 1
10.412 1
10.414 1
10.416 1
10.418 1
10.42 1
10.422 1
10.424 1
10.426 1
10.428 1
10.43 1
10.432 1
10.434 1
10.436 1
10.438 1
10.44 1
10.442 1
10.444 1
10.446 1
10.448 1
10.45 1
10.452 1
10.454 1
10.456 1
10.458 1
10.46 1
10.462 1
10.464 1
10.466 1
10.468 1
10.47 1
10.472 1
10.474 1
10.476 1
10.478 1
10.48 1
10.482 1
10.484 1
10.486 1
10.488 1
10.49 1
10.492 1
10.494 1
10.496 1
10.498 1
10.5 1
10.502 1
10.504 1
10.506 1
10.508 1
10.51 1
10.512 1
10.514 1
10.516 1
10.518 1
10.52 1
10.522 1
10.524 1
10.526 1
10.528 1
10.53 1
10.532 1
10.534 1
10.536 1
10.538 1
10.54 1
10.542 1
10.544 1
10.546 1
10.548 1
10.55 1
10.552 1
10.554 1
10.556 1
10.558 1
10.56 1
10.562 1
10.564 1
10.566 1
10.568 1
10.57 1
10.572 1
10.574 1
10.576 1
10.578 1
10.58 1
10.582 1
10.584 1
10.586 1
10.588 1
10.59 1
10.592 1
10.594 1
10.596 1
10.598 1
10.6 1
10.602 1
10.604 1
10.606 1
10.608 1
10.61 1
10.612 1
10.614 1
10.616 1
10.618 1
10.62 1
10.622 1
10.624 1
10.626 1
10.628 1
10.63 1
10.632 1
10.634 1
10.636 1
10.638 1
10.64 1
10.642 1
10.644 1
10.646 1
10.648 1
10.65 1
10.652 1
10.654 1
10.656 1
10.658 1
10.66 1
10.662 1
10.664 1
10.666 1
10.668 1
10.67 1
10.672 1
10.674 1
10.676 1
10.678 1
10.68 1
10.682 1
10.684 1
10.686 1
10.688 1
10.69 1
10.692 1
10.694 1
10.696 1
10.698 1
10.7 1
10.702 1
10.704 1
10.706 1
10.708 1
10.71 1
10.712 1
10.714 1
10.716 1
10.718 1
10.72 1
10.722 1
10.724 1
10.726 1
10.728 1
10.73 1
10.732 1
10.734 1
10.736 1
10.738 1
10.74 1
10.742 1
10.744 1
10.746 1
10.748 1
10.75 1
10.752 1
10.754 1
10.756 1
10.758 1
10.76 1
10.762 1
10.764 1
10.766 1
10.768 1
10.77 1
10.772 1
10.774 1
10.776 1
10.778 1
10.78 1
10.782 1
10.784 1
10.786 1
10.788 1
10.79 1
10.792 1
10.794 1
10.796 1
10.798 1
10.8 1
10.802 1
10.804 1
10.806 1
10.808 1
10.81 1
10.812 1
10.814 1
10.816 1
10.818 1
10.82 1
10.822 1
10.824 1
10.826 1
10.828 1
10.83 1
10.832 1
10.834 1
10.836 1
10.838 1
10.84 1
10.842 1
10.844 1
10.846 1
10.848 1
10.85 1
10.852 1
10.854 1
10.856 1
10.858 1
10.86 1
10.862 1
10.864 1
10.866 1
10.868 1
10.87 1
10.872 1
10.874 1
10.876 1
10.878 1
10.88 1
10.882 1
10.884 1
10.886 1
10.888 1
10.89 1
10.892 1
10.894 1
10.896 1
10.898 1
10.9 1
10.902 1
10.904 1
10.906 1
10.908 1
10.91 1
10.912 1
10.914 1
10.916 1
10.918 1
10.92 1
10.922 1
10.924 1
10.926 1
10.928 1
10.93 1
10.932 1
10.934 1
10.936 1
10.938 1
10.94 1
10.942 1
10.944 1
10.946 1
10.948 1
10.95 1
10.952 1
10.954 1
10.956 1
10.958 1
10.96 1
10.962 1
10.964 1
10.966 1
10.968 1
10.97 1
10.972 1
10.974 1
10.976 1
10.978 1
10.98 1
10.982 1
10.984 1
10.986 1
10.988 1
10.99 1
10.992 1
10.994 1
10.996 1
10.998 1
11 1
11.002 1
11.004 1
11.006 1
11.008 1
11.01 1
11.012 1
11.014 1
11.016 1
11.018 1
11.02 1
11.022 1
11.024 1
11.026 1
11.028 1
11.03 1
11.032 1
11.034 1
11.036 1
11.038 1
11.04 1
11.042 1
11.044 1
11.046 1
11.048 1
11.05 1
11.052 1
11.054 1
11.056 1
11.058 1
11.06 1
11.062 1
11.064 1
11.066 1
11.068 1
11.07 1
11.072 1
11.074 1
11.076 1
11.078 1
11.08 1
11.082 1
11.084 1
11.086 1
11.088 1
11.09 1
11.092 1
11.094 1
11.096 1
11.098 1
11.1 1
11.102 1
11.104 1
11.106 1
11.108 1
11.11 1
11.112 1
11.114 1
11.116 1
11.118 1
11.12 1
11.122 1
11.124 1
11.126 1
11.128 1
11.13 1
11.132 1
11.134 1
11.136 1
11.138 1
11.14 1
11.142 1
11.144 1
11.146 1
11.148 1
11.15 1
11.152 1
11.154 1
11.156 1
11.158 1
11.16 1
11.162 1
11.164 1
11.166 1
11.168 1
11.17 1
11.172 1
11.174 1
11.176 1
11.178 1
11.18 1
11.182 1
11.184 1
11.186 1
11.188 1
11.19 1
11.192 1
11.194 1
11.196 1
11.198 1
11.2 1
11.202 1
11.204 1
11.206 1
11.208 1
11.21 1
11.212 1
11.214 1
11.216 1
11.218 1
11.22 1
11.222 1
11.224 1
11.226 1
11.228 1
11.23 1
11.232 1
11.234 1
11.236 1
11.238 1
11.24 1
11.242 1
11.244 1
11.246 1
11.248 1
11.25 1
11.252 1
11.254 1
11.256 1
11.258 1
11.26 1
11.262 1
11.264 1
11.266 1
11.268 1
11.27 1
11.272 1
11.274 1
11.276 1
11.278 1
11.28 1
11.282 1
11.284 1
11.286 1
11.288 1
11.29 1
11.292 1
11.294 1
11.296 1
11.298 1
11.3 1
11.302 1
11.304 1
11.306 1
11.308 1
11.31 1
11.312 1
11.314 1
11.316 1
11.318 1
11.32 1
11.322 1
11.324 1
11.326 1
11.328 1
11.33 1
11.332 1
11.334 1
11.336 1
11.338 1
11.34 1
11.342 1
11.344 1
11.346 1
11.348 1
11.35 1
11.352 1
11.354 1
11.356 1
11.358 1
11.36 1
11.362 1
11.364 1
11.366 1
11.368 1
11.37 1
11.372 1
11.374 1
11.376 1
11.378 1
11.38 1
11.382 1
11.384 1
11.386 1
11.388 1
11.39 1
11.392 1
11.394 1
11.396 1
11.398 1
11.4 1
11.402 1
11.404 1
11.406 1
11.408 1
11.41 1
11.412 1
11.414 1
11.416 1
11.418 1
11.42 1
11.422 1
11.424 1
11.426 1
11.428 1
11.43 1
11.432 1
11.434 1
11.436 1
11.438 1
11.44 1
11.442 1
11.444 1
11.446 1
11.448 1
11.45 1
11.452 1
11.454 1
11.456 1
11.458 1
11.46 1
11.462 1
11.464 1
11.466 1
11.468 1
11.47 1
11.472 1
11.474 1
11.476 1
11.478 1
11.48 1
11.482 1
11.484 1
11.486 1
11.488 1
11.49 1
11.492 1
11.494 1
11.496 1
11.498 1
11.5 1
11.502 1
11.504 1
11.506 1
11.508 1
11.51 1
11.512 1
11.514 1
11.516 1
11.518 1
11.52 1
11.522 1
11.524 1
11.526 1
11.528 1
11.53 1
11.532 1
11.534 1
11.536 1
11.538 1
11.54 1
11.542 1
11.544 1
11.546 1
11.548 1
11.55 1
11.552 1
11.554 1
11.556 1
11.558 1
11.56 1
11.562 1
11.564 1
11.566 1
11.568 1
11.57 1
11.572 1
11.574 1
11.576 1
11.578 1
11.58 1
11.582 1
11.584 1
11.586 1
11.588 1
11.59 1
11.592 1
11.594 1
11.596 1
11.598 1
11.6 1
11.602 1
11.604 1
11.606 1
11.608 1
11.61 1
11.612 1
11.614 1
11.616 1
11.618 1
11.62 1
11.622 1
11.624 1
11.626 1
11.628 1
11.63 1
11.632 1
11.634 1
11.636 1
11.638 1
11.64 1
11.642 1
11.644 1
11.646 1
11.648 1
11.65 1
11.652 1
11.654 1
11.656 1
11.658 1
11.66 1
11.662 1
11.664 1
11.666 1
11.668 1
11.67 1
11.672 1
11.674 1
11.676 1
11.678 1
11.68 1
11.682 1
11.684 1
11.686 1
11.688 1
11.69 1
11.692 1
11.694 1
11.696 1
11.698 1
11.7 1
11.702 1
11.704 1
11.706 1
11.708 1
11.71 1
11.712 1
11.714 1
11.716 1
11.718 1
11.72 1
11.722 1
11.724 1
11.726 1
11.728 1
11.73 1
11.732 1
11.734 1
11.736 1
11.738 1
11.74 1
11.742 1
11.744 1
11.746 1
11.748 1
11.75 1
11.752 1
11.754 1
11.756 1
11.758 1
11.76 1
11.762 1
11.764 1
11.766 1
11.768 1
11.77 1
11.772 1
11.774 1
11.776 1
11.778 1
11.78 1
11.782 1
11.784 1
11.786 1
11.788 1
11.79 1
11.792 1
11.794 1
11.796 1
11.798 1
11.8 1
11.802 1
11.804 1
11.806 1
11.808 1
11.81 1
11.812 1
11.814 1
11.816 1
11.818 1
11.82 1
11.822 1
11.824 1
11.826 1
11.828 1
11.83 1
11.832 1
11.834 1
11.836 1
11.838 1
11.84 1
11.842 1
11.844 1
11.846 1
11.848 1
11.85 1
11.852 1
11.854 1
11.856 1
11.858 1
11.86 1
11.862 1
11.864 1
11.866 1
11.868 1
11.87 1
11.872 1
11.874 1
11.876 1
11.878 1
11.88 1
11.882 1
11.884 1
11.886 1
11.888 1
11.89 1
11.892 1
11.894 1
11.896 1
11.898 1
11.9 1
11.902 1
11.904 1
11.906 1
11.908 1
11.91 1
11.912 1
11.914 1
11.916 1
11.918 1
11.92 1
11.922 1
11.924 1
11.926 1
11.928 1
11.93 1
11.932 1
11.934 1
11.936 1
11.938 1
11.94 1
11.942 1
11.944 1
11.946 1
11.948 1
11.95 1
11.952 1
11.954 1
11.956 1
11.958 1
11.96 1
11.962 1
11.964 1
11.966 1
11.968 1
11.97 1
11.972 1
11.974 1
11.976 1
11.978 1
11.98 1
11.982 1
11.984 1
11.986 1
11.988 1
11.99 1
11.992 1
11.994 1
11.996 1
11.998 1
12 1
12.002 1
12.004 1
12.006 1
12.008 1
12.01 1
12.012 1
12.014 1
12.016 1
12.018 1
12.02 1
12.022 1
12.024 1
12.026 1
12.028 1
12.03 1
12.032 1
12.034 1
12.036 1
12.038 1
12.04 1
12.042 1
12.044 1
12.046 1
12.048 1
12.05 1
12.052 1
12.054 1
12.056 1
12.058 1
12.06 1
12.062 1
12.064 1
12.066 1
12.068 1
12.07 1
12.072 1
12.074 1
12.076 1
12.078 1
12.08 1
12.082 1
12.084 1
12.086 1
12.088 1
12.09 1
12.092 1
12.094 1
12.096 1
12.098 1
12.1 1
12.102 1
12.104 1
12.106 1
12.108 1
12.11 1
12.112 1
12.114 1
12.116 1
12.118 1
12.12 1
12.122 1
12.124 1
12.126 1
12.128 1
12.13 1
12.132 1
12.134 1
12.136 1
12.138 1
12.14 1
12.142 1
12.144 1
12.146 1
12.148 1
12.15 1
12.152 1
12.154 1
12.156 1
12.158 1
12.16 1
12.162 1
12.164 1
12.166 1
12.168 1
12.17 1
12.172 1
12.174 1
12.176 1
12.178 1
12.18 1
12.182 1
12.184 1
12.186 1
12.188 1
12.19 1
12.192 1
12.194 1
12.196 1
12.198 1
12.2 1
12.202 1
12.204 1
12.206 1
12.208 1
12.21 1
12.212 1
12.214 1
12.216 1
12.218 1
12.22 1
12.222 1
12.224 1
12.226 1
12.228 1
12.23 1
12.232 1
12.234 1
12.236 1
12.238 1
12.24 1
12.242 1
12.244 1
12.246 1
12.248 1
12.25 1
12.252 1
12.254 1
12.256 1
12.258 1
12.26 1
12.262 1
12.264 1
12.266 1
12.268 1
12.27 1
12.272 1
12.274 1
12.276 1
12.278 1
12.28 1
12.282 1
12.284 1
12.286 1
12.288 1
12.29 1
12.292 1
12.294 1
12.296 1
12.298 1
12.3 1
12.302 1
12.304 1
12.306 1
12.308 1
12.31 1
12.312 1
12.314 1
12.316 1
12.318 1
12.32 1
12.322 1
12.324 1
12.326 1
12.328 1
12.33 1
12.332 1
12.334 1
12.336 1
12.338 1
12.34 1
12.342 1
12.344 1
12.346 1
12.348 1
12.35 1
12.352 1
12.354 1
12.356 1
12.358 1
12.36 1
12.362 1
12.364 1
12.366 1
12.368 1
12.37 1
12.372 1
12.374 1
12.376 1
12.378 1
12.38 1
12.382 1
12.384 1
12.386 1
12.388 1
12.39 1
12.392 1
12.394 1
12.396 1
12.398 1
12.4 1
12.402 1
12.404 1
12.406 1
12.408 1
12.41 1
12.412 1
12.414 1
12.416 1
12.418 1
12.42 1
12.422 1
12.424 1
12.426 1
12.428 1
12.43 1
12.432 1
12.434 1
12.436 1
12.438 1
12.44 1
12.442 1
12.444 1
12.446 1
12.448 1
12.45 1
12.452 1
12.454 1
12.456 1
12.458 1
12.46 1
12.462 1
12.464 1
12.466 1
12.468 1
12.47 1
12.472 1
12.474 1
12.476 1
12.478 1
12.48 1
12.482 1
12.484 1
12.486 1
12.488 1
12.49 1
12.492 1
12.494 1
12.496 1
12.498 1
12.5 1
12.502 1
12.504 1
12.506 1
12.508 1
12.51 1
12.512 1
12.514 1
12.516 1
12.518 1
12.52 1
12.522 1
12.524 1
12.526 1
12.528 1
12.53 1
12.532 1
12.534 1
12.536 1
12.538 1
12.54 1
12.542 1
12.544 1
12.546 1
12.548 1
12.55 1
12.552 1
12.554 1
12.556 1
12.558 1
12.56 1
12.562 1
12.564 1
12.566 1
12.568 1
12.57 1
12.572 1
12.574 1
12.576 1
12.578 1
12.58 1
12.582 1
12.584 1
12.586 1
12.588 1
12.59 1
12.592 1
12.594 1
12.596 1
12.598 1
12.6 1
12.602 1
12.604 1
12.606 1
12.608 1
12.61 1
12.612 1
12.614 1
12.616 1
12.618 1
12.62 1
12.622 1
12.624 1
12.626 1
12.628 1
12.63 1
12.632 1
12.634 1
12.636 1
12.638 1
12.64 1
12.642 1
12.644 1
12.646 1
12.648 1
12.65 1
12.652 1
12.654 1
12.656 1
12.658 1
12.66 1
12.662 1
12.664 1
12.666 1
12.668 1
12.67 1
12.672 1
12.674 1
12.676 1
12.678 1
12.68 1
12.682 1
12.684 1
12.686 1
12.688 1
12.69 1
12.692 1
12.694 1
12.696 1
12.698 1
12.7 1
12.702 1
12.704 1
12.706 1
12.708 1
12.71 1
12.712 1
12.714 1
12.716 1
12.718 1
12.72 1
12.722 1
12.724 1
12.726 1
12.728 1
12.73 1
12.732 1
12.734 1
12.736 1
12.738 1
12.74 1
12.742 1
12.744 1
12.746 1
12.748 1
12.75 1
12.752 1
12.754 1
12.756 1
12.758 1
12.76 1
12.762 1
12.764 1
12.766 1
12.768 1
12.77 1
12.772 1
12.774 1
12.776 1
12.778 1
12.78 1
12.782 1
12.784 1
12.786 1
12.788 1
12.79 1
12.792 1
12.794 1
12.796 1
12.798 1
12.8 1
12.802 1
12.804 1
12.806 1
12.808 1
12.81 1
12.812 1
12.814 1
12.816 1
12.818 1
12.82 1
12.822 1
12.824 1
12.826 1
12.828 1
12.83 1
12.832 1
12.834 1
12.836 1
12.838 1
12.84 1
12.842 1
12.844 1
12.846 1
12.848 1
12.85 1
12.852 1
12.854 1
12.856 1
12.858 1
12.86 1
12.862 1
12.864 1
12.866 1
12.868 1
12.87 1
12.872 1
12.874 1
12.876 1
12.878 1
12.88 1
12.882 1
12.884 1
12.886 1
12.888 1
12.89 1
12.892 1
12.894 1
12.896 1
12.898 1
12.9 1
12.902 1
12.904 1
12.906 1
12.908 1
12.91 1
12.912 1
12.914 1
12.916 1
12.918 1
12.92 1
12.922 1
12.924 1
12.926 1
12.928 1
12.93 1
12.932 1
12.934 1
12.936 1
12.938 1
12.94 1
12.942 1
12.944 1
12.946 1
12.948 1
12.95 1
12.952 1
12.954 1
12.956 1
12.958 1
12.96 1
12.962 1
12.964 1
12.966 1
12.968 1
12.97 1
12.972 1
12.974 1
12.976 1
12.978 1
12.98 1
12.982 1
12.984 1
12.986 1
12.988 1
12.99 1
12.992 1
12.994 1
12.996 1
12.998 1
13 1
13.002 1
13.004 1
13.006 1
13.008 1
13.01 1
13.012 1
13.014 1
13.016 1
13.018 1
13.02 1
13.022 1
13.024 1
13.026 1
13.028 1
13.03 1
13.032 1
13.034 1
13.036 1
13.038 1
13.04 1
13.042 1
13.044 1
13.046 1
13.048 1
13.05 1
13.052 1
13.054 1
13.056 1
13.058 1
13.06 1
13.062 1
13.064 1
13.066 1
13.068 1
13.07 1
13.072 1
13.074 1
13.076 1
13.078 1
13.08 1
13.082 1
13.084 1
13.086 1
13.088 1
13.09 1
13.092 1
13.094 1
13.096 1
13.098 1
13.1 1
13.102 1
13.104 1
13.106 1
13.108 1
13.11 1
13.112 1
13.114 1
13.116 1
13.118 1
13.12 1
13.122 1
13.124 1
13.126 1
13.128 1
13.13 1
13.132 1
13.134 1
13.136 1
13.138 1
13.14 1
13.142 1
13.144 1
13.146 1
13.148 1
13.15 1
13.152 1
13.154 1
13.156 1
13.158 1
13.16 1
13.162 1
13.164 1
13.166 1
13.168 1
13.17 1
13.172 1
13.174 1
13.176 1
13.178 1
13.18 1
13.182 1
13.184 1
13.186 1
13.188 1
13.19 1
13.192 1
13.194 1
13.196 1
13.198 1
13.2 1
13.202 1
13.204 1
13.206 1
13.208 1
13.21 1
13.212 1
13.214 1
13.216 1
13.218 1
13.22 1
13.222 1
13.224 1
13.226 1
13.228 1
13.23 1
13.232 1
13.234 1
13.236 1
13.238 1
13.24 1
13.242 1
13.244 1
13.246 1
13.248 1
13.25 1
13.252 1
13.254 1
13.256 1
13.258 1
13.26 1
13.262 1
13.264 1
13.266 1
13.268 1
13.27 1
13.272 1
13.274 1
13.276 1
13.278 1
13.28 1
13.282 1
13.284 1
13.286 1
13.288 1
13.29 1
13.292 1
13.294 1
13.296 1
13.298 1
13.3 1
13.302 1
13.304 1
13.306 1
13.308 1
13.31 1
13.312 1
13.314 1
13.316 1
13.318 1
13.32 1
13.322 1
13.324 1
13.326 1
13.328 1
13.33 1
13.332 1
13.334 1
13.336 1
13.338 1
13.34 1
13.342 1
13.344 1
13.346 1
13.348 1
13.35 1
13.352 1
13.354 1
13.356 1
13.358 1
13.36 1
13.362 1
13.364 1
13.366 1
13.368 1
13.37 1
13.372 1
13.374 1
13.376 1
13.378 1
13.38 1
13.382 1
13.384 1
13.386 1
13.388 1
13.39 1
13.392 1
13.394 1
13.396 1
13.398 1
13.4 1
13.402 1
13.404 1
13.406 1
13.408 1
13.41 1
13.412 1
13.414 1
13.416 1
13.418 1
13.42 1
13.422 1
13.424 1
13.426 1
13.428 1
13.43 1
13.432 1
13.434 1
13.436 1
13.438 1
13.44 1
13.442 1
13.444 1
13.446 1
13.448 1
13.45 1
13.452 1
13.454 1
13.456 1
13.458 1
13.46 1
13.462 1
13.464 1
13.466 1
13.468 1
13.47 1
13.472 1
13.474 1
13.476 1
13.478 1
13.48 1
13.482 1
13.484 1
13.486 1
13.488 1
13.49 1
13.492 1
13.494 1
13.496 1
13.498 1
13.5 1
13.502 1
13.504 1
13.506 1
13.508 1
13.51 1
13.512 1
13.514 1
13.516 1
13.518 1
13.52 1
13.522 1
13.524 1
13.526 1
13.528 1
13.53 1
13.532 1
13.534 1
13.536 1
13.538 1
13.54 1
13.542 1
13.544 1
13.546 1
13.548 1
13.55 1
13.552 1
13.554 1
13.556 1
13.558 1
13.56 1
13.562 1
13.564 1
13.566 1
13.568 1
13.57 1
13.572 1
13.574 1
13.576 1
13.578 1
13.58 1
13.582 1
13.584 1
13.586 1
13.588 1
13.59 1
13.592 1
13.594 1
13.596 1
13.598 1
13.6 1
13.602 1
13.604 1
13.606 1
13.608 1
13.61 1
13.612 1
13.614 1
13.616 1
13.618 1
13.62 1
13.622 1
13.624 1
13.626 1
13.628 1
13.63 1
13.632 1
13.634 1
13.636 1
13.638 1
13.64 1
13.642 1
13.644 1
13.646 1
13.648 1
13.65 1
13.652 1
13.654 1
13.656 1
13.658 1
13.66 1
13.662 1
13.664 1
13.666 1
13.668 1
13.67 1
13.672 1
13.674 1
13.676 1
13.678 1
13.68 1
13.682 1
13.684 1
13.686 1
13.688 1
13.69 1
13.692 1
13.694 1
13.696 1
13.698 1
13.7 1
13.702 1
13.704 1
13.706 1
13.708 1
13.71 1
13.712 1
13.714 1
13.716 1
13.718 1
13.72 1
13.722 1
13.724 1
13.726 1
13.728 1
13.73 1
13.732 1
13.734 1
13.736 1
13.738 1
13.74 1
13.742 1
13.744 1
13.746 1
13.748 1
13.75 1
13.752 1
13.754 1
13.756 1
13.758 1
13.76 1
13.762 1
13.764 1
13.766 1
13.768 1
13.77 1
13.772 1
13.774 1
13.776 1
13.778 1
13.78 1
13.782 1
13.784 1
13.786 1
13.788 1
13.79 1
13.792 1
13.794 1
13.796 1
13.798 1
13.8 1
13.802 1
13.804 1
13.806 1
13.808 1
13.81 1
13.812 1
13.814 1
13.816 1
13.818 1
13.82 1
13.822 1
13.824 1
13.826 1
13.828 1
13.83 1
13.832 1
13.834 1
13.836 1
13.838 1
13.84 1
13.842 1
13.844 1
13.846 1
13.848 1
13.85 1
13.852 1
13.854 1
13.856 1
13.858 1
13.86 1
13.862 1
13.864 1
13.866 1
13.868 1
13.87 1
13.872 1
13.874 1
13.876 1
13.878 1
13.88 1
13.882 1
13.884 1
13.886 1
13.888 1
13.89 1
13.892 1
13.894 1
13.896 1
13.898 1
13.9 1
13.902 1
13.904 1
13.906 1
13.908 1
13.91 1
13.912 1
13.914 1
13.916 1
13.918 1
13.92 1
13.922 1
13.924 1
13.926 1
13.928 1
13.93 1
13.932 1
13.934 1
13.936 1
13.938 1
13.94 1
13.942 1
13.944 1
13.946 1
13.948 1
13.95 1
13.952 1
13.954 1
13.956 1
13.958 1
13.96 1
13.962 1
13.964 1
13.966 1
13.968 1
13.97 1
13.972 1
13.974 1
13.976 1
13.978 1
13.98 1
13.982 1
13.984 1
13.986 1
13.988 1
13.99 1
13.992 1
13.994 1
13.996 1
13.998 1
14 1
14.002 1
14.004 1
14.006 1
14.008 1
14.01 1
14.012 1
14.014 1
14.016 1
14.018 1
14.02 1
14.022 1
14.024 1
14.026 1
14.028 1
14.03 1
14.032 1
14.034 1
14.036 1
14.038 1
14.04 1
14.042 1
14.044 1
14.046 1
14.048 1
14.05 1
14.052 1
14.054 1
14.056 1
14.058 1
14.06 1
14.062 1
14.064 1
14.066 1
14.068 1
14.07 1
14.072 1
14.074 1
14.076 1
14.078 1
14.08 1
14.082 1
14.084 1
14.086 1
14.088 1
14.09 1
14.092 1
14.094 1
14.096 1
14.098 1
14.1 1
14.102 1
14.104 1
14.106 1
14.108 1
14.11 1
14.112 1
14.114 1
14.116 1
14.118 1
14.12 1
14.122 1
14.124 1
14.126 1
14.128 1
14.13 1
14.132 1
14.134 1
14.136 1
14.138 1
14.14 1
14.142 1
14.144 1
14.146 1
14.148 1
14.15 1
14.152 1
14.154 1
14.156 1
14.158 1
14.16 1
14.162 1
14.164 1
14.166 1
14.168 1
14.17 1
14.172 1
14.174 1
14.176 1
14.178 1
14.18 1
14.182 1
14.184 1
14.186 1
14.188 1
14.19 1
14.192 1
14.194 1
14.196 1
14.198 1
14.2 1
14.202 1
14.204 1
14.206 1
14.208 1
14.21 1
14.212 1
14.214 1
14.216 1
14.218 1
14.22 1
14.222 1
14.224 1
14.226 1
14.228 1
14.23 1
14.232 1
14.234 1
14.236 1
14.238 1
14.24 1
14.242 1
14.244 1
14.246 1
14.248 1
14.25 1
14.252 1
14.254 1
14.256 1
14.258 1
14.26 1
14.262 1
14.264 1
14.266 1
14.268 1
14.27 1
14.272 1
14.274 1
14.276 1
14.278 1
14.28 1
14.282 1
14.284 1
14.286 1
14.288 1
14.29 1
14.292 1
14.294 1
14.296 1
14.298 1
14.3 1
14.302 1
14.304 1
14.306 1
14.308 1
14.31 1
14.312 1
14.314 1
14.316 1
14.318 1
14.32 1
14.322 1
14.324 1
14.326 1
14.328 1
14.33 1
14.332 1
14.334 1
14.336 1
14.338 1
14.34 1
14.342 1
14.344 1
14.346 1
14.348 1
14.35 1
14.352 1
14.354 1
14.356 1
14.358 1
14.36 1
14.362 1
14.364 1
14.366 1
14.368 1
14.37 1
14.372 1
14.374 1
14.376 1
14.378 1
14.38 1
14.382 1
14.384 1
14.386 1
14.388 1
14.39 1
14.392 1
14.394 1
14.396 1
14.398 1
14.4 1
14.402 1
14.404 1
14.406 1
14.408 1
14.41 1
14.412 1
14.414 1
14.416 1
14.418 1
14.42 1
14.422 1
14.424 1
14.426 1
14.428 1
14.43 1
14.432 1
14.434 1
14.436 1
14.438 1
14.44 1
14.442 1
14.444 1
14.446 1
14.448 1
14.45 1
14.452 1
14.454 1
14.456 1
14.458 1
14.46 1
14.462 1
14.464 1
14.466 1
14.468 1
14.47 1
14.472 1
14.474 1
14.476 1
14.478 1
14.48 1
14.482 1
14.484 1
14.486 1
14.488 1
14.49 1
14.492 1
14.494 1
14.496 1
14.498 1
14.5 1
14.502 1
14.504 1
14.506 1
14.508 1
14.51 1
14.512 1
14.514 1
14.516 1
14.518 1
14.52 1
14.522 1
14.524 1
14.526 1
14.528 1
14.53 1
14.532 1
14.534 1
14.536 1
14.538 1
14.54 1
14.542 1
14.544 1
14.546 1
14.548 1
14.55 1
14.552 1
14.554 1
14.556 1
14.558 1
14.56 1
14.562 1
14.564 1
14.566 1
14.568 1
14.57 1
14.572 1
14.574 1
14.576 1
14.578 1
14.58 1
14.582 1
14.584 1
14.586 1
14.588 1
14.59 1
14.592 1
14.594 1
14.596 1
14.598 1
14.6 1
14.602 1
14.604 1
14.606 1
14.608 1
14.61 1
14.612 1
14.614 1
14.616 1
14.618 1
14.62 1
14.622 1
14.624 1
14.626 1
14.628 1
14.63 1
14.632 1
14.634 1
14.636 1
14.638 1
14.64 1
14.642 1
14.644 1
14.646 1
14.648 1
14.65 1
14.652 1
14.654 1
14.656 1
14.658 1
14.66 1
14.662 1
14.664 1
14.666 1
14.668 1
14.67 1
14.672 1
14.674 1
14.676 1
14.678 1
14.68 1
14.682 1
14.684 1
14.686 1
14.688 1
14.69 1
14.692 1
14.694 1
14.696 1
14.698 1
14.7 1
14.702 1
14.704 1
14.706 1
14.708 1
14.71 1
14.712 1
14.714 1
14.716 1
14.718 1
14.72 1
14.722 1
14.724 1
14.726 1
14.728 1
14.73 1
14.732 1
14.734 1
14.736 1
14.738 1
14.74 1
14.742 1
14.744 1
14.746 1
14.748 1
14.75 1
14.752 1
14.754 1
14.756 1
14.758 1
14.76 1
14.762 1
14.764 1
14.766 1
14.768 1
14.77 1
14.772 1
14.774 1
14.776 1
14.778 1
14.78 1
14.782 1
14.784 1
14.786 1
14.788 1
14.79 1
14.792 1
14.794 1
14.796 1
14.798 1
14.8 1
14.802 1
14.804 1
14.806 1
14.808 1
14.81 1
14.812 1
14.814 1
14.816 1
14.818 1
14.82 1
14.822 1
14.824 1
14.826 1
14.828 1
14.83 1
14.832 1
14.834 1
14.836 1
14.838 1
14.84 1
14.842 1
14.844 1
14.846 1
14.848 1
14.85 1
14.852 1
14.854 1
14.856 1
14.858 1
14.86 1
14.862 1
14.864 1
14.866 1
14.868 1
14.87 1
14.872 1
14.874 1
14.876 1
14.878 1
14.88 1
14.882 1
14.884 1
14.886 1
14.888 1
14.89 1
14.892 1
14.894 1
14.896 1
14.898 1
14.9 1
14.902 1
14.904 1
14.906 1
14.908 1
14.91 1
14.912 1
14.914 1
14.916 1
14.918 1
14.92 1
14.922 1
14.924 1
14.926 1
14.928 1
14.93 1
14.932 1
14.934 1
14.936 1
14.938 1
14.94 1
14.942 1
14.944 1
14.946 1
14.948 1
14.95 1
14.952 1
14.954 1
14.956 1
14.958 1
14.96 1
14.962 1
14.964 1
14.966 1
14.968 1
14.97 1
14.972 1
14.974 1
14.976 1
14.978 1
14.98 1
14.982 1
14.984 1
14.986 1
14.988 1
14.99 1
14.992 1
14.994 1
14.996 1
14.998 1
