0.024 1
0.032 1
0.04 1
0.048 1
0.056 1
0.064 1
0.072 1
0.08 1
0.088 1
0.096 1
0.104 1
0.112 1
0.12 1
0.128 1
0.136 1
0.144 1
0.152 1
0.16 1
0.168 1
0.176 1
0.184 1
0.192 1
0.2 1
0.208 1
0.216 1
0.224 1
0.232 1
0.24 1
0.248 1
0.256 1
0.264 1
0.272 1
0.28 1
0.288 1
0.296 1
0.304 1
0.312 1
0.32 1
0.328 1
0.336 1
0.344 1
0.352 1
0.36 1
0.368 1
0.376 1
0.384 1
0.392 1
0.4 1
0.408 1
0.416 1
0.424 1
0.432 1
0.44 1
0.448 1
0.456 1
0.464 1
0.472 1
0.48 1
0.488 1
0.496 1
0.504 1
0.512 1
0.52 1
0.528 1
0.536 1
0.544 1
0.552 1
0.56 1
0.568 1
0.576 1
0.584 1
0.592 1
0.6 1
0.608 1
0.616 1
0.624 1
0.632 1
0.64 1
0.648 1
0.656 1
0.664 1
0.672 1
0.68 1
0.688 1
0.696 1
0.704 1
0.712 1
0.72 1
0.728 1
0.736 1
0.744 1
0.752 1
0.76 1
0.768 1
0.776 1
0.784 1
0.792 1
0.8 1
0.808 1
0.816 1
0.824 1
0.832 1
0.84 1
0.848 1
0.856 1
0.864 1
0.872 1
0.88 1
0.888 1
0.896 1
0.904 1
0.912 1
0.92 1
0.928 1
0.936 1
0.944 1
0.952 1
0.96 1
0.968 1
0.976 1
0.984 1
0.992 1
1 1
1.008 1
1.016 1
1.024 1
1.032 1
1.04 1
1.048 1
1.056 1
1.064 1
1.072 1
1.08 1
1.088 1
1.096 1
1.104 1
1.112 1
1.12 1
1.128 1
1.136 1
1.144 1
1.152 1
1.16 1
1.168 1
1.176 1
1.184 1
1.192 1
1.2 1
1.208 1
1.216 1
1.224 1
1.232 1
1.24 1
1.248 1
1.256 1
1.264 1
1.272 1
1.28 1
1.288 1
1.296 1
1.304 1
1.312 1
1.32 1
1.328 1
1.336 1
1.344 1
1.352 1
1.36 1
1.368 1
1.376 1
1.384 1
1.392 1
1.4 1
1.408 1
1.416 1
1.424 1
1.432 1
1.44 1
1.448 1
1.456 1
1.464 1
1.472 1
1.48 1
1.488 1
1.496 1
1.504 1
1.512 1
1.52 1
1.528 1
1.536 1
1.544 1
1.552 1
1.56 1
1.568 1
1.576 1
1.584 1
1.592 1
1.6 1
1.608 1
1.616 1
1.624 1
1.632 1
1.64 1
1.648 1
1.656 1
1.664 1
1.672 1
1.68 1
1.688 1
1.696 1
1.704 1
1.712 1
1.72 1
1.728 1
1.736 1
1.744 1
1.752 1
1.76 1
1.768 1
1.776 1
1.784 1
1.792 1
1.8 1
1.808 1
1.816 1
1.824 1
1.832 1
1.84 1
1.848 1
1.856 1
1.864 1
1.872 1
1.88 1
1.888 1
1.896 1
1.904 1
1.912 1
1.92 1
1.928 1
1.936 1
1.944 1
1.952 1
1.96 1
1.968 1
1.976 1
1.984 1
1.992 1
2 1
2.008 1
2.016 1
2.024 1
2.032 1
2.04 1
2.048 1
2.056 1
2.064 1
2.072 1
2.08 1
2.088 1
2.096 1
2.104 1
2.112 1
2.12 1
2.128 1
2.136 1
2.144 1
2.152 1
2.16 1
2.168 1
2.176 1
2.184 1
2.192 1
2.2 1
2.208 1
2.216 1
2.224 1
2.232 1
2.24 1
2.248 1
2.256 1
2.264 1
2.272 1
2.28 1
2.288 1
2.296 1
2.304 1
2.312 1
2.32 1
2.328 1
2.336 1
2.344 1
2.352 1
2.36 1
2.368 1
2.376 1
2.384 1
2.392 1
2.4 1
2.408 1
2.416 1
2.424 1
2.432 1
2.44 1
2.448 1
2.456 1
2.464 1
2.472 1
2.48 1
2.488 1
2.496 1
2.504 1
2.512 1
2.52 1
2.528 1
2.536 1
2.544 1
2.552 1
2.56 1
2.568 1
2.576 1
2.584 1
2.592 1
2.6 1
2.608 1
2.616 1
2.624 1
2.632 1
2.64 1
2.648 1
2.656 1
2.664 1
2.672 1
2.68 1
2.688 1
2.696 1
2.704 1
2.712 1
2.72 1
2.728 1
2.736 1
2.744 1
2.752 1
2.76 1
2.768 1
2.776 1
2.784 1
2.792 1
2.8 1
2.808 1
2.816 1
2.824 1
2.832 1
2.84 1
2.848 1
2.856 1
2.864 1
2.872 1
2.88 1
2.888 1
2.896 1
2.904 1
2.912 1
2.92 1
2.928 1
2.936 1
2.944 1
2.952 1
2.96 1
2.968 1
2.976 1
2.984 1
2.992 1
3 1
3.008 1
3.016 1
3.024 1
3.032 1
3.04 1
3.048 1
3.056 1
3.064 1
3.072 1
3.08 1
3.088 1
3.096 1
3.104 1
3.112 1
3.12 1
3.128 1
3.136 1
3.144 1
3.152 1
3.16 1
3.168 1
3.176 1
3.184 1
3.192 1
3.2 1
3.208 1
3.216 1
3.224 1
3.232 1
3.24 1
3.248 1
3.256 1
3.264 1
3.272 1
3.28 1
3.288 1
3.296 1
3.304 1
3.312 1
3.32 1
3.328 1
3.336 1
3.344 1
3.352 1
3.36 1
3.368 1
3.376 1
3.384 1
3.392 1
3.4 1
3.408 1
3.416 1
3.424 1
3.432 1
3.44 1
3.448 1
3.456 1
3.464 1
3.472 1
3.48 1
3.488 1
3.496 1
3.504 1
3.512 1
3.52 1
3.528 1
3.536 1
3.544 1
3.552 1
3.56 1
3.568 1
3.576 1
3.584 1
3.592 1
3.6 1
3.608 1
3.616 1
3.624 1
3.632 1
3.64 1
3.648 1
3.656 1
3.664 1
3.672 1
3.68 1
3.688 1
3.696 1
3.704 1
3.712 1
3.72 1
3.728 1
3.736 1
3.744 1
3.752 1
3.76 1
3.768 1
3.776 1
3.784 1
3.792 1
3.8 1
3.808 1
3.816 1
3.824 1
3.832 1
3.84 1
3.848 1
3.856 1
3.864 1
3.872 1
3.88 1
3.888 1
3.896 1
3.904 1
3.912 1
3.92 1
3.928 1
3.936 1
3.944 1
3.952 1
3.96 1
3.968 1
3.976 1
3.984 1
3.992 1
4 1
4.008 1
4.016 1
4.024 1
4.032 1
4.04 1
4.048 1
4.056 1
4.064 1
4.072 1
4.08 1
4.088 1
4.096 1
4.104 1
4.112 1
4.12 1
4.128 1
4.136 1
4.144 1
4.152 1
4.16 1
4.168 1
4.176 1
4.184 1
4.192 1
4.2 1
4.208 1
4.216 1
4.224 1
4.232 1
4.24 1
4.248 1
4.256 1
4.264 1
4.272 1
4.28 1
4.288 1
4.296 1
4.304 1
4.312 1
4.32 1
4.328 1
4.336 1
4.344 1
4.352 1
4.36 1
4.368 1
4.376 1
4.384 1
4.392 1
4.4 1
4.408 1
4.416 1
4.424 1
4.432 1
4.44 1
4.448 1
4.456 1
4.464 1
4.472 1
4.48 1
4.488 1
4.496 1
4.504 1
4.512 1
4.52 1
4.528 1
4.536 1
4.544 1
4.552 1
4.56 1
4.568 1
4.576 1
4.584 1
4.592 1
4.6 1
4.608 1
4.616 1
4.624 1
4.632 1
4.64 1
4.648 1
4.656 1
4.664 1
4.672 1
4.68 1
4.688 1
4.696 1
4.704 1
4.712 1
4.72 1
4.728 1
4.736 1
4.744 1
4.752 1
4.76 1
4.768 1
4.776 1
4.784 1
4.792 1
4.8 1
4.808 1
4.816 1
4.824 1
4.832 1
4.84 1
4.848 1
4.856 1
4.864 1
4.872 1
4.88 1
4.888 1
4.896 1
4.904 1
4.912 1
4.92 1
4.928 1
4.936 1
4.944 1
4.952 1
4.96 1
4.968 1
4.976 1
4.984 1
4.992 1
5 1
5.008 1
5.016 1
5.024 1
5.032 1
5.04 1
5.048 1
5.056 1
5.064 1
5.072 1
5.08 1
5.088 1
5.096 1
5.104 1
5.112 1
5.12 1
5.128 1
5.136 1
5.144 1
5.152 1
5.16 1
5.168 1
5.176 1
5.184 1
5.192 1
5.2 1
5.208 1
5.216 1
5.224 1
5.232 1
5.24 1
5.248 1
5.256 1
5.264 1
5.272 1
5.28 1
5.288 1
5.296 1
5.304 1
5.312 1
5.32 1
5.328 1
5.336 1
5.344 1
5.352 1
5.36 1
5.368 1
5.376 1
5.384 1
5.392 1
5.4 1
5.408 1
5.416 1
5.424 1
5.432 1
5.44 1
5.448 1
5.456 1
5.464 1
5.472 1
5.48 1
5.488 1
5.496 1
5.504 1
5.512 1
5.52 1
5.528 1
5.536 1
5.544 1
5.552 1
5.56 1
5.568 1
5.576 1
5.584 1
5.592 1
5.6 1
5.608 1
5.616 1
5.624 1
5.632 1
5.64 1
5.648 1
5.656 1
5.664 1
5.672 1
5.68 1
5.688 1
5.696 1
5.704 1
5.712 1
5.72 1
5.728 1
5.736 1
5.744 1
5.752 1
5.76 1
5.768 1
5.776 1
5.784 1
5.792 1
5.8 1
5.808 1
5.816 1
5.824 1
5.832 1
5.84 1
5.848 1
5.856 1
5.864 1
5.872 1
5.88 1
5.888 1
5.896 1
5.904 1
5.912 1
5.92 1
5.928 1
5.936 1
5.944 1
5.952 1
5.96 1
5.968 1
5.976 1
5.984 1
5.992 1
6 1
6.008 1
6.016 1
6.024 1
6.032 1
6.04 1
6.048 1
6.056 1
6.064 1
6.072 1
6.08 1
6.088 1
6.096 1
6.104 1
6.112 1
6.12 1
6.128 1
6.136 1
6.144 1
6.152 1
6.16 1
6.168 1
6.176 1
6.184 1
6.192 1
6.2 1
6.208 1
6.216 1
6.224 1
6.232 1
6.24 1
6.248 1
6.256 1
6.264 1
6.272 1
6.28 1
6.288 1
6.296 1
6.304 1
6.312 1
6.32 1
6.328 1
6.336 1
6.344 1
6.352 1
6.36 1
6.368 1
6.376 1
6.384 1
6.392 1
6.4 1
6.408 1
6.416 1
6.424 1
6.432 1
6.44 1
6.448 1
6.456 1
6.464 1
6.472 1
6.48 1
6.488 1
6.496 1
6.504 1
6.512 1
6.52 1
6.528 1
6.536 1
6.544 1
6.552 1
6.56 1
6.568 1
6.576 1
6.584 1
6.592 1
6.6 1
6.608 1
6.616 1
6.624 1
6.632 1
6.64 1
6.648 1
6.656 1
6.664 1
6.672 1
6.68 1
6.688 1
6.696 1
6.704 1
6.712 1
6.72 1
6.728 1
6.736 1
6.744 1
6.752 1
6.76 1
6.768 1
6.776 1
6.784 1
6.792 1
6.8 1
6.808 1
6.816 1
6.824 1
6.832 1
6.84 1
6.848 1
6.856 1
6.864 1
6.872 1
6.88 1
6.888 1
6.896 1
6.904 1
6.912 1
6.92 1
6.928 1
6.936 1
6.944 1
6.952 1
6.96 1
6.968 1
6.976 1
6.984 1
6.992 1
7 1
7.008 1
7.016 1
7.024 1
7.032 1
7.04 1
7.048 1
7.056 1
7.064 1
7.072 1
7.08 1
7.088 1
7.096 1
7.104 1
7.112 1
7.12 1
7.128 1
7.136 1
7.144 1
7.152 1
7.16 1
7.168 1
7.176 1
7.184 1
7.192 1
7.2 1
7.208 1
7.216 1
7.224 1
7.232 1
7.24 1
7.248 1
7.256 1
7.264 1
7.272 1
7.28 1
7.288 1
7.296 1
7.304 1
7.312 1
7.32 1
7.328 1
7.336 1
7.344 1
7.352 1
7.36 1
7.368 1
7.376 1
7.384 1
7.392 1
7.4 1
7.408 1
7.416 1
7.424 1
7.432 1
7.44 1
7.448 1
7.456 1
7.464 1
7.472 1
7.48 1
7.488 1
7.496 1
7.504 1
7.512 1
7.52 1
7.528 1
7.536 1
7.544 1
7.552 1
7.56 1
7.568 1
7.576 1
7.584 1
7.592 1
7.6 1
7.608 1
7.616 1
7.624 1
7.632 1
7.64 1
7.648 1
7.656 1
7.664 1
7.672 1
7.68 1
7.688 1
7.696 1
7.704 1
7.712 1
7.72 1
7.728 1
7.736 1
7.744 1
7.752 1
7.76 1
7.768 1
7.776 1
7.784 1
7.792 1
7.8 1
7.808 1
7.816 1
7.824 1
7.832 1
7.84 1
7.848 1
7.856 1
7.864 1
7.872 1
7.88 1
7.888 1
7.896 1
7.904 1
7.912 1
7.92 1
7.928 1
7.936 1
7.944 1
7.952 1
7.96 1
7.968 1
7.976 1
7.984 1
7.992 1
8 1
8.008 1
8.016 1
8.024 1
8.032 1
8.04 1
8.048 1
8.056 1
8.064 1
8.072 1
8.08 1
8.088 1
8.096 1
8.104 1
8.112 1
8.12 1
8.128 1
8.136 1
8.144 1
8.152 1
8.16 1
8.168 1
8.176 1
8.184 1
8.192 1
8.2 1
8.208 1
8.216 1
8.224 1
8.232 1
8.24 1
8.248 1
8.256 1
8.264 1
8.272 1
8.28 1
8.288 1
8.296 1
8.304 1
8.312 1
8.32 1
8.328 1
8.336 1
8.344 1
8.352 1
8.36 1
8.368 1
8.376 1
8.384 1
8.392 1
8.4 1
8.408 1
8.416 1
8.424 1
8.432 1
8.44 1
8.448 1
8.456 1
8.464 1
8.472 1
8.48 1
8.488 1
8.496 1
8.504 1
8.512 1
8.52 1
8.528 1
8.536 1
8.544 1
8.552 1
8.56 1
8.568 1
8.576 1
8.584 1
8.592 1
8.6 1
8.608 1
8.616 1
8.624 1
8.632 1
8.64 1
8.648 1
8.656 1
8.664 1
8.672 1
8.68 1
8.688 1
8.696 1
8.704 1
8.712 1
8.72 1
8.728 1
8.736 1
8.744 1
8.752 1
8.76 1
8.768 1
8.776 1
8.784 1
8.792 1
8.8 1
8.808 1
8.816 1
8.824 1
8.832 1
8.84 1
8.848 1
8.856 1
8.864 1
8.872 1
8.88 1
8.888 1
8.896 1
8.904 1
8.912 1
8.92 1
8.928 1
8.936 1
8.944 1
8.952 1
8.96 1
8.968 1
8.976 1
8.984 1
8.992 1
9 1
9.008 1
9.016 1
9.024 1
9.032 1
9.04 1
9.048 1
9.056 1
9.064 1
9.072 1
9.08 1
9.088 1
9.096 1
9.104 1
9.112 1
9.12 1
9.128 1
9.136 1
9.144 1
9.152 1
9.16 1
9.168 1
9.176 1
9.184 1
9.192 1
9.2 1
9.208 1
9.216 1
9.224 1
9.232 1
9.24 1
9.248 1
9.256 1
9.264 1
9.272 1
9.28 1
9.288 1
9.296 1
9.304 1
9.312 1
9.32 1
9.328 1
9.336 1
9.344 1
9.352 1
9.36 1
9.368 1
9.376 1
9.384 1
9.392 1
9.4 1
9.408 1
9.416 1
9.424 1
9.432 1
9.44 1
9.448 1
9.456 1
9.464 1
9.472 1
9.48 1
9.488 1
9.496 1
9.504 1
9.512 1
9.52 1
9.528 1
9.536 1
9.544 1
9.552 1
9.56 1
9.568 1
9.576 1
9.584 1
9.592 1
9.6 1
9.608 1
9.616 1
9.624 1
9.632 1
9.64 1
9.648 1
9.656 1
9.664 1
9.672 1
9.68 1
9.688 1
9.696 1
9.704 1
9.712 1
9.72 1
9.728 1
9.736 1
9.744 1
9.752 1
9.76 1
9.768 1
9.776 1
9.784 1
9.792 1
9.8 1
9.808 1
9.816 1
9.824 1
9.832 1
9.84 1
9.848 1
9.856 1
9.864 1
9.872 1
9.88 1
9.888 1
9.896 1
9.904 1
9.912 1
9.92 1
9.928 1
9.936 1
9.944 1
9.952 1
9.96 1
9.968 1
9.976 1
9.984 1
9.992 1
10 1
10.008 1
10.016 1
10.024 1
10.032 1
10.04 1
10.048 1
10.056 1
10.064 1
10.072 1
10.08 1
10.088 1
10.096 1
10.104 1
10.112 1
10.12 1
10.128 1
10.136 1
10.144 1
10.152 1
10.16 1
10.168 1
10.176 1
10.184 1
10.192 1
10.2 1
10.208 1
10.216 1
10.224 1
10.232 1
10.24 1
10.248 1
10.256 1
10.264 1
10.272 1
10.28 1
10.288 1
10.296 1
10.304 1
10.312 1
10.32 1
10.328 1
10.336 1
10.344 1
10.352 1
10.36 1
10.368 1
10.376 1
10.384 1
10.392 1
10.4 1
10.408 1
10.416 1
10.424 1
10.432 1
10.44 1
10.448 1
10.456 1
10.464 1
10.472 1
10.48 1
10.488 1
10.496 1
10.504 1
10.512 1
10.52 1
10.528 1
10.536 1
10.544 1
10.552 1
10.56 1
10.568 1
10.576 1
10.584 1
10.592 1
10.6 1
10.608 1
10.616 1
10.624 1
10.632 1
10.64 1
10.648 1
10.656 1
10.664 1
10.672 1
10.68 1
10.688 1
10.696 1
10.704 1
10.712 1
10.72 1
10.728 1
10.736 1
10.744 1
10.752 1
10.76 1
10.768 1
10.776 1
10.784 1
10.792 1
10.8 1
10.808 1
10.816 1
10.824 1
10.832 1
10.84 1
10.848 1
10.856 1
10.864 1
10.872 1
10.88 1
10.888 1
10.896 1
10.904 1
10.912 1
10.92 1
10.928 1
10.936 1
10.944 1
10.952 1
10.96 1
10.968 1
10.976 1
10.984 1
10.992 1
11 1
11.008 1
11.016 1
11.024 1
11.032 1
11.04 1
11.048 1
11.056 1
11.064 1
11.072 1
11.08 1
11.088 1
11.096 1
11.104 1
11.112 1
11.12 1
11.128 1
11.136 1
11.144 1
11.152 1
11.16 1
11.168 1
11.176 1
11.184 1
11.192 1
11.2 1
11.208 1
11.216 1
11.224 1
11.232 1
11.24 1
11.248 1
11.256 1
11.264 1
11.272 1
11.28 1
11.288 1
11.296 1
11.304 1
11.312 1
11.32 1
11.328 1
11.336 1
11.344 1
11.352 1
11.36 1
11.368 1
11.376 1
11.384 1
11.392 1
11.4 1
11.408 1
11.416 1
11.424 1
11.432 1
11.44 1
11.448 1
11.456 1
11.464 1
11.472 1
11.48 1
11.488 1
11.496 1
11.504 1
11.512 1
11.52 1
11.528 1
11.536 1
11.544 1
11.552 1
11.56 1
11.568 1
11.576 1
11.584 1
11.592 1
11.6 1
11.608 1
11.616 1
11.624 1
11.632 1
11.64 1
11.648 1
11.656 1
11.664 1
11.672 1
11.68 1
11.688 1
11.696 1
11.704 1
11.712 1
11.72 1
11.728 1
11.736 1
11.744 1
11.752 1
11.76 1
11.768 1
11.776 1
11.784 1
11.792 1
11.8 1
11.808 1
11.816 1
11.824 1
11.832 1
11.84 1
11.848 1
11.856 1
11.864 1
11.872 1
11.88 1
11.888 1
11.896 1
11.904 1
11.912 1
11.92 1
11.928 1
11.936 1
11.944 1
11.952 1
11.96 1
11.968 1
11.976 1
11.984 1
11.992 1
12 1
12.008 1
12.016 1
12.024 1
12.032 1
12.04 1
12.048 1
12.056 1
12.064 1
12.072 1
12.08 1
12.088 1
12.096 1
12.104 1
12.112 1
12.12 1
12.128 1
12.136 1
12.144 1
12.152 1
12.16 1
12.168 1
12.176 1
12.184 1
12.192 1
12.2 1
12.208 1
12.216 1
12.224 1
12.232 1
12.24 1
12.248 1
12.256 1
12.264 1
12.272 1
12.28 1
12.288 1
12.296 1
12.304 1
12.312 1
12.32 1
12.328 1
12.336 1
12.344 1
12.352 1
12.36 1
12.368 1
12.376 1
12.384 1
12.392 1
12.4 1
12.408 1
12.416 1
12.424 1
12.432 1
12.44 1
12.448 1
12.456 1
12.464 1
12.472 1
12.48 1
12.488 1
12.496 1
12.504 1
12.512 1
12.52 1
12.528 1
12.536 1
12.544 1
12.552 1
12.56 1
12.568 1
12.576 1
12.584 1
12.592 1
12.6 1
12.608 1
12.616 1
12.624 1
12.632 1
12.64 1
12.648 1
12.656 1
12.664 1
12.672 1
12.68 1
12.688 1
12.696 1
12.704 1
12.712 1
12.72 1
12.728 1
12.736 1
12.744 1
12.752 1
12.76 1
12.768 1
12.776 1
12.784 1
12.792 1
12.8 1
12.808 1
12.816 1
12.824 1
12.832 1
12.84 1
12.848 1
12.856 1
12.864 1
12.872 1
12.88 1
12.888 1
12.896 1
12.904 1
12.912 1
12.92 1
12.928 1
12.936 1
12.944 1
12.952 1
12.96 1
12.968 1
12.976 1
12.984 1
12.992 1
13 1
13.008 1
13.016 1
13.024 1
13.032 1
13.04 1
13.048 1
13.056 1
13.064 1
13.072 1
13.08 1
13.088 1
13.096 1
13.104 1
13.112 1
13.12 1
13.128 1
13.136 1
13.144 1
13.152 1
13.16 1
13.168 1
13.176 1
13.184 1
13.192 1
13.2 1
13.208 1
13.216 1
13.224 1
13.232 1
13.24 1
13.248 1
13.256 1
13.264 1
13.272 1
13.28 1
13.288 1
13.296 1
13.304 1
13.312 1
13.32 1
13.328 1
13.336 1
13.344 1
13.352 1
13.36 1
13.368 1
13.376 1
13.384 1
13.392 1
13.4 1
13.408 1
13.416 1
13.424 1
13.432 1
13.44 1
13.448 1
13.456 1
13.464 1
13.472 1
13.48 1
13.488 1
13.496 1
13.504 1
13.512 1
13.52 1
13.528 1
13.536 1
13.544 1
13.552 1
13.56 1
13.568 1
13.576 1
13.584 1
13.592 1
13.6 1
13.608 1
13.616 1
13.624 1
13.632 1
13.64 1
13.648 1
13.656 1
13.664 1
13.672 1
13.68 1
13.688 1
13.696 1
13.704 1
13.712 1
13.72 1
13.728 1
13.736 1
13.744 1
13.752 1
13.76 1
13.768 1
13.776 1
13.784 1
13.792 1
13.8 1
13.808 1
13.816 1
13.824 1
13.832 1
13.84 1
13.848 1
13.856 1
13.864 1
13.872 1
13.88 1
13.888 1
13.896 1
13.904 1
13.912 1
13.92 1
13.928 1
13.936 1
13.944 1
13.952 1
13.96 1
13.968 1
13.976 1
13.984 1
13.992 1
14 1
14.008 1
14.016 1
14.024 1
14.032 1
14.04 1
14.048 1
14.056 1
14.064 1
14.072 1
14.08 1
14.088 1
14.096 1
14.104 1
14.112 1
14.12 1
14.128 1
14.136 1
14.144 1
14.152 1
14.16 1
14.168 1
14.176 1
14.184 1
14.192 1
14.2 1
14.208 1
14.216 1
14.224 1
14.232 1
14.24 1
14.248 1
14.256 1
14.264 1
14.272 1
14.28 1
14.288 1
14.296 1
14.304 1
14.312 1
14.32 1
14.328 1
14.336 1
14.344 1
14.352 1
14.36 1
14.368 1
14.376 1
14.384 1
14.392 1
14.4 1
14.408 1
14.416 1
14.424 1
14.432 1
14.44 1
14.448 1
14.456 1
14.464 1
14.472 1
14.48 1
14.488 1
14.496 1
14.504 1
14.512 1
14.52 1
14.528 1
14.536 1
14.544 1
14.552 1
14.56 1
14.568 1
14.576 1
14.584 1
14.592 1
14.6 1
14.608 1
14.616 1
14.624 1
14.632 1
14.64 1
14.648 1
14.656 1
14.664 1
14.672 1
14.68 1
14.688 1
14.696 1
14.704 1
14.712 1
14.72 1
14.728 1
14.736 1
14.744 1
14.752 1
14.76 1
14.768 1
14.776 1
14.784 1
14.792 1
14.8 1
14.808 1
14.816 1
14.824 1
14.832 1
14.84 1
14.848 1
14.856 1
14.864 1
14.872 1
14.88 1
14.888 1
14.896 1
14.904 1
14.912 1
14.92 1
14.928 1
14.936 1
14.944 1
14.952 1
14.96 1
14.968 1
14.976 1
14.984 1
14.992 1
