0.024 -0.998315
0.032 -0.997113
0.04 -0.995592
0.048 -0.993752
0.056 -0.991595
0.064 -0.989123
0.072 -0.986337
0.08 -0.983239
0.088 -0.979831
0.096 -0.976115
0.104 -0.972095
0.112 -0.967771
0.12 -0.963148
0.128 -0.958229
0.136 -0.953016
0.144 -0.947512
0.152 -0.941723
0.16 -0.935651
0.168 -0.9293
0.176 -0.922674
0.184 -0.915779
0.192 -0.908617
0.2 -0.901194
0.208 -0.893515
0.216 -0.885584
0.224 -0.877406
0.232 -0.868987
0.24 -0.860332
0.248 -0.851446
0.256 -0.842334
0.264 -0.833004
0.272 -0.82346
0.28 -0.813707
0.288 -0.803754
0.296 -0.793604
0.304 -0.783265
0.312 -0.772742
0.32 -0.762042
0.328 -0.751172
0.336 -0.740138
0.344 -0.728946
0.352 -0.717602
0.36 -0.706115
0.368 -0.69449
0.376 -0.682733
0.384 -0.670852
0.392 -0.658854
0.4 -0.646745
0.408 -0.634531
0.416 -0.622221
0.424 -0.60982
0.432 -0.597335
0.44 -0.584773
0.448 -0.572141
0.456 -0.559446
0.464 -0.546693
0.472 -0.533891
0.48 -0.521046
0.488 -0.508163
0.496 -0.49525
0.504 -0.482314
0.512 -0.46936
0.52 -0.456395
0.528 -0.443425
0.536 -0.430457
0.544 -0.417497
0.552 -0.404551
0.56 -0.391624
0.568 -0.378723
0.576 -0.365854
0.584 -0.353022
0.592 -0.340233
0.6 -0.327493
0.608 -0.314807
0.616 -0.302179
0.624 -0.289617
0.632 -0.277124
0.64 -0.264705
0.648 -0.252367
0.656 -0.240112
0.664 -0.227946
0.672 -0.215874
0.68 -0.203899
0.688 -0.192027
0.696 -0.18026
0.704 -0.168604
0.712 -0.157062
0.72 -0.145638
0.728 -0.134336
0.736 -0.123158
0.744 -0.112109
0.752 -0.101191
0.76 -0.0904073
0.768 -0.0797616
0.776 -0.0692562
0.784 -0.0588939
0.792 -0.0486771
0.8 -0.0386084
0.808 -0.02869
0.816 -0.018924
0.824 -0.00931256
0.832 0.000142568
0.84 0.00943957
0.848 0.0185768
0.856 0.0275528
0.864 0.0363661
0.872 0.0450156
0.88 0.0535
0.888 0.0618184
0.896 0.0699698
0.904 0.0779536
0.912 0.0857689
0.92 0.0934154
0.928 0.100893
0.936 0.1082
0.944 0.115338
0.952 0.122305
0.96 0.129103
0.968 0.135731
0.976 0.142189
0.984 0.148478
0.992 0.154598
1 0.16055
1.008 0.166333
1.016 0.17195
1.024 0.177399
1.032 0.182684
1.04 0.187803
1.048 0.192759
1.056 0.197552
1.064 0.202184
1.072 0.206655
1.08 0.210967
1.088 0.215122
1.096 0.21912
1.104 0.222963
1.112 0.226654
1.12 0.230192
1.128 0.23358
1.136 0.23682
1.144 0.239913
1.152 0.242862
1.16 0.245667
1.168 0.248331
1.176 0.250855
1.184 0.253242
1.192 0.255494
1.2 0.257612
1.208 0.259599
1.216 0.261456
1.224 0.263186
1.232 0.264791
1.24 0.266273
1.248 0.267633
1.256 0.268875
1.264 0.27
1.272 0.27101
1.28 0.271908
1.288 0.272696
1.296 0.273376
1.304 0.27395
1.312 0.274421
1.32 0.27479
1.328 0.27506
1.336 0.275233
1.344 0.275311
1.352 0.275297
1.36 0.275192
1.368 0.274999
1.376 0.27472
1.384 0.274357
1.392 0.273912
1.4 0.273388
1.408 0.272786
1.416 0.272108
1.424 0.271358
1.432 0.270536
1.44 0.269645
1.448 0.268687
1.456 0.267663
1.464 0.266577
1.472 0.265429
1.48 0.264222
1.488 0.262958
1.496 0.261638
1.504 0.260265
1.512 0.25884
1.52 0.257366
1.528 0.255843
1.536 0.254274
1.544 0.25266
1.552 0.251004
1.56 0.249307
1.568 0.24757
1.576 0.245795
1.584 0.243984
1.592 0.242139
1.6 0.240261
1.608 0.238351
1.616 0.236411
1.624 0.234442
1.632 0.232447
1.64 0.230425
1.648 0.22838
1.656 0.226311
1.664 0.224221
1.672 0.22211
1.68 0.219981
1.688 0.217834
1.696 0.215669
1.704 0.21349
1.712 0.211296
1.72 0.209089
1.728 0.20687
1.736 0.20464
1.744 0.202401
1.752 0.200152
1.76 0.197895
1.768 0.195631
1.776 0.193361
1.784 0.191086
1.792 0.188807
1.8 0.186524
1.808 0.184239
1.816 0.181952
1.824 0.179664
1.832 0.177376
1.84 0.175088
1.848 0.172802
1.856 0.170517
1.864 0.168235
1.872 0.165956
1.88 0.163681
1.888 0.161411
1.896 0.159145
1.904 0.156885
1.912 0.154631
1.92 0.152384
1.928 0.150143
1.936 0.147911
1.944 0.145686
1.952 0.14347
1.96 0.141262
1.968 0.139064
1.976 0.136876
1.984 0.134698
1.992 0.132529
2 0.130372
2.008 0.128226
2.016 0.126091
2.024 0.123968
2.032 0.121856
2.04 0.119757
2.048 0.11767
2.056 0.115595
2.064 0.113534
2.072 0.111485
2.08 0.10945
2.088 0.107428
2.096 0.10542
2.104 0.103425
2.112 0.101445
2.12 0.0994777
2.128 0.097525
2.136 0.0955865
2.144 0.0936623
2.152 0.0917526
2.16 0.0898572
2.168 0.0879765
2.176 0.0861103
2.184 0.0842588
2.192 0.082422
2.2 0.0806
2.208 0.0787927
2.216 0.0770002
2.224 0.0752226
2.232 0.0734597
2.24 0.0717116
2.248 0.0699784
2.256 0.0682599
2.264 0.0665563
2.272 0.0648673
2.28 0.0631931
2.288 0.0615336
2.296 0.0598887
2.304 0.0582584
2.312 0.0566427
2.32 0.0550415
2.328 0.0534546
2.336 0.0518822
2.344 0.0503241
2.352 0.0487802
2.36 0.0472504
2.368 0.0457348
2.376 0.0442331
2.384 0.0427454
2.392 0.0412714
2.4 0.0398112
2.408 0.0383647
2.416 0.0369317
2.424 0.0355122
2.432 0.034106
2.44 0.032713
2.448 0.0313332
2.456 0.0299665
2.464 0.0286127
2.472 0.0272717
2.48 0.0259434
2.488 0.0246277
2.496 0.0233245
2.504 0.0220337
2.512 0.0207551
2.52 0.0194887
2.528 0.0182343
2.536 0.0169919
2.544 0.0157612
2.552 0.0145422
2.56 0.0133347
2.568 0.0121387
2.576 0.010954
2.584 0.00978052
2.592 0.00861809
2.6 0.00746662
2.608 0.00632599
2.616 0.00519607
2.624 0.00407674
2.632 0.00296789
2.64 0.00186939
2.648 0.000781125
2.656 -0.000297023
2.664 -0.00136517
2.672 -0.00242345
2.68 -0.00347196
2.688 -0.00451083
2.696 -0.00554017
2.704 -0.0065601
2.712 -0.00757074
2.72 -0.00857219
2.728 -0.00956458
2.736 -0.010548
2.744 -0.0115226
2.752 -0.0124885
2.76 -0.0134457
2.768 -0.0143945
2.776 -0.0153348
2.784 -0.0162669
2.792 -0.0171908
2.8 -0.0181066
2.808 -0.0190144
2.816 -0.0199143
2.824 -0.0208065
2.832 -0.021691
2.84 -0.022568
2.848 -0.0234375
2.856 -0.0242996
2.864 -0.0251545
2.872 -0.0260021
2.88 -0.0268427
2.888 -0.0276763
2.896 -0.028503
2.904 -0.0293229
2.912 -0.0301361
2.92 -0.0309427
2.928 -0.0317427
2.936 -0.0325363
2.944 -0.0333235
2.952 -0.0341043
2.96 -0.034879
2.968 -0.0356476
2.976 -0.0364101
2.984 -0.0371666
2.992 -0.0379172
3 -0.038662
3.008 -0.039401
3.016 -0.0401344
3.024 -0.0408621
3.032 -0.0415843
3.04 -0.042301
3.048 -0.0430122
3.056 -0.0437181
3.064 -0.0444187
3.072 -0.0451141
3.08 -0.0458043
3.088 -0.0464894
3.096 -0.0471694
3.104 -0.0478444
3.112 -0.0485144
3.12 -0.0491795
3.128 -0.0498397
3.136 -0.0504951
3.144 -0.0511457
3.152 -0.0517916
3.16 -0.0524328
3.168 -0.0530693
3.176 -0.0537012
3.184 -0.0543285
3.192 -0.0549513
3.2 -0.0555695
3.208 -0.0561832
3.216 -0.0567925
3.224 -0.0573973
3.232 -0.0579977
3.24 -0.0585938
3.248 -0.0591854
3.256 -0.0597727
3.264 -0.0603556
3.272 -0.0609342
3.28 -0.0615084
3.288 -0.0620784
3.296 -0.062644
3.304 -0.0632054
3.312 -0.0637624
3.32 -0.0643152
3.328 -0.0648636
3.336 -0.0654077
3.344 -0.0659476
3.352 -0.0664831
3.36 -0.0670142
3.368 -0.067541
3.376 -0.0680635
3.384 -0.0685815
3.392 -0.0690952
3.4 -0.0696044
3.408 -0.0701091
3.416 -0.0706094
3.424 -0.0711051
3.432 -0.0715963
3.44 -0.0720829
3.448 -0.0725648
3.456 -0.0730421
3.464 -0.0735147
3.472 -0.0739824
3.48 -0.0744454
3.488 -0.0749035
3.496 -0.0753566
3.504 -0.0758047
3.512 -0.0762477
3.52 -0.0766857
3.528 -0.0771184
3.536 -0.0775458
3.544 -0.0779679
3.552 -0.0783845
3.56 -0.0787956
3.568 -0.079201
3.576 -0.0796008
3.584 -0.0799948
3.592 -0.0803828
3.6 -0.0807649
3.608 -0.0811409
3.616 -0.0815106
3.624 -0.0818739
3.632 -0.0822309
3.64 -0.0825812
3.648 -0.0829248
3.656 -0.0832616
3.664 -0.0835914
3.672 -0.0839141
3.68 -0.0842296
3.688 -0.0845376
3.696 -0.0848381
3.704 -0.0851308
3.712 -0.0854157
3.72 -0.0856925
3.728 -0.085961
3.736 -0.0862212
3.744 -0.0864728
3.752 -0.0867156
3.76 -0.0869495
3.768 -0.0871742
3.776 -0.0873896
3.784 -0.0875953
3.792 -0.0877913
3.8 -0.0879773
3.808 -0.0881531
3.816 -0.0883184
3.824 -0.088473
3.832 -0.0886166
3.84 -0.0887491
3.848 -0.0888702
3.856 -0.0889796
3.864 -0.089077
3.872 -0.0891622
3.88 -0.0892349
3.888 -0.0892948
3.896 -0.0893416
3.904 -0.089375
3.912 -0.0893948
3.92 -0.0894006
3.928 -0.0893921
3.936 -0.0893689
3.944 -0.0893308
3.952 -0.0892775
3.96 -0.0892085
3.968 -0.0891235
3.976 -0.0890222
3.984 -0.0889042
3.992 -0.0887691
4 -0.0886166
4.008 -0.0884463
4.016 -0.0882577
4.024 -0.0880505
4.032 -0.0878244
4.04 -0.0875787
4.048 -0.0873133
4.056 -0.0870275
4.064 -0.0867211
4.072 -0.0863935
4.08 -0.0860443
4.088 -0.085673
4.096 -0.0852792
4.104 -0.0848625
4.112 -0.0844222
4.12 -0.083958
4.128 -0.0834694
4.136 -0.0829558
4.144 -0.0824168
4.152 -0.0818518
4.16 -0.0812603
4.168 -0.0806418
4.176 -0.0799958
4.184 -0.0793217
4.192 -0.0786189
4.2 -0.077887
4.208 -0.0771253
4.216 -0.0763332
4.224 -0.0755103
4.232 -0.0746559
4.24 -0.0737694
4.248 -0.0728503
4.256 -0.0718979
4.264 -0.0709117
4.272 -0.0698909
4.28 -0.0688351
4.288 -0.0677436
4.296 -0.0666157
4.304 -0.0654509
4.312 -0.0642484
4.32 -0.0630077
4.328 -0.0617281
4.336 -0.0604089
4.344 -0.0590496
4.352 -0.0576494
4.36 -0.0562077
4.368 -0.0547238
4.376 -0.053197
4.384 -0.0516268
4.392 -0.0500124
4.4 -0.0483532
4.408 -0.0466484
4.416 -0.0448974
4.424 -0.0430996
4.432 -0.0412543
4.44 -0.0393607
4.448 -0.0374183
4.456 -0.0354263
4.464 -0.0333841
4.472 -0.0312911
4.48 -0.0291465
4.488 -0.0269497
4.496 -0.0247001
4.504 -0.022397
4.512 -0.0200397
4.52 -0.0176277
4.528 -0.0151602
4.536 -0.0126368
4.544 -0.0100566
4.552 -0.00741924
4.56 -0.004724
4.568 -0.00197031
4.576 0.000842408
4.584 0.00371472
4.592 0.00664717
4.6 0.00964032
4.608 0.0126947
4.616 0.0158108
4.624 0.0189891
4.632 0.0222302
4.64 0.0255344
4.648 0.0289023
4.656 0.0323342
4.664 0.0358306
4.672 0.0393918
4.68 0.0430183
4.688 0.0467104
4.696 0.0504683
4.704 0.0542925
4.712 0.0581831
4.72 0.0621404
4.728 0.0661647
4.736 0.0702561
4.744 0.0744148
4.752 0.0786409
4.76 0.0829345
4.768 0.0872957
4.776 0.0917245
4.784 0.0962209
4.792 0.100785
4.8 0.105416
4.808 0.110115
4.816 0.114881
4.824 0.119715
4.832 0.124615
4.84 0.129581
4.848 0.134614
4.856 0.139712
4.864 0.144876
4.872 0.150106
4.88 0.155399
4.888 0.160757
4.896 0.166177
4.904 0.171661
4.912 0.177206
4.92 0.182813
4.928 0.18848
4.936 0.194207
4.944 0.199993
4.952 0.205836
4.96 0.211735
4.968 0.217691
4.976 0.2237
4.984 0.229763
4.992 0.235878
5 0.242043
5.008 0.248258
5.016 0.25452
5.024 0.260828
5.032 0.267181
5.04 0.273577
5.048 0.280014
5.056 0.286491
5.064 0.293005
5.072 0.299555
5.08 0.306139
5.088 0.312754
5.096 0.319399
5.104 0.326071
5.112 0.332769
5.12 0.339489
5.128 0.346229
5.136 0.352988
5.144 0.359762
5.152 0.366548
5.16 0.373345
5.168 0.38015
5.176 0.386959
5.184 0.393769
5.192 0.400579
5.2 0.407384
5.208 0.414183
5.216 0.420971
5.224 0.427745
5.232 0.434503
5.24 0.441241
5.248 0.447955
5.256 0.454643
5.264 0.4613
5.272 0.467924
5.28 0.47451
5.288 0.481055
5.296 0.487555
5.304 0.494008
5.312 0.500407
5.32 0.506751
5.328 0.513035
5.336 0.519255
5.344 0.525408
5.352 0.531488
5.36 0.537493
5.368 0.543418
5.376 0.549259
5.384 0.555012
5.392 0.560673
5.4 0.566238
5.408 0.571702
5.416 0.577062
5.424 0.582313
5.432 0.58745
5.44 0.592471
5.448 0.59737
5.456 0.602143
5.464 0.606786
5.472 0.611296
5.48 0.615666
5.488 0.619895
5.496 0.623977
5.504 0.627908
5.512 0.631684
5.52 0.635301
5.528 0.638755
5.536 0.642042
5.544 0.645158
5.552 0.648099
5.56 0.650861
5.568 0.65344
5.576 0.655833
5.584 0.658036
5.592 0.660045
5.6 0.661857
5.608 0.663468
5.616 0.664874
5.624 0.666073
5.632 0.667061
5.64 0.667835
5.648 0.668391
5.656 0.668728
5.664 0.668841
5.672 0.668729
5.68 0.668388
5.688 0.667816
5.696 0.66701
5.704 0.665969
5.712 0.66469
5.72 0.66317
5.728 0.661409
5.736 0.659404
5.744 0.657153
5.752 0.654655
5.76 0.651909
5.768 0.648913
5.776 0.645666
5.784 0.642167
5.792 0.638416
5.8 0.634411
5.808 0.630153
5.816 0.625641
5.824 0.620875
5.832 0.615855
5.84 0.61058
5.848 0.605052
5.856 0.599271
5.864 0.593238
5.872 0.586952
5.88 0.580417
5.888 0.573632
5.896 0.566599
5.904 0.559319
5.912 0.551795
5.92 0.544028
5.928 0.536021
5.936 0.527775
5.944 0.519292
5.952 0.510577
5.96 0.501631
5.968 0.492457
5.976 0.483058
5.984 0.473439
5.992 0.463601
6 0.453549
6.008 0.443287
6.016 0.432818
6.024 0.422148
6.032 0.411279
6.04 0.400216
6.048 0.388964
6.056 0.377528
6.064 0.365913
6.072 0.354123
6.08 0.342164
6.088 0.330041
6.096 0.31776
6.104 0.305326
6.112 0.292744
6.12 0.280021
6.128 0.267162
6.136 0.254174
6.144 0.241063
6.152 0.227835
6.16 0.214495
6.168 0.201052
6.176 0.18751
6.184 0.173878
6.192 0.160161
6.2 0.146366
6.208 0.1325
6.216 0.11857
6.224 0.104583
6.232 0.0905452
6.24 0.0764646
6.248 0.0623478
6.256 0.048202
6.264 0.0340341
6.272 0.0198514
6.28 0.00566105
6.288 -0.00852992
6.296 -0.0227143
6.304 -0.036885
6.312 -0.0510349
6.32 -0.0651569
6.328 -0.0792439
6.336 -0.0932888
6.344 -0.107285
6.352 -0.121224
6.36 -0.135101
6.368 -0.148908
6.376 -0.162639
6.384 -0.176285
6.392 -0.189842
6.4 -0.203302
6.408 -0.216659
6.416 -0.229907
6.424 -0.243038
6.432 -0.256047
6.44 -0.268928
6.448 -0.281674
6.456 -0.29428
6.464 -0.30674
6.472 -0.319048
6.48 -0.331199
6.488 -0.343186
6.496 -0.355006
6.504 -0.366652
6.512 -0.37812
6.52 -0.389405
6.528 -0.400501
6.536 -0.411405
6.544 -0.422112
6.552 -0.432618
6.56 -0.442918
6.568 -0.453009
6.576 -0.462887
6.584 -0.472548
6.592 -0.481989
6.6 -0.491206
6.608 -0.500196
6.616 -0.508957
6.624 -0.517485
6.632 -0.525778
6.64 -0.533833
6.648 -0.541649
6.656 -0.549223
6.664 -0.556553
6.672 -0.563638
6.68 -0.570475
6.688 -0.577064
6.696 -0.583404
6.704 -0.589492
6.712 -0.595329
6.72 -0.600914
6.728 -0.606246
6.736 -0.611325
6.744 -0.616151
6.752 -0.620723
6.76 -0.625042
6.768 -0.629108
6.776 -0.632921
6.784 -0.636483
6.792 -0.639794
6.8 -0.642855
6.808 -0.645667
6.816 -0.648231
6.824 -0.650549
6.832 -0.652621
6.84 -0.654451
6.848 -0.656039
6.856 -0.657388
6.864 -0.6585
6.872 -0.659376
6.88 -0.66002
6.888 -0.660433
6.896 -0.660618
6.904 -0.660578
6.912 -0.660315
6.92 -0.659833
6.928 -0.659135
6.936 -0.658222
6.944 -0.6571
6.952 -0.65577
6.96 -0.654236
6.968 -0.652503
6.976 -0.650572
6.984 -0.648448
6.992 -0.646134
7 -0.643634
7.008 -0.640952
7.016 -0.638092
7.024 -0.635057
7.032 -0.631851
7.04 -0.628479
7.048 -0.624944
7.056 -0.62125
7.064 -0.617402
7.072 -0.613404
7.08 -0.609259
7.088 -0.604972
7.096 -0.600547
7.104 -0.595988
7.112 -0.591299
7.12 -0.586485
7.128 -0.58155
7.136 -0.576498
7.144 -0.571333
7.152 -0.566059
7.16 -0.560681
7.168 -0.555203
7.176 -0.549628
7.184 -0.543962
7.192 -0.538208
7.2 -0.53237
7.208 -0.526452
7.216 -0.520458
7.224 -0.514393
7.232 -0.508261
7.24 -0.502064
7.248 -0.495808
7.256 -0.489496
7.264 -0.483131
7.272 -0.476718
7.28 -0.470261
7.288 -0.463762
7.296 -0.457226
7.304 -0.450656
7.312 -0.444056
7.32 -0.437429
7.328 -0.430779
7.336 -0.424109
7.344 -0.417421
7.352 -0.410721
7.36 -0.404009
7.368 -0.397291
7.376 -0.390568
7.384 -0.383844
7.392 -0.377121
7.4 -0.370403
7.408 -0.363692
7.416 -0.356991
7.424 -0.350303
7.432 -0.34363
7.44 -0.336974
7.448 -0.330339
7.456 -0.323726
7.464 -0.317138
7.472 -0.310577
7.48 -0.304046
7.488 -0.297545
7.496 -0.291079
7.504 -0.284647
7.512 -0.278253
7.52 -0.271897
7.528 -0.265583
7.536 -0.259311
7.544 -0.253084
7.552 -0.246902
7.56 -0.240768
7.568 -0.234682
7.576 -0.228646
7.584 -0.222662
7.592 -0.216731
7.6 -0.210853
7.608 -0.205031
7.616 -0.199265
7.624 -0.193556
7.632 -0.187905
7.64 -0.182313
7.648 -0.176781
7.656 -0.17131
7.664 -0.165901
7.672 -0.160553
7.68 -0.155268
7.688 -0.150047
7.696 -0.14489
7.704 -0.139797
7.712 -0.134769
7.72 -0.129806
7.728 -0.124909
7.736 -0.120078
7.744 -0.115313
7.752 -0.110614
7.76 -0.105982
7.768 -0.101417
7.776 -0.0969192
7.784 -0.0924879
7.792 -0.0881237
7.8 -0.0838265
7.808 -0.0795962
7.816 -0.0754328
7.824 -0.0713361
7.832 -0.0673061
7.84 -0.0633426
7.848 -0.0594454
7.856 -0.0556142
7.864 -0.0518489
7.872 -0.0481491
7.88 -0.0445145
7.888 -0.0409449
7.896 -0.0374398
7.904 -0.0339989
7.912 -0.0306218
7.92 -0.0273081
7.928 -0.0240574
7.936 -0.0208692
7.944 -0.0177431
7.952 -0.0146785
7.96 -0.0116749
7.968 -0.00873194
7.976 -0.00584897
7.984 -0.00302548
7.992 -0.000260915
8 0.0024453
8.008 0.00509373
8.016 0.00768498
8.024 0.0102196
8.032 0.0126983
8.04 0.0151216
8.048 0.0174902
8.056 0.0198046
8.064 0.0220656
8.072 0.0242738
8.08 0.0264297
8.088 0.0285341
8.096 0.0305877
8.104 0.032591
8.112 0.0345448
8.12 0.0364496
8.128 0.0383063
8.136 0.0401154
8.144 0.0418776
8.152 0.0435935
8.16 0.0452639
8.168 0.0468895
8.176 0.0484708
8.184 0.0500086
8.192 0.0515035
8.2 0.0529561
8.208 0.0543673
8.216 0.0557375
8.224 0.0570674
8.232 0.0583578
8.24 0.0596093
8.248 0.0608224
8.256 0.0619979
8.264 0.0631364
8.272 0.0642385
8.28 0.0653048
8.288 0.066336
8.296 0.0673327
8.304 0.0682955
8.312 0.069225
8.32 0.0701218
8.328 0.0709865
8.336 0.0718197
8.344 0.0726219
8.352 0.0733939
8.36 0.074136
8.368 0.0748489
8.376 0.0755332
8.384 0.0761894
8.392 0.076818
8.4 0.0774196
8.408 0.0779947
8.416 0.0785438
8.424 0.0790675
8.432 0.0795663
8.44 0.0800406
8.448 0.0804909
8.456 0.0809178
8.464 0.0813218
8.472 0.0817032
8.48 0.0820626
8.488 0.0824004
8.496 0.0827171
8.504 0.0830132
8.512 0.0832889
8.52 0.0835449
8.528 0.0837815
8.536 0.0839991
8.544 0.0841982
8.552 0.0843791
8.56 0.0845422
8.568 0.0846879
8.576 0.0848167
8.584 0.0849288
8.592 0.0850246
8.6 0.0851046
8.608 0.085169
8.616 0.0852182
8.624 0.0852526
8.632 0.0852724
8.64 0.085278
8.648 0.0852697
8.656 0.0852478
8.664 0.0852127
8.672 0.0851646
8.68 0.0851038
8.688 0.0850306
8.696 0.0849454
8.704 0.0848482
8.712 0.0847396
8.72 0.0846196
8.728 0.0844886
8.736 0.0843467
8.744 0.0841944
8.752 0.0840317
8.76 0.0838589
8.768 0.0836763
8.776 0.083484
8.784 0.0832824
8.792 0.0830715
8.8 0.0828516
8.808 0.082623
8.816 0.0823857
8.824 0.0821401
8.832 0.0818862
8.84 0.0816243
8.848 0.0813545
8.856 0.081077
8.864 0.080792
8.872 0.0804996
8.88 0.0802001
8.888 0.0798934
8.896 0.0795799
8.904 0.0792596
8.912 0.0789326
8.92 0.0785992
8.928 0.0782594
8.936 0.0779134
8.944 0.0775613
8.952 0.0772032
8.96 0.0768392
8.968 0.0764695
8.976 0.0760941
8.984 0.0757131
8.992 0.0753267
9 0.0749349
9.008 0.0745379
9.016 0.0741357
9.024 0.0737284
9.032 0.0733161
9.04 0.0728989
9.048 0.0724768
9.056 0.07205
9.064 0.0716184
9.072 0.0711822
9.08 0.0707414
9.088 0.0702961
9.096 0.0698463
9.104 0.0693921
9.112 0.0689336
9.12 0.0684707
9.128 0.0680036
9.136 0.0675322
9.144 0.0670567
9.152 0.066577
9.16 0.0660932
9.168 0.0656054
9.176 0.0651134
9.184 0.0646175
9.192 0.0641176
9.2 0.0636137
9.208 0.0631058
9.216 0.062594
9.224 0.0620783
9.232 0.0615586
9.24 0.0610351
9.248 0.0605076
9.256 0.0599763
9.264 0.0594411
9.272 0.058902
9.28 0.058359
9.288 0.0578122
9.296 0.0572614
9.304 0.0567068
9.312 0.0561483
9.32 0.0555858
9.328 0.0550194
9.336 0.0544491
9.344 0.0538748
9.352 0.0532965
9.36 0.0527142
9.368 0.0521279
9.376 0.0515376
9.384 0.0509432
9.392 0.0503447
9.4 0.0497421
9.408 0.0491353
9.416 0.0485243
9.424 0.0479091
9.432 0.0472896
9.44 0.0466658
9.448 0.0460377
9.456 0.0454052
9.464 0.0447683
9.472 0.044127
9.48 0.0434811
9.488 0.0428306
9.496 0.0421756
9.504 0.0415158
9.512 0.0408514
9.52 0.0401822
9.528 0.0395082
9.536 0.0388293
9.544 0.0381455
9.552 0.0374566
9.56 0.0367628
9.568 0.0360638
9.576 0.0353596
9.584 0.0346502
9.592 0.0339354
9.6 0.0332153
9.608 0.0324897
9.616 0.0317586
9.624 0.031022
9.632 0.0302796
9.64 0.0295315
9.648 0.0287776
9.656 0.0280178
9.664 0.0272521
9.672 0.0264803
9.68 0.0257023
9.688 0.0249182
9.696 0.0241277
9.704 0.0233309
9.712 0.0225276
9.72 0.0217178
9.728 0.0209013
9.736 0.0200781
9.744 0.0192481
9.752 0.0184112
9.76 0.0175672
9.768 0.0167162
9.776 0.015858
9.784 0.0149926
9.792 0.0141197
9.8 0.0132394
9.808 0.0123515
9.816 0.011456
9.824 0.0105527
9.832 0.00964153
9.84 0.0087224
9.848 0.00779521
9.856 0.00685985
9.864 0.00591622
9.872 0.00496422
9.88 0.00400374
9.888 0.00303469
9.896 0.00205695
9.904 0.00107043
9.912 7.50065e-05
9.92 -0.000929413
9.928 -0.00194294
9.936 -0.00296568
9.944 -0.00399773
9.952 -0.00503921
9.96 -0.00609023
9.968 -0.00715088
9.976 -0.00822129
9.984 -0.00930154
9.992 -0.0103918
10 -0.011492
10.008 -0.0126025
10.016 -0.0137232
10.024 -0.0148544
10.032 -0.015996
10.04 -0.0171482
10.048 -0.0183111
10.056 -0.0194848
10.064 -0.0206694
10.072 -0.0218651
10.08 -0.0230718
10.088 -0.0242898
10.096 -0.025519
10.104 -0.0267597
10.112 -0.0280118
10.12 -0.0292756
10.128 -0.0305511
10.136 -0.0318383
10.144 -0.0331374
10.152 -0.0344485
10.16 -0.0357716
10.168 -0.0371068
10.176 -0.0384543
10.184 -0.039814
10.192 -0.0411861
10.2 -0.0425707
10.208 -0.0439678
10.216 -0.0453774
10.224 -0.0467997
10.232 -0.0482347
10.24 -0.0496825
10.248 -0.0511431
10.256 -0.0526166
10.264 -0.054103
10.272 -0.0556023
10.28 -0.0571147
10.288 -0.0586401
10.296 -0.0601786
10.304 -0.0617302
10.312 -0.0632948
10.32 -0.0648727
10.328 -0.0664636
10.336 -0.0680677
10.344 -0.069685
10.352 -0.0713154
10.36 -0.0729589
10.368 -0.0746155
10.376 -0.0762851
10.384 -0.0779679
10.392 -0.0796636
10.4 -0.0813722
10.408 -0.0830938
10.416 -0.0848282
10.424 -0.0865753
10.432 -0.0883351
10.44 -0.0901075
10.448 -0.0918924
10.456 -0.0936897
10.464 -0.0954992
10.472 -0.0973208
10.48 -0.0991545
10.488 -0.101
10.496 -0.102857
10.504 -0.104726
10.512 -0.106606
10.52 -0.108497
10.528 -0.110399
10.536 -0.112312
10.544 -0.114235
10.552 -0.116169
10.56 -0.118112
10.568 -0.120065
10.576 -0.122028
10.584 -0.124
10.592 -0.12598
10.6 -0.12797
10.608 -0.129967
10.616 -0.131972
10.624 -0.133984
10.632 -0.136004
10.64 -0.13803
10.648 -0.140062
10.656 -0.1421
10.664 -0.144144
10.672 -0.146192
10.68 -0.148244
10.688 -0.150301
10.696 -0.15236
10.704 -0.154423
10.712 -0.156487
10.72 -0.158553
10.728 -0.16062
10.736 -0.162687
10.744 -0.164754
10.752 -0.16682
10.76 -0.168884
10.768 -0.170946
10.776 -0.173005
10.784 -0.17506
10.792 -0.177109
10.8 -0.179154
10.808 -0.181192
10.816 -0.183223
10.824 -0.185246
10.832 -0.187259
10.84 -0.189263
10.848 -0.191256
10.856 -0.193237
10.864 -0.195206
10.872 -0.19716
10.88 -0.199099
10.888 -0.201023
10.896 -0.202929
10.904 -0.204817
10.912 -0.206686
10.92 -0.208534
10.928 -0.210361
10.936 -0.212164
10.944 -0.213943
10.952 -0.215697
10.96 -0.217424
10.968 -0.219122
10.976 -0.220792
10.984 -0.22243
10.992 -0.224036
11 -0.225608
11.008 -0.227145
11.016 -0.228645
11.024 -0.230108
11.032 -0.23153
11.04 -0.232911
11.048 -0.23425
11.056 -0.235544
11.064 -0.236792
11.072 -0.237992
11.08 -0.239143
11.088 -0.240242
11.096 -0.24129
11.104 -0.242282
11.112 -0.243218
11.12 -0.244097
11.128 -0.244915
11.136 -0.245672
11.144 -0.246366
11.152 -0.246994
11.16 -0.247555
11.168 -0.248047
11.176 -0.248469
11.184 -0.248817
11.192 -0.249091
11.2 -0.249289
11.208 -0.249408
11.216 -0.249446
11.224 -0.249403
11.232 -0.249275
11.24 -0.249061
11.248 -0.248758
11.256 -0.248366
11.264 -0.247882
11.272 -0.247303
11.28 -0.246629
11.288 -0.245856
11.296 -0.244984
11.304 -0.24401
11.312 -0.242933
11.32 -0.24175
11.328 -0.240459
11.336 -0.239059
11.344 -0.237548
11.352 -0.235924
11.36 -0.234184
11.368 -0.232328
11.376 -0.230354
11.384 -0.228259
11.392 -0.226042
11.4 -0.223702
11.408 -0.221236
11.416 -0.218643
11.424 -0.215922
11.432 -0.21307
11.44 -0.210086
11.448 -0.20697
11.456 -0.203718
11.464 -0.200331
11.472 -0.196806
11.48 -0.193143
11.488 -0.189339
11.496 -0.185395
11.504 -0.181308
11.512 -0.177078
11.52 -0.172704
11.528 -0.168184
11.536 -0.163518
11.544 -0.158705
11.552 -0.153745
11.56 -0.148636
11.568 -0.143378
11.576 -0.137971
11.584 -0.132414
11.592 -0.126706
11.6 -0.120848
11.608 -0.11484
11.616 -0.10868
11.624 -0.10237
11.632 -0.0959092
11.64 -0.0892978
11.648 -0.0825362
11.656 -0.0756248
11.664 -0.068564
11.672 -0.0613544
11.68 -0.0539967
11.688 -0.0464917
11.696 -0.0388403
11.704 -0.0310434
11.712 -0.0231022
11.72 -0.0150179
11.728 -0.00679184
11.736 0.00157456
11.744 0.0100797
11.752 0.018722
11.76 0.0274996
11.768 0.0364107
11.776 0.0454531
11.784 0.0546249
11.792 0.0639236
11.8 0.073347
11.808 0.0828926
11.816 0.0925577
11.824 0.10234
11.832 0.112236
11.84 0.122243
11.848 0.132358
11.856 0.142577
11.864 0.152898
11.872 0.163318
11.88 0.173831
11.888 0.184436
11.896 0.195127
11.904 0.205902
11.912 0.216756
11.92 0.227685
11.928 0.238685
11.936 0.249752
11.944 0.260881
11.952 0.272067
11.96 0.283307
11.968 0.294595
11.976 0.305926
11.984 0.317296
11.992 0.3287
12 0.340132
12.008 0.351588
12.016 0.363062
12.024 0.374549
12.032 0.386044
12.04 0.39754
12.048 0.409034
12.056 0.420518
12.064 0.431988
12.072 0.443437
12.08 0.45486
12.088 0.466252
12.096 0.477606
12.104 0.488916
12.112 0.500177
12.12 0.511383
12.128 0.522527
12.136 0.533605
12.144 0.544609
12.152 0.555533
12.16 0.566373
12.168 0.577121
12.176 0.587773
12.184 0.598321
12.192 0.60876
12.2 0.619084
12.208 0.629287
12.216 0.639363
12.224 0.649306
12.232 0.659111
12.24 0.668772
12.248 0.678282
12.256 0.687637
12.264 0.696831
12.272 0.705858
12.28 0.714713
12.288 0.723391
12.296 0.731885
12.304 0.740192
12.312 0.748305
12.32 0.75622
12.328 0.763932
12.336 0.771436
12.344 0.778728
12.352 0.785803
12.36 0.792655
12.368 0.799283
12.376 0.805679
12.384 0.811842
12.392 0.817767
12.4 0.82345
12.408 0.828887
12.416 0.834075
12.424 0.839011
12.432 0.843692
12.44 0.848113
12.448 0.852274
12.456 0.85617
12.464 0.8598
12.472 0.863161
12.48 0.86625
12.488 0.869066
12.496 0.871608
12.504 0.873872
12.512 0.875859
12.52 0.877566
12.528 0.878992
12.536 0.880138
12.544 0.881
12.552 0.88158
12.56 0.881877
12.568 0.881891
12.576 0.881622
12.584 0.881069
12.592 0.880234
12.6 0.879116
12.608 0.877717
12.616 0.876038
12.624 0.87408
12.632 0.871843
12.64 0.869331
12.648 0.866543
12.656 0.863482
12.664 0.860151
12.672 0.85655
12.68 0.852684
12.688 0.848554
12.696 0.844162
12.704 0.839513
12.712 0.834608
12.72 0.829451
12.728 0.824046
12.736 0.818396
12.744 0.812504
12.752 0.806375
12.76 0.800012
12.768 0.79342
12.776 0.786602
12.784 0.779563
12.792 0.772307
12.8 0.76484
12.808 0.757165
12.816 0.749288
12.824 0.741213
12.832 0.732946
12.84 0.724491
12.848 0.715854
12.856 0.70704
12.864 0.698055
12.872 0.688903
12.88 0.679591
12.888 0.670124
12.896 0.660508
12.904 0.650748
12.912 0.64085
12.92 0.63082
12.928 0.620664
12.936 0.610388
12.944 0.599997
12.952 0.589498
12.96 0.578896
12.968 0.568198
12.976 0.557409
12.984 0.546535
12.992 0.535583
13 0.524558
13.008 0.513467
13.016 0.502315
13.024 0.491108
13.032 0.479853
13.04 0.468554
13.048 0.457218
13.056 0.445851
13.064 0.434459
13.072 0.423046
13.08 0.41162
13.088 0.400185
13.096 0.388746
13.104 0.377311
13.112 0.365883
13.12 0.354469
13.128 0.343073
13.136 0.331701
13.144 0.320358
13.152 0.309048
13.16 0.297778
13.168 0.286551
13.176 0.275373
13.184 0.264249
13.192 0.253182
13.2 0.242177
13.208 0.231239
13.216 0.220372
13.224 0.20958
13.232 0.198867
13.24 0.188238
13.248 0.177695
13.256 0.167244
13.264 0.156886
13.272 0.146627
13.28 0.136469
13.288 0.126415
13.296 0.116469
13.304 0.106634
13.312 0.096913
13.32 0.0873082
13.328 0.0778227
13.336 0.068459
13.344 0.0592196
13.352 0.0501069
13.36 0.0411229
13.368 0.0322699
13.376 0.0235499
13.384 0.0149647
13.392 0.00651606
13.4 -0.00179435
13.408 -0.00996502
13.416 -0.0179945
13.424 -0.0258815
13.432 -0.0336249
13.44 -0.0412235
13.448 -0.0486764
13.456 -0.0559826
13.464 -0.0631416
13.472 -0.0701525
13.48 -0.0770148
13.488 -0.083728
13.496 -0.0902919
13.504 -0.0967062
13.512 -0.102971
13.52 -0.109085
13.528 -0.11505
13.536 -0.120865
13.544 -0.12653
13.552 -0.132046
13.56 -0.137413
13.568 -0.142632
13.576 -0.147702
13.584 -0.152626
13.592 -0.157402
13.6 -0.162033
13.608 -0.166519
13.616 -0.17086
13.624 -0.175058
13.632 -0.179114
13.64 -0.183029
13.648 -0.186804
13.656 -0.19044
13.664 -0.193938
13.672 -0.1973
13.68 -0.200527
13.688 -0.203621
13.696 -0.206582
13.704 -0.209413
13.712 -0.212115
13.72 -0.21469
13.728 -0.217138
13.736 -0.219463
13.744 -0.221664
13.752 -0.223745
13.76 -0.225707
13.768 -0.227551
13.776 -0.22928
13.784 -0.230895
13.792 -0.232399
13.8 -0.233792
13.808 -0.235077
13.816 -0.236255
13.824 -0.237329
13.832 -0.238301
13.84 -0.239172
13.848 -0.239944
13.856 -0.240619
13.864 -0.2412
13.872 -0.241687
13.88 -0.242084
13.888 -0.242392
13.896 -0.242612
13.904 -0.242748
13.912 -0.2428
13.92 -0.242771
13.928 -0.242663
13.936 -0.242477
13.944 -0.242216
13.952 -0.241881
13.96 -0.241475
13.968 -0.240998
13.976 -0.240454
13.984 -0.239843
13.992 -0.239169
14 -0.238431
14.008 -0.237633
14.016 -0.236777
14.024 -0.235863
14.032 -0.234894
14.04 -0.233871
14.048 -0.232796
14.056 -0.231671
14.064 -0.230498
14.072 -0.229277
14.08 -0.228012
14.088 -0.226703
14.096 -0.225351
14.104 -0.22396
14.112 -0.222529
14.12 -0.221061
14.128 -0.219557
14.136 -0.218018
14.144 -0.216446
14.152 -0.214843
14.16 -0.21321
14.168 -0.211547
14.176 -0.209858
14.184 -0.208142
14.192 -0.206401
14.2 -0.204636
14.208 -0.202849
14.216 -0.201041
14.224 -0.199213
14.232 -0.197366
14.24 -0.195501
14.248 -0.19362
14.256 -0.191723
14.264 -0.189812
14.272 -0.187887
14.28 -0.18595
14.288 -0.184001
14.296 -0.182042
14.304 -0.180074
14.312 -0.178097
14.32 -0.176112
14.328 -0.174121
14.336 -0.172123
14.344 -0.17012
14.352 -0.168113
14.36 -0.166103
14.368 -0.164089
14.376 -0.162073
14.384 -0.160056
14.392 -0.158038
14.4 -0.15602
14.408 -0.154003
14.416 -0.151987
14.424 -0.149973
14.432 -0.147961
14.44 -0.145952
14.448 -0.143946
14.456 -0.141944
14.464 -0.139947
14.472 -0.137955
14.48 -0.135969
14.488 -0.133988
14.496 -0.132013
14.504 -0.130046
14.512 -0.128085
14.52 -0.126132
14.528 -0.124187
14.536 -0.122251
14.544 -0.120322
14.552 -0.118403
14.56 -0.116493
14.568 -0.114592
14.576 -0.112702
14.584 -0.110821
14.592 -0.10895
14.6 -0.10709
14.608 -0.105241
14.616 -0.103403
14.624 -0.101576
14.632 -0.0997602
14.64 -0.097956
14.648 -0.0961634
14.656 -0.0943828
14.664 -0.092614
14.672 -0.0908574
14.68 -0.0891131
14.688 -0.0873811
14.696 -0.0856615
14.704 -0.0839545
14.712 -0.0822601
14.72 -0.0805785
14.728 -0.0789096
14.736 -0.0772536
14.744 -0.0756104
14.752 -0.0739802
14.76 -0.072363
14.768 -0.0707587
14.776 -0.0691675
14.784 -0.0675894
14.792 -0.0660243
14.8 -0.0644723
14.808 -0.0629333
14.816 -0.0614074
14.824 -0.0598945
14.832 -0.0583947
14.84 -0.0569079
14.848 -0.055434
14.856 -0.0539731
14.864 -0.0525251
14.872 -0.0510899
14.88 -0.0496676
14.888 -0.048258
14.896 -0.0468612
14.904 -0.045477
14.912 -0.0441054
14.92 -0.0427464
14.928 -0.0413998
14.936 -0.0400657
14.944 -0.0387438
14.952 -0.0374343
14.96 -0.0361369
14.968 -0.0348516
14.976 -0.0335783
14.984 -0.0323169
14.992 -0.0310674
