0.024 -0.999263
0.032 -0.998797
0.04 -0.998221
0.048 -0.997534
0.056 -0.996739
0.064 -0.995834
0.072 -0.99482
0.08 -0.993697
0.088 -0.992466
0.096 -0.991128
0.104 -0.989682
0.112 -0.98813
0.12 -0.986472
0.128 -0.984708
0.136 -0.982839
0.144 -0.980866
0.152 -0.97879
0.16 -0.976611
0.168 -0.97433
0.176 -0.971948
0.184 -0.969466
0.192 -0.966885
0.2 -0.964205
0.208 -0.961428
0.216 -0.958555
0.224 -0.955586
0.232 -0.952523
0.24 -0.949367
0.248 -0.946119
0.256 -0.94278
0.264 -0.939351
0.272 -0.935834
0.28 -0.932229
0.288 -0.928539
0.296 -0.924763
0.304 -0.920905
0.312 -0.916964
0.32 -0.912943
0.328 -0.908842
0.336 -0.904663
0.344 -0.900408
0.352 -0.896078
0.36 -0.891674
0.368 -0.887198
0.376 -0.882652
0.384 -0.878036
0.392 -0.873352
0.4 -0.868603
0.408 -0.863789
0.416 -0.858912
0.424 -0.853973
0.432 -0.848975
0.44 -0.843919
0.448 -0.838805
0.456 -0.833637
0.464 -0.828416
0.472 -0.823142
0.48 -0.817819
0.488 -0.812446
0.496 -0.807027
0.504 -0.801563
0.512 -0.796054
0.52 -0.790504
0.528 -0.784913
0.536 -0.779284
0.544 -0.773617
0.552 -0.767915
0.56 -0.762178
0.568 -0.75641
0.576 -0.750611
0.584 -0.744782
0.592 -0.738926
0.6 -0.733044
0.608 -0.727138
0.616 -0.721209
0.624 -0.715259
0.632 -0.709289
0.64 -0.7033
0.648 -0.697296
0.656 -0.691276
0.664 -0.685242
0.672 -0.679197
0.68 -0.67314
0.688 -0.667075
0.696 -0.661001
0.704 -0.654922
0.712 -0.648837
0.72 -0.642749
0.728 -0.636659
0.736 -0.630568
0.744 -0.624477
0.752 -0.618389
0.76 -0.612303
0.768 -0.606222
0.776 -0.600147
0.784 -0.594078
0.792 -0.588018
0.8 -0.581967
0.808 -0.575927
0.816 -0.569898
0.824 -0.563882
0.832 -0.55788
0.84 -0.551893
0.848 -0.545923
0.856 -0.539969
0.864 -0.534034
0.872 -0.528118
0.88 -0.522222
0.888 -0.516347
0.896 -0.510494
0.904 -0.504664
0.912 -0.498858
0.92 -0.493077
0.928 -0.487322
0.936 -0.481593
0.944 -0.475891
0.952 -0.470217
0.96 -0.464572
0.968 -0.458956
0.976 -0.453371
0.984 -0.447816
0.992 -0.442293
1 -0.436802
1.008 -0.431344
1.016 -0.425919
1.024 -0.420529
1.032 -0.415172
1.04 -0.409851
1.048 -0.404566
1.056 -0.399316
1.064 -0.394103
1.072 -0.388927
1.08 -0.383788
1.088 -0.378687
1.096 -0.373624
1.104 -0.368599
1.112 -0.363614
1.12 -0.358667
1.128 -0.353761
1.136 -0.348893
1.144 -0.344066
1.152 -0.339279
1.16 -0.334533
1.168 -0.329827
1.176 -0.325163
1.184 -0.320539
1.192 -0.315957
1.2 -0.311416
1.208 -0.306916
1.216 -0.302458
1.224 -0.298042
1.232 -0.293668
1.24 -0.289335
1.248 -0.285045
1.256 -0.280796
1.264 -0.276589
1.272 -0.272424
1.28 -0.268301
1.288 -0.26422
1.296 -0.260181
1.304 -0.256184
1.312 -0.252228
1.32 -0.248315
1.328 -0.244442
1.336 -0.240612
1.344 -0.236822
1.352 -0.233074
1.36 -0.229368
1.368 -0.225702
1.376 -0.222077
1.384 -0.218493
1.392 -0.214949
1.4 -0.211446
1.408 -0.207982
1.416 -0.204559
1.424 -0.201176
1.432 -0.197832
1.44 -0.194528
1.448 -0.191262
1.456 -0.188036
1.464 -0.184848
1.472 -0.181699
1.48 -0.178588
1.488 -0.175515
1.496 -0.172479
1.504 -0.169481
1.512 -0.16652
1.52 -0.163596
1.528 -0.160708
1.536 -0.157857
1.544 -0.155041
1.552 -0.152262
1.56 -0.149517
1.568 -0.146808
1.576 -0.144134
1.584 -0.141494
1.592 -0.138888
1.6 -0.136316
1.608 -0.133778
1.616 -0.131272
1.624 -0.1288
1.632 -0.12636
1.64 -0.123953
1.648 -0.121577
1.656 -0.119233
1.664 -0.116921
1.672 -0.114639
1.68 -0.112388
1.688 -0.110167
1.696 -0.107976
1.704 -0.105815
1.712 -0.103683
1.72 -0.10158
1.728 -0.099506
1.736 -0.09746
1.744 -0.095442
1.752 -0.0934516
1.76 -0.0914885
1.768 -0.0895524
1.776 -0.087643
1.784 -0.0857599
1.792 -0.0839029
1.8 -0.0820715
1.808 -0.0802654
1.816 -0.0784844
1.824 -0.0767281
1.832 -0.0749962
1.84 -0.0732884
1.848 -0.0716043
1.856 -0.0699437
1.864 -0.0683062
1.872 -0.0666915
1.88 -0.0650993
1.888 -0.0635294
1.896 -0.0619813
1.904 -0.0604548
1.912 -0.0589496
1.92 -0.0574653
1.928 -0.0560018
1.936 -0.0545587
1.944 -0.0531356
1.952 -0.0517324
1.96 -0.0503487
1.968 -0.0489842
1.976 -0.0476386
1.984 -0.0463118
1.992 -0.0450033
2 -0.0437129
2.008 -0.0424404
2.016 -0.0411854
2.024 -0.0399477
2.032 -0.0387271
2.04 -0.0375232
2.048 -0.0363358
2.056 -0.0351646
2.064 -0.0340095
2.072 -0.0328701
2.08 -0.0317461
2.088 -0.0306374
2.096 -0.0295437
2.104 -0.0284647
2.112 -0.0274002
2.12 -0.02635
2.128 -0.0253138
2.136 -0.0242914
2.144 -0.0232826
2.152 -0.0222871
2.16 -0.0213047
2.168 -0.0203352
2.176 -0.0193784
2.184 -0.018434
2.192 -0.0175018
2.2 -0.0165817
2.208 -0.0156734
2.216 -0.0147766
2.224 -0.0138913
2.232 -0.0130172
2.24 -0.0121541
2.248 -0.0113017
2.256 -0.01046
2.264 -0.00962866
2.272 -0.00880755
2.28 -0.00799647
2.288 -0.00719522
2.296 -0.00640364
2.304 -0.00562153
2.312 -0.00484872
2.32 -0.00408503
2.328 -0.00333029
2.336 -0.00258432
2.344 -0.00184695
2.352 -0.00111801
2.36 -0.000397345
2.368 0.000315218
2.376 0.00101984
2.384 0.00171668
2.392 0.00240589
2.4 0.00308764
2.408 0.00376207
2.416 0.00442934
2.424 0.0050896
2.432 0.00574299
2.44 0.00638967
2.448 0.00702977
2.456 0.00766344
2.464 0.00829082
2.472 0.00891205
2.48 0.00952727
2.488 0.0101366
2.496 0.0107402
2.504 0.0113382
2.512 0.0119307
2.52 0.0125178
2.528 0.0130997
2.536 0.0136765
2.544 0.0142484
2.552 0.0148154
2.56 0.0153776
2.568 0.0159353
2.576 0.0164884
2.584 0.0170372
2.592 0.0175817
2.6 0.0181221
2.608 0.0186584
2.616 0.0191908
2.624 0.0197194
2.632 0.0202442
2.64 0.0207655
2.648 0.0212833
2.656 0.0217977
2.664 0.0223089
2.672 0.0228168
2.68 0.0233217
2.688 0.0238236
2.696 0.0243226
2.704 0.0248188
2.712 0.0253124
2.72 0.0258033
2.728 0.0262918
2.736 0.0267779
2.744 0.0272617
2.752 0.0277433
2.76 0.0282227
2.768 0.0287002
2.776 0.0291757
2.784 0.0296493
2.792 0.0301212
2.8 0.0305914
2.808 0.0310601
2.816 0.0315272
2.824 0.031993
2.832 0.0324574
2.84 0.0329205
2.848 0.0333825
2.856 0.0338435
2.864 0.0343034
2.872 0.0347624
2.88 0.0352206
2.888 0.0356781
2.896 0.0361348
2.904 0.036591
2.912 0.0370467
2.92 0.0375019
2.928 0.0379568
2.936 0.0384114
2.944 0.0388658
2.952 0.03932
2.96 0.0397742
2.968 0.0402285
2.976 0.0406828
2.984 0.0411373
2.992 0.0415921
3 0.0420472
3.008 0.0425027
3.016 0.0429587
3.024 0.0434152
3.032 0.0438724
3.04 0.0443302
3.048 0.0447888
3.056 0.0452483
3.064 0.0457086
3.072 0.04617
3.08 0.0466324
3.088 0.047096
3.096 0.0475607
3.104 0.0480267
3.112 0.0484941
3.12 0.0489629
3.128 0.0494332
3.136 0.0499051
3.144 0.0503786
3.152 0.0508538
3.16 0.0513307
3.168 0.0518096
3.176 0.0522904
3.184 0.0527731
3.192 0.053258
3.2 0.053745
3.208 0.0542342
3.216 0.0547256
3.224 0.0552195
3.232 0.0557158
3.24 0.0562146
3.248 0.056716
3.256 0.05722
3.264 0.0577268
3.272 0.0582364
3.28 0.0587488
3.288 0.0592642
3.296 0.0597827
3.304 0.0603042
3.312 0.060829
3.32 0.0613569
3.328 0.0618883
3.336 0.062423
3.344 0.0629612
3.352 0.063503
3.36 0.0640484
3.368 0.0645976
3.376 0.0651505
3.384 0.0657073
3.392 0.0662681
3.4 0.066833
3.408 0.0674019
3.416 0.0679751
3.424 0.0685525
3.432 0.0691343
3.44 0.0697206
3.448 0.0703114
3.456 0.0709068
3.464 0.0715069
3.472 0.0721118
3.48 0.0727215
3.488 0.0733363
3.496 0.073956
3.504 0.0745809
3.512 0.0752111
3.52 0.0758465
3.528 0.0764873
3.536 0.0771337
3.544 0.0777856
3.552 0.0784432
3.56 0.0791065
3.568 0.0797757
3.576 0.0804509
3.584 0.0811321
3.592 0.0818195
3.6 0.0825131
3.608 0.0832131
3.616 0.0839195
3.624 0.0846324
3.632 0.085352
3.64 0.0860783
3.648 0.0868114
3.656 0.0875515
3.664 0.0882987
3.672 0.0890529
3.68 0.0898145
3.688 0.0905834
3.696 0.0913598
3.704 0.0921437
3.712 0.0929353
3.72 0.0937348
3.728 0.0945421
3.736 0.0953575
3.744 0.096181
3.752 0.0970127
3.76 0.0978528
3.768 0.0987014
3.776 0.0995585
3.784 0.100424
3.792 0.101299
3.8 0.102183
3.808 0.103075
3.816 0.103977
3.824 0.104889
3.832 0.105809
3.84 0.10674
3.848 0.107679
3.856 0.108629
3.864 0.109589
3.872 0.110559
3.88 0.111539
3.888 0.112529
3.896 0.11353
3.904 0.114541
3.912 0.115563
3.92 0.116596
3.928 0.11764
3.936 0.118696
3.944 0.119762
3.952 0.12084
3.96 0.121929
3.968 0.12303
3.976 0.124143
3.984 0.125269
3.992 0.126406
4 0.127555
4.008 0.128717
4.016 0.129891
4.024 0.131079
4.032 0.132279
4.04 0.133492
4.048 0.134718
4.056 0.135958
4.064 0.137211
4.072 0.138478
4.08 0.139758
4.088 0.141053
4.096 0.142361
4.104 0.143684
4.112 0.145022
4.12 0.146374
4.128 0.14774
4.136 0.149122
4.144 0.150518
4.152 0.15193
4.16 0.153357
4.168 0.1548
4.176 0.156259
4.184 0.157733
4.192 0.159224
4.2 0.16073
4.208 0.162253
4.216 0.163793
4.224 0.165349
4.232 0.166922
4.24 0.168512
4.248 0.170119
4.256 0.171744
4.264 0.173386
4.272 0.175046
4.28 0.176724
4.288 0.17842
4.296 0.180134
4.304 0.181866
4.312 0.183617
4.32 0.185386
4.328 0.187174
4.336 0.188982
4.344 0.190808
4.352 0.192654
4.36 0.194519
4.368 0.196404
4.376 0.198309
4.384 0.200234
4.392 0.202178
4.4 0.204143
4.408 0.206129
4.416 0.208135
4.424 0.210162
4.432 0.212209
4.44 0.214278
4.448 0.216368
4.456 0.218479
4.464 0.220611
4.472 0.222765
4.48 0.224941
4.488 0.227139
4.496 0.229358
4.504 0.2316
4.512 0.233864
4.52 0.23615
4.528 0.238459
4.536 0.24079
4.544 0.243144
4.552 0.245521
4.56 0.247921
4.568 0.250344
4.576 0.25279
4.584 0.255259
4.592 0.257751
4.6 0.260267
4.608 0.262806
4.616 0.265369
4.624 0.267955
4.632 0.270565
4.64 0.273199
4.648 0.275856
4.656 0.278537
4.664 0.281243
4.672 0.283972
4.68 0.286725
4.688 0.289502
4.696 0.292303
4.704 0.295128
4.712 0.297977
4.72 0.30085
4.728 0.303747
4.736 0.306668
4.744 0.309613
4.752 0.312582
4.76 0.315575
4.768 0.318591
4.776 0.321632
4.784 0.324696
4.792 0.327784
4.8 0.330895
4.808 0.33403
4.816 0.337189
4.824 0.34037
4.832 0.343575
4.84 0.346803
4.848 0.350053
4.856 0.353327
4.864 0.356623
4.872 0.359942
4.88 0.363282
4.888 0.366645
4.896 0.37003
4.904 0.373436
4.912 0.376864
4.92 0.380313
4.928 0.383783
4.936 0.387274
4.944 0.390785
4.952 0.394316
4.96 0.397867
4.968 0.401438
4.976 0.405028
4.984 0.408636
4.992 0.412264
5 0.415909
5.008 0.419572
5.016 0.423253
5.024 0.426951
5.032 0.430665
5.04 0.434396
5.048 0.438142
5.056 0.441904
5.064 0.44568
5.072 0.449471
5.08 0.453276
5.088 0.457094
5.096 0.460925
5.104 0.464768
5.112 0.468623
5.12 0.472489
5.128 0.476366
5.136 0.480252
5.144 0.484148
5.152 0.488053
5.16 0.491966
5.168 0.495886
5.176 0.499813
5.184 0.503746
5.192 0.507684
5.2 0.511627
5.208 0.515574
5.216 0.519525
5.224 0.523477
5.232 0.527432
5.24 0.531387
5.248 0.535342
5.256 0.539296
5.264 0.543249
5.272 0.547199
5.28 0.551146
5.288 0.555089
5.296 0.559027
5.304 0.562959
5.312 0.566884
5.32 0.570801
5.328 0.57471
5.336 0.578609
5.344 0.582497
5.352 0.586373
5.36 0.590237
5.368 0.594088
5.376 0.597923
5.384 0.601743
5.392 0.605547
5.4 0.609333
5.408 0.6131
5.416 0.616847
5.424 0.620573
5.432 0.624277
5.44 0.627959
5.448 0.631616
5.456 0.635248
5.464 0.638854
5.472 0.642432
5.48 0.645982
5.488 0.649502
5.496 0.652991
5.504 0.656448
5.512 0.659872
5.52 0.663262
5.528 0.666617
5.536 0.669935
5.544 0.673215
5.552 0.676457
5.56 0.679659
5.568 0.682819
5.576 0.685938
5.584 0.689012
5.592 0.692043
5.6 0.695027
5.608 0.697965
5.616 0.700855
5.624 0.703695
5.632 0.706486
5.64 0.709224
5.648 0.711911
5.656 0.714544
5.664 0.717122
5.672 0.719644
5.68 0.722109
5.688 0.724517
5.696 0.726865
5.704 0.729153
5.712 0.73138
5.72 0.733545
5.728 0.735646
5.736 0.737683
5.744 0.739655
5.752 0.741561
5.76 0.743399
5.768 0.74517
5.776 0.746871
5.784 0.748502
5.792 0.750063
5.8 0.751551
5.808 0.752967
5.816 0.754309
5.824 0.755577
5.832 0.75677
5.84 0.757887
5.848 0.758928
5.856 0.759891
5.864 0.760776
5.872 0.761582
5.88 0.762308
5.888 0.762955
5.896 0.763521
5.904 0.764005
5.912 0.764408
5.92 0.764728
5.928 0.764965
5.936 0.765119
5.944 0.76519
5.952 0.765176
5.96 0.765077
5.968 0.764893
5.976 0.764624
5.984 0.764269
5.992 0.763829
6 0.763302
6.008 0.762689
6.016 0.76199
6.024 0.761203
6.032 0.76033
6.04 0.759371
6.048 0.758324
6.056 0.75719
6.064 0.75597
6.072 0.754662
6.08 0.753268
6.088 0.751787
6.096 0.75022
6.104 0.748566
6.112 0.746827
6.12 0.745001
6.128 0.74309
6.136 0.741094
6.144 0.739012
6.152 0.736846
6.16 0.734597
6.168 0.732263
6.176 0.729846
6.184 0.727347
6.192 0.724765
6.2 0.722102
6.208 0.719358
6.216 0.716534
6.224 0.71363
6.232 0.710647
6.24 0.707586
6.248 0.704448
6.256 0.701232
6.264 0.697941
6.272 0.694575
6.28 0.691135
6.288 0.687622
6.296 0.684036
6.304 0.68038
6.312 0.676652
6.32 0.672856
6.328 0.668991
6.336 0.665059
6.344 0.66106
6.352 0.656997
6.36 0.652869
6.368 0.648679
6.376 0.644427
6.384 0.640115
6.392 0.635744
6.4 0.631314
6.408 0.626828
6.416 0.622286
6.424 0.61769
6.432 0.613042
6.44 0.608341
6.448 0.60359
6.456 0.598791
6.464 0.593943
6.472 0.58905
6.48 0.584112
6.488 0.57913
6.496 0.574106
6.504 0.569041
6.512 0.563938
6.52 0.558796
6.528 0.553618
6.536 0.548405
6.544 0.543159
6.552 0.53788
6.56 0.532571
6.568 0.527232
6.576 0.521866
6.584 0.516474
6.592 0.511057
6.6 0.505616
6.608 0.500154
6.616 0.494671
6.624 0.489169
6.632 0.483649
6.64 0.478114
6.648 0.472563
6.656 0.466999
6.664 0.461424
6.672 0.455838
6.68 0.450243
6.688 0.44464
6.696 0.439031
6.704 0.433417
6.712 0.4278
6.72 0.42218
6.728 0.41656
6.736 0.41094
6.744 0.405322
6.752 0.399708
6.76 0.394097
6.768 0.388493
6.776 0.382895
6.784 0.377306
6.792 0.371726
6.8 0.366156
6.808 0.360599
6.816 0.355055
6.824 0.349525
6.832 0.34401
6.84 0.338512
6.848 0.333031
6.856 0.327569
6.864 0.322127
6.872 0.316705
6.88 0.311306
6.888 0.305929
6.896 0.300576
6.904 0.295248
6.912 0.289945
6.92 0.284669
6.928 0.279421
6.936 0.274201
6.944 0.269011
6.952 0.26385
6.96 0.258721
6.968 0.253623
6.976 0.248557
6.984 0.243525
6.992 0.238527
7 0.233563
7.008 0.228635
7.016 0.223743
7.024 0.218887
7.032 0.214068
7.04 0.209287
7.048 0.204545
7.056 0.199841
7.064 0.195177
7.072 0.190553
7.08 0.185969
7.088 0.181426
7.096 0.176924
7.104 0.172464
7.112 0.168045
7.12 0.16367
7.128 0.159337
7.136 0.155047
7.144 0.1508
7.152 0.146597
7.16 0.142438
7.168 0.138323
7.176 0.134252
7.184 0.130226
7.192 0.126245
7.2 0.122308
7.208 0.118417
7.216 0.11457
7.224 0.110769
7.232 0.107013
7.24 0.103303
7.248 0.0996382
7.256 0.0960188
7.264 0.0924449
7.272 0.0889165
7.28 0.0854336
7.288 0.0819962
7.296 0.0786041
7.304 0.0752574
7.312 0.0719559
7.32 0.0686996
7.328 0.0654884
7.336 0.0623221
7.344 0.0592006
7.352 0.0561238
7.36 0.0530914
7.368 0.0501034
7.376 0.0471596
7.384 0.0442596
7.392 0.0414034
7.4 0.0385907
7.408 0.0358213
7.416 0.033095
7.424 0.0304114
7.432 0.0277703
7.44 0.0251715
7.448 0.0226147
7.456 0.0200996
7.464 0.0176259
7.472 0.0151933
7.48 0.0128014
7.488 0.01045
7.496 0.0081388
7.504 0.00586736
7.512 0.00363538
7.52 0.00144251
7.528 -0.000711588
7.536 -0.00282728
7.544 -0.00490492
7.552 -0.00694488
7.56 -0.00894754
7.568 -0.0109133
7.576 -0.0128424
7.584 -0.0147354
7.592 -0.0165927
7.6 -0.0184145
7.608 -0.0202013
7.616 -0.0219536
7.624 -0.0236716
7.632 -0.0253559
7.64 -0.0270067
7.648 -0.0286246
7.656 -0.0302098
7.664 -0.0317629
7.672 -0.0332843
7.68 -0.0347742
7.688 -0.0362333
7.696 -0.0376618
7.704 -0.0390601
7.712 -0.0404288
7.72 -0.0417681
7.728 -0.0430786
7.736 -0.0443606
7.744 -0.0456145
7.752 -0.0468408
7.76 -0.0480398
7.768 -0.049212
7.776 -0.0503577
7.784 -0.0514774
7.792 -0.0525714
7.8 -0.0536403
7.808 -0.0546843
7.816 -0.0557038
7.824 -0.0566994
7.832 -0.0576713
7.84 -0.0586199
7.848 -0.0595457
7.856 -0.0604489
7.864 -0.0613301
7.872 -0.0621896
7.88 -0.0630278
7.888 -0.0638449
7.896 -0.0646415
7.904 -0.0654179
7.912 -0.0661744
7.92 -0.0669114
7.928 -0.0676293
7.936 -0.0683284
7.944 -0.0690091
7.952 -0.0696718
7.96 -0.0703167
7.968 -0.0709442
7.976 -0.0715546
7.984 -0.0721484
7.992 -0.0727258
8 -0.0732871
8.008 -0.0738327
8.016 -0.0743629
8.024 -0.074878
8.032 -0.0753784
8.04 -0.0758642
8.048 -0.076336
8.056 -0.0767938
8.064 -0.0772381
8.072 -0.0776692
8.08 -0.0780873
8.088 -0.0784927
8.096 -0.0788856
8.104 -0.0792665
8.112 -0.0796355
8.12 -0.079993
8.128 -0.0803391
8.136 -0.0806742
8.144 -0.0809985
8.152 -0.0813123
8.16 -0.0816158
8.168 -0.0819093
8.176 -0.082193
8.184 -0.0824672
8.192 -0.082732
8.2 -0.0829878
8.208 -0.0832348
8.216 -0.0834731
8.224 -0.0837031
8.232 -0.0839249
8.24 -0.0841388
8.248 -0.0843449
8.256 -0.0845435
8.264 -0.0847348
8.272 -0.0849189
8.28 -0.0850962
8.288 -0.0852667
8.296 -0.0854306
8.304 -0.0855883
8.312 -0.0857398
8.32 -0.0858853
8.328 -0.086025
8.336 -0.0861591
8.344 -0.0862878
8.352 -0.0864111
8.36 -0.0865294
8.368 -0.0866428
8.376 -0.0867513
8.384 -0.0868553
8.392 -0.0869547
8.4 -0.0870499
8.408 -0.0871409
8.416 -0.0872278
8.424 -0.0873109
8.432 -0.0873903
8.44 -0.0874661
8.448 -0.0875384
8.456 -0.0876074
8.464 -0.0876732
8.472 -0.087736
8.48 -0.0877958
8.488 -0.0878528
8.496 -0.0879071
8.504 -0.0879589
8.512 -0.0880082
8.52 -0.0880551
8.528 -0.0880999
8.536 -0.0881425
8.544 -0.0881831
8.552 -0.0882219
8.56 -0.0882588
8.568 -0.088294
8.576 -0.0883277
8.584 -0.0883598
8.592 -0.0883906
8.6 -0.08842
8.608 -0.0884483
8.616 -0.0884754
8.624 -0.0885015
8.632 -0.0885266
8.64 -0.0885509
8.648 -0.0885744
8.656 -0.0885973
8.664 -0.0886195
8.672 -0.0886412
8.68 -0.0886624
8.688 -0.0886833
8.696 -0.0887038
8.704 -0.0887241
8.712 -0.0887443
8.72 -0.0887644
8.728 -0.0887844
8.736 -0.0888046
8.744 -0.0888248
8.752 -0.0888452
8.76 -0.0888659
8.768 -0.0888868
8.776 -0.0889082
8.784 -0.0889299
8.792 -0.0889522
8.8 -0.088975
8.808 -0.0889984
8.816 -0.0890225
8.824 -0.0890473
8.832 -0.0890729
8.84 -0.0890993
8.848 -0.0891265
8.856 -0.0891547
8.864 -0.0891839
8.872 -0.0892141
8.88 -0.0892454
8.888 -0.0892778
8.896 -0.0893114
8.904 -0.0893462
8.912 -0.0893823
8.92 -0.0894197
8.928 -0.0894585
8.936 -0.0894986
8.944 -0.0895402
8.952 -0.0895833
8.96 -0.0896278
8.968 -0.089674
8.976 -0.0897218
8.984 -0.0897712
8.992 -0.0898223
9 -0.0898751
9.008 -0.0899297
9.016 -0.0899861
9.024 -0.0900444
9.032 -0.0901045
9.04 -0.0901665
9.048 -0.0902305
9.056 -0.0902965
9.064 -0.0903645
9.072 -0.0904345
9.08 -0.0905067
9.088 -0.0905809
9.096 -0.0906573
9.104 -0.0907359
9.112 -0.0908168
9.12 -0.0908999
9.128 -0.0909853
9.136 -0.091073
9.144 -0.091163
9.152 -0.0912555
9.16 -0.0913504
9.168 -0.0914477
9.176 -0.0915475
9.184 -0.0916498
9.192 -0.0917547
9.2 -0.0918622
9.208 -0.0919722
9.216 -0.0920849
9.224 -0.0922003
9.232 -0.0923183
9.24 -0.0924391
9.248 -0.0925627
9.256 -0.092689
9.264 -0.0928182
9.272 -0.0929502
9.28 -0.0930851
9.288 -0.0932229
9.296 -0.0933636
9.304 -0.0935073
9.312 -0.0936541
9.32 -0.0938038
9.328 -0.0939566
9.336 -0.0941125
9.344 -0.0942715
9.352 -0.0944337
9.36 -0.094599
9.368 -0.0947676
9.376 -0.0949394
9.384 -0.0951145
9.392 -0.0952928
9.4 -0.0954745
9.408 -0.0956596
9.416 -0.0958481
9.424 -0.09604
9.432 -0.0962353
9.44 -0.0964342
9.448 -0.0966365
9.456 -0.0968424
9.464 -0.0970519
9.472 -0.097265
9.48 -0.0974817
9.488 -0.0977022
9.496 -0.0979263
9.504 -0.0981542
9.512 -0.0983858
9.52 -0.0986213
9.528 -0.0988605
9.536 -0.0991037
9.544 -0.0993508
9.552 -0.0996018
9.56 -0.0998568
9.568 -0.100116
9.576 -0.100379
9.584 -0.100646
9.592 -0.100917
9.6 -0.101193
9.608 -0.101472
9.616 -0.101756
9.624 -0.102044
9.632 -0.102336
9.64 -0.102633
9.648 -0.102934
9.656 -0.103239
9.664 -0.103549
9.672 -0.103864
9.68 -0.104183
9.688 -0.104506
9.696 -0.104834
9.704 -0.105167
9.712 -0.105504
9.72 -0.105846
9.728 -0.106193
9.736 -0.106544
9.744 -0.106901
9.752 -0.107262
9.76 -0.107628
9.768 -0.107999
9.776 -0.108375
9.784 -0.108756
9.792 -0.109142
9.8 -0.109534
9.808 -0.10993
9.816 -0.110332
9.824 -0.110739
9.832 -0.111151
9.84 -0.111569
9.848 -0.111992
9.856 -0.11242
9.864 -0.112854
9.872 -0.113293
9.88 -0.113738
9.888 -0.114189
9.896 -0.114645
9.904 -0.115107
9.912 -0.115575
9.92 -0.116048
9.928 -0.116527
9.936 -0.117012
9.944 -0.117504
9.952 -0.118001
9.96 -0.118504
9.968 -0.119013
9.976 -0.119528
9.984 -0.12005
9.992 -0.120578
10 -0.121112
10.008 -0.121652
10.016 -0.122199
10.024 -0.122752
10.032 -0.123312
10.04 -0.123878
10.048 -0.124451
10.056 -0.125031
10.064 -0.125617
10.072 -0.12621
10.08 -0.12681
10.088 -0.127416
10.096 -0.12803
10.104 -0.12865
10.112 -0.129278
10.12 -0.129912
10.128 -0.130554
10.136 -0.131203
10.144 -0.131859
10.152 -0.132522
10.16 -0.133193
10.168 -0.133871
10.176 -0.134556
10.184 -0.135249
10.192 -0.13595
10.2 -0.136658
10.208 -0.137373
10.216 -0.138097
10.224 -0.138828
10.232 -0.139567
10.24 -0.140314
10.248 -0.141069
10.256 -0.141831
10.264 -0.142602
10.272 -0.143381
10.28 -0.144168
10.288 -0.144963
10.296 -0.145766
10.304 -0.146578
10.312 -0.147398
10.32 -0.148226
10.328 -0.149063
10.336 -0.149908
10.344 -0.150762
10.352 -0.151624
10.36 -0.152495
10.368 -0.153374
10.376 -0.154262
10.384 -0.155159
10.392 -0.156065
10.4 -0.15698
10.408 -0.157903
10.416 -0.158835
10.424 -0.159777
10.432 -0.160727
10.44 -0.161686
10.448 -0.162655
10.456 -0.163632
10.464 -0.164619
10.472 -0.165614
10.48 -0.166619
10.488 -0.167634
10.496 -0.168657
10.504 -0.16969
10.512 -0.170732
10.52 -0.171783
10.528 -0.172844
10.536 -0.173914
10.544 -0.174994
10.552 -0.176083
10.56 -0.177181
10.568 -0.178289
10.576 -0.179406
10.584 -0.180533
10.592 -0.181669
10.6 -0.182815
10.608 -0.18397
10.616 -0.185135
10.624 -0.186309
10.632 -0.187493
10.64 -0.188686
10.648 -0.189889
10.656 -0.191101
10.664 -0.192322
10.672 -0.193553
10.68 -0.194794
10.688 -0.196043
10.696 -0.197302
10.704 -0.198571
10.712 -0.199848
10.72 -0.201135
10.728 -0.202431
10.736 -0.203737
10.744 -0.205051
10.752 -0.206375
10.76 -0.207707
10.768 -0.209049
10.776 -0.210399
10.784 -0.211758
10.792 -0.213126
10.8 -0.214502
10.808 -0.215887
10.816 -0.217281
10.824 -0.218683
10.832 -0.220093
10.84 -0.221512
10.848 -0.222939
10.856 -0.224373
10.864 -0.225816
10.872 -0.227266
10.88 -0.228724
10.888 -0.23019
10.896 -0.231662
10.904 -0.233143
10.912 -0.23463
10.92 -0.236124
10.928 -0.237625
10.936 -0.239132
10.944 -0.240646
10.952 -0.242167
10.96 -0.243693
10.968 -0.245225
10.976 -0.246763
10.984 -0.248306
10.992 -0.249855
11 -0.251409
11.008 -0.252967
11.016 -0.254531
11.024 -0.256098
11.032 -0.25767
11.04 -0.259246
11.048 -0.260825
11.056 -0.262408
11.064 -0.263994
11.072 -0.265582
11.08 -0.267173
11.088 -0.268767
11.096 -0.270362
11.104 -0.271959
11.112 -0.273557
11.12 -0.275157
11.128 -0.276757
11.136 -0.278357
11.144 -0.279957
11.152 -0.281557
11.16 -0.283156
11.168 -0.284754
11.176 -0.286351
11.184 -0.287945
11.192 -0.289538
11.2 -0.291127
11.208 -0.292714
11.216 -0.294297
11.224 -0.295876
11.232 -0.297451
11.24 -0.299021
11.248 -0.300585
11.256 -0.302144
11.264 -0.303697
11.272 -0.305243
11.28 -0.306782
11.288 -0.308313
11.296 -0.309836
11.304 -0.311351
11.312 -0.312856
11.32 -0.314352
11.328 -0.315837
11.336 -0.317312
11.344 -0.318775
11.352 -0.320227
11.36 -0.321666
11.368 -0.323092
11.376 -0.324505
11.384 -0.325903
11.392 -0.327287
11.4 -0.328656
11.408 -0.330009
11.416 -0.331345
11.424 -0.332664
11.432 -0.333965
11.44 -0.335248
11.448 -0.336513
11.456 -0.337757
11.464 -0.338981
11.472 -0.340185
11.48 -0.341367
11.488 -0.342527
11.496 -0.343664
11.504 -0.344777
11.512 -0.345867
11.52 -0.346932
11.528 -0.347971
11.536 -0.348984
11.544 -0.34997
11.552 -0.350929
11.56 -0.35186
11.568 -0.352762
11.576 -0.353635
11.584 -0.354477
11.592 -0.355289
11.6 -0.356069
11.608 -0.356817
11.616 -0.357532
11.624 -0.358213
11.632 -0.35886
11.64 -0.359473
11.648 -0.36005
11.656 -0.36059
11.664 -0.361094
11.672 -0.36156
11.68 -0.361988
11.688 -0.362377
11.696 -0.362727
11.704 -0.363037
11.712 -0.363305
11.72 -0.363533
11.728 -0.363718
11.736 -0.363861
11.744 -0.36396
11.752 -0.364016
11.76 -0.364027
11.768 -0.363993
11.776 -0.363913
11.784 -0.363788
11.792 -0.363615
11.8 -0.363395
11.808 -0.363128
11.816 -0.362812
11.824 -0.362447
11.832 -0.362032
11.84 -0.361568
11.848 -0.361054
11.856 -0.360489
11.864 -0.359872
11.872 -0.359204
11.88 -0.358484
11.888 -0.357711
11.896 -0.356886
11.904 -0.356007
11.912 -0.355075
11.92 -0.354088
11.928 -0.353048
11.936 -0.351952
11.944 -0.350803
11.952 -0.349597
11.96 -0.348337
11.968 -0.347021
11.976 -0.345649
11.984 -0.344222
11.992 -0.342738
12 -0.341198
12.008 -0.339601
12.016 -0.337948
12.024 -0.336238
12.032 -0.334472
12.04 -0.332649
12.048 -0.33077
12.056 -0.328834
12.064 -0.326841
12.072 -0.324791
12.08 -0.322685
12.088 -0.320523
12.096 -0.318305
12.104 -0.31603
12.112 -0.313699
12.12 -0.311313
12.128 -0.308871
12.136 -0.306374
12.144 -0.303822
12.152 -0.301215
12.16 -0.298554
12.168 -0.295839
12.176 -0.29307
12.184 -0.290248
12.192 -0.287373
12.2 -0.284446
12.208 -0.281467
12.216 -0.278436
12.224 -0.275354
12.232 -0.272223
12.24 -0.269041
12.248 -0.26581
12.256 -0.262531
12.264 -0.259203
12.272 -0.255829
12.28 -0.252407
12.288 -0.24894
12.296 -0.245428
12.304 -0.241871
12.312 -0.238271
12.32 -0.234628
12.328 -0.230943
12.336 -0.227216
12.344 -0.22345
12.352 -0.219643
12.36 -0.215799
12.368 -0.211917
12.376 -0.207998
12.384 -0.204043
12.392 -0.200053
12.4 -0.19603
12.408 -0.191974
12.416 -0.187886
12.424 -0.183768
12.432 -0.17962
12.44 -0.175443
12.448 -0.171239
12.456 -0.167008
12.464 -0.162752
12.472 -0.158472
12.48 -0.154169
12.488 -0.149844
12.496 -0.145499
12.504 -0.141133
12.512 -0.13675
12.52 -0.132349
12.528 -0.127932
12.536 -0.1235
12.544 -0.119055
12.552 -0.114597
12.56 -0.110128
12.568 -0.105649
12.576 -0.101161
12.584 -0.0966656
12.592 -0.092164
12.6 -0.0876573
12.608 -0.0831467
12.616 -0.0786335
12.624 -0.0741189
12.632 -0.0696041
12.64 -0.0650904
12.648 -0.0605789
12.656 -0.056071
12.664 -0.0515677
12.672 -0.0470704
12.68 -0.0425802
12.688 -0.0380983
12.696 -0.033626
12.704 -0.0291643
12.712 -0.0247145
12.72 -0.0202778
12.728 -0.0158552
12.736 -0.011448
12.744 -0.0070573
12.752 -0.00268419
12.76 0.00167019
12.768 0.00600474
12.776 0.0103184
12.784 0.01461
12.792 0.0188787
12.8 0.0231232
12.808 0.0273426
12.816 0.0315358
12.824 0.0357019
12.832 0.0398399
12.84 0.0439489
12.848 0.0480277
12.856 0.0520757
12.864 0.0560917
12.872 0.060075
12.88 0.0640247
12.888 0.0679399
12.896 0.0718198
12.904 0.0756635
12.912 0.0794703
12.92 0.0832395
12.928 0.0869702
12.936 0.0906617
12.944 0.0943134
12.952 0.0979245
12.96 0.101494
12.968 0.105022
12.976 0.108508
12.984 0.11195
12.992 0.115349
13 0.118704
13.008 0.122014
13.016 0.125278
13.024 0.128497
13.032 0.13167
13.04 0.134797
13.048 0.137876
13.056 0.140908
13.064 0.143892
13.072 0.146828
13.08 0.149715
13.088 0.152554
13.096 0.155344
13.104 0.158085
13.112 0.160776
13.12 0.163418
13.128 0.16601
13.136 0.168551
13.144 0.171043
13.152 0.173484
13.16 0.175875
13.168 0.178216
13.176 0.180506
13.184 0.182746
13.192 0.184935
13.2 0.187074
13.208 0.189162
13.216 0.1912
13.224 0.193188
13.232 0.195125
13.24 0.197012
13.248 0.19885
13.256 0.200637
13.264 0.202375
13.272 0.204063
13.28 0.205702
13.288 0.207292
13.296 0.208833
13.304 0.210325
13.312 0.211769
13.32 0.213165
13.328 0.214513
13.336 0.215814
13.344 0.217068
13.352 0.218274
13.36 0.219435
13.368 0.220549
13.376 0.221618
13.384 0.222641
13.392 0.22362
13.4 0.224554
13.408 0.225444
13.416 0.22629
13.424 0.227094
13.432 0.227854
13.44 0.228572
13.448 0.229249
13.456 0.229884
13.464 0.230478
13.472 0.231032
13.48 0.231547
13.488 0.232021
13.496 0.232458
13.504 0.232855
13.512 0.233216
13.52 0.233539
13.528 0.233825
13.536 0.234075
13.544 0.23429
13.552 0.234469
13.56 0.234614
13.568 0.234726
13.576 0.234804
13.584 0.234849
13.592 0.234862
13.6 0.234843
13.608 0.234793
13.616 0.234713
13.624 0.234603
13.632 0.234463
13.64 0.234295
13.648 0.234098
13.656 0.233874
13.664 0.233623
13.672 0.233345
13.68 0.233041
13.688 0.232712
13.696 0.232358
13.704 0.23198
13.712 0.231578
13.72 0.231153
13.728 0.230706
13.736 0.230236
13.744 0.229745
13.752 0.229233
13.76 0.228701
13.768 0.228148
13.776 0.227577
13.784 0.226986
13.792 0.226378
13.8 0.225751
13.808 0.225108
13.816 0.224447
13.824 0.223771
13.832 0.223078
13.84 0.222371
13.848 0.221648
13.856 0.220912
13.864 0.220161
13.872 0.219398
13.88 0.218621
13.888 0.217832
13.896 0.217031
13.904 0.216219
13.912 0.215396
13.92 0.214562
13.928 0.213718
13.936 0.212864
13.944 0.212001
13.952 0.211129
13.96 0.210248
13.968 0.20936
13.976 0.208463
13.984 0.20756
13.992 0.206649
14 0.205732
14.008 0.204808
14.016 0.203879
14.024 0.202945
14.032 0.202005
14.04 0.20106
14.048 0.200111
14.056 0.199158
14.064 0.198201
14.072 0.19724
14.08 0.196276
14.088 0.19531
14.096 0.194341
14.104 0.193369
14.112 0.192396
14.12 0.19142
14.128 0.190444
14.136 0.189466
14.144 0.188487
14.152 0.187507
14.16 0.186527
14.168 0.185547
14.176 0.184566
14.184 0.183586
14.192 0.182607
14.2 0.181628
14.208 0.18065
14.216 0.179673
14.224 0.178698
14.232 0.177724
14.24 0.176752
14.248 0.175781
14.256 0.174813
14.264 0.173847
14.272 0.172883
14.28 0.171922
14.288 0.170963
14.296 0.170008
14.304 0.169055
14.312 0.168106
14.32 0.16716
14.328 0.166217
14.336 0.165278
14.344 0.164343
14.352 0.163411
14.36 0.162483
14.368 0.16156
14.376 0.16064
14.384 0.159725
14.392 0.158815
14.4 0.157908
14.408 0.157006
14.416 0.156109
14.424 0.155217
14.432 0.154329
14.44 0.153447
14.448 0.152569
14.456 0.151696
14.464 0.150829
14.472 0.149967
14.48 0.149109
14.488 0.148258
14.496 0.147411
14.504 0.14657
14.512 0.145734
14.52 0.144904
14.528 0.14408
14.536 0.143261
14.544 0.142447
14.552 0.14164
14.56 0.140838
14.568 0.140041
14.576 0.139251
14.584 0.138466
14.592 0.137687
14.6 0.136914
14.608 0.136147
14.616 0.135386
14.624 0.13463
14.632 0.133881
14.64 0.133137
14.648 0.1324
14.656 0.131668
14.664 0.130942
14.672 0.130222
14.68 0.129508
14.688 0.128801
14.696 0.128099
14.704 0.127403
14.712 0.126713
14.72 0.126029
14.728 0.125351
14.736 0.124678
14.744 0.124012
14.752 0.123352
14.76 0.122698
14.768 0.122049
14.776 0.121407
14.784 0.12077
14.792 0.12014
14.8 0.119515
14.808 0.118896
14.816 0.118283
14.824 0.117675
14.832 0.117074
14.84 0.116478
14.848 0.115888
14.856 0.115304
14.864 0.114725
14.872 0.114153
14.88 0.113585
14.888 0.113024
14.896 0.112468
14.904 0.111918
14.912 0.111373
14.92 0.110834
14.928 0.110301
14.936 0.109773
14.944 0.10925
14.952 0.108733
14.96 0.108222
14.968 0.107715
14.976 0.107214
14.984 0.106719
14.992 0.106229
