-5 0.104982
-4.99 0.100455
-4.98 0.0957741
-4.97 0.0909537
-4.96 0.0860074
-4.95 0.0809501
-4.94 0.0757969
-4.93 0.0705634
-4.92 0.0652656
-4.91 0.05992
-4.9 0.0545432
-4.89 0.049152
-4.88 0.0437635
-4.87 0.0383949
-4.86 0.0330632
-4.85 0.0277857
-4.84 0.0225794
-4.83 0.0174611
-4.82 0.0124474
-4.81 0.00755462
-4.8 0.00279879
-4.79 -0.00180462
-4.78 -0.00624062
-4.77 -0.0104948
-4.76 -0.0145533
-4.75 -0.018403
-4.74 -0.0220317
-4.73 -0.0254278
-4.72 -0.0285806
-4.71 -0.0314804
-4.7 -0.0341184
-4.69 -0.0364869
-4.68 -0.0385792
-4.67 -0.0403897
-4.66 -0.0419139
-4.65 -0.0431486
-4.64 -0.0440917
-4.63 -0.0447422
-4.62 -0.0451006
-4.61 -0.0451682
-4.6 -0.0449481
-4.59 -0.0444441
-4.58 -0.0436616
-4.57 -0.042607
-4.56 -0.0412882
-4.55 -0.0397139
-4.54 -0.0378942
-4.53 -0.0358404
-4.52 -0.0335647
-4.51 -0.0310803
-4.5 -0.0284016
-4.49 -0.0255439
-4.48 -0.0225233
-4.47 -0.0193568
-4.46 -0.016062
-4.45 -0.0126573
-4.44 -0.0091617
-4.43 -0.00559477
-4.42 -0.0019764
-4.41 0.00167309
-4.4 0.00533316
-4.39 0.00898308
-4.38 0.012602
-4.37 0.0161693
-4.36 0.0196641
-4.35 0.0230662
-4.34 0.0263553
-4.33 0.0295118
-4.32 0.0325165
-4.31 0.0353508
-4.3 0.0379969
-4.29 0.0404377
-4.28 0.0426571
-4.27 0.04464
-4.26 0.0463722
-4.25 0.0478408
-4.24 0.0490342
-4.23 0.0499421
-4.22 0.0505554
-4.21 0.0508666
-4.2 0.0508698
-4.19 0.0505606
-4.18 0.049936
-4.17 0.0489949
-4.16 0.047738
-4.15 0.0461674
-4.14 0.0442871
-4.13 0.0421029
-4.12 0.0396223
-4.11 0.0368545
-4.1 0.0338105
-4.09 0.0305031
-4.08 0.0269467
-4.07 0.0231574
-4.06 0.0191528
-4.05 0.0149523
-4.04 0.0105766
-4.03 0.00604789
-4.02 0.00138984
-4.01 -0.0033727
-4 -0.00821367
-3.99 -0.0131059
-3.98 -0.0180212
-3.97 -0.0229305
-3.96 -0.027804
-3.95 -0.0326112
-3.94 -0.0373211
-3.93 -0.0419021
-3.92 -0.0463227
-3.91 -0.0505509
-3.9 -0.054555
-3.89 -0.0583031
-3.88 -0.061764
-3.87 -0.0649067
-3.86 -0.0677007
-3.85 -0.0701164
-3.84 -0.0721249
-3.83 -0.0736985
-3.82 -0.0748104
-3.81 -0.0754354
-3.8 -0.0755494
-3.79 -0.07513
-3.78 -0.0741565
-3.77 -0.07261
-3.76 -0.0704734
-3.75 -0.0677317
-3.74 -0.064372
-3.73 -0.0603837
-3.72 -0.0557583
-3.71 -0.0504898
-3.7 -0.0445746
-3.69 -0.0380118
-3.68 -0.0308027
-3.67 -0.0229516
-3.66 -0.014465
-3.65 -0.00535229
-3.64 0.00437447
-3.63 0.0147007
-3.62 0.0256091
-3.61 0.0370798
-3.6 0.0490903
-3.59 0.0616158
-3.58 0.0746288
-3.57 0.0880994
-3.56 0.101996
-3.55 0.116283
-3.54 0.130925
-3.53 0.145884
-3.52 0.161119
-3.51 0.176587
-3.5 0.192246
-3.49 0.20805
-3.48 0.223953
-3.47 0.239907
-3.46 0.255863
-3.45 0.271773
-3.44 0.287586
-3.43 0.303252
-3.42 0.31872
-3.41 0.333941
-3.4 0.348862
-3.39 0.363435
-3.38 0.37761
-3.37 0.391337
-3.36 0.40457
-3.35 0.41726
-3.34 0.429364
-3.33 0.440838
-3.32 0.451638
-3.31 0.461726
-3.3 0.471062
-3.29 0.479611
-3.28 0.48734
-3.27 0.494217
-3.26 0.500215
-3.25 0.505307
-3.24 0.509472
-3.23 0.51269
-3.22 0.514944
-3.21 0.516223
-3.2 0.516515
-3.19 0.515816
-3.18 0.514121
-3.17 0.511432
-3.16 0.507753
-3.15 0.503091
-3.14 0.497458
-3.13 0.490868
-3.12 0.483339
-3.11 0.474892
-3.1 0.465553
-3.09 0.45535
-3.08 0.444313
-3.07 0.432477
-3.06 0.41988
-3.05 0.40656
-3.04 0.392561
-3.03 0.377929
-3.02 0.36271
-3.01 0.346954
-3 0.330713
-2.99 0.314041
-2.98 0.296992
-2.97 0.279623
-2.96 0.261992
-2.95 0.244157
-2.94 0.226178
-2.93 0.208113
-2.92 0.190024
-2.91 0.171969
-2.9 0.154009
-2.89 0.136202
-2.88 0.118608
-2.87 0.101284
-2.86 0.0842848
-2.85 0.0676668
-2.84 0.0514828
-2.83 0.0357841
-2.82 0.0206199
-2.81 0.00603714
-2.8 -0.00791967
-2.79 -0.0212088
-2.78 -0.0337912
-2.77 -0.045631
-2.76 -0.0566954
-2.75 -0.066955
-2.74 -0.0763836
-2.73 -0.0849587
-2.72 -0.0926614
-2.71 -0.0994766
-2.7 -0.105393
-2.69 -0.110402
-2.68 -0.114502
-2.67 -0.117691
-2.66 -0.119974
-2.65 -0.121358
-2.64 -0.121856
-2.63 -0.121483
-2.62 -0.120257
-2.61 -0.118203
-2.6 -0.115345
-2.59 -0.111714
-2.58 -0.107343
-2.57 -0.102267
-2.56 -0.0965263
-2.55 -0.0901623
-2.54 -0.0832194
-2.53 -0.0757447
-2.52 -0.0677872
-2.51 -0.0593979
-2.5 -0.0506298
-2.49 -0.0415371
-2.48 -0.0321755
-2.47 -0.0226017
-2.46 -0.012873
-2.45 -0.0030474
-2.44 0.006817
-2.43 0.0166621
-2.42 0.0264301
-2.41 0.0360636
-2.4 0.0455065
-2.39 0.0547032
-2.38 0.0635999
-2.37 0.0721442
-2.36 0.0802858
-2.35 0.0879762
-2.34 0.0951694
-2.33 0.101822
-2.32 0.107893
-2.31 0.113346
-2.3 0.118144
-2.29 0.122259
-2.28 0.125661
-2.27 0.128327
-2.26 0.130236
-2.25 0.131373
-2.24 0.131725
-2.23 0.131284
-2.22 0.130046
-2.21 0.128011
-2.2 0.125184
-2.19 0.121574
-2.18 0.117193
-2.17 0.112058
-2.16 0.106191
-2.15 0.0996182
-2.14 0.0923678
-2.13 0.0844735
-2.12 0.0759725
-2.11 0.0669056
-2.1 0.0573171
-2.09 0.0472547
-2.08 0.0367691
-2.07 0.0259141
-2.06 0.014746
-2.05 0.00332377
-2.04 -0.00829136
-2.03 -0.0200362
-2.02 -0.031846
-2.01 -0.0436541
-2 -0.0553933
-1.99 -0.0669948
-1.98 -0.0783899
-1.97 -0.089509
-1.96 -0.100283
-1.95 -0.110642
-1.94 -0.120519
-1.93 -0.129846
-1.92 -0.138556
-1.91 -0.146585
-1.9 -0.15387
-1.89 -0.16035
-1.88 -0.165966
-1.87 -0.170663
-1.86 -0.174387
-1.85 -0.17709
-1.84 -0.178724
-1.83 -0.179248
-1.82 -0.178622
-1.81 -0.176811
-1.8 -0.173785
-1.79 -0.169518
-1.78 -0.163989
-1.77 -0.157181
-1.76 -0.149081
-1.75 -0.139682
-1.74 -0.128983
-1.73 -0.116987
-1.72 -0.103701
-1.71 -0.089138
-1.7 -0.073317
-1.69 -0.0562607
-1.68 -0.0379976
-1.67 -0.0185607
-1.66 0.00201196
-1.65 0.0236776
-1.64 0.046389
-1.63 0.0700942
-1.62 0.0947372
-1.61 0.120258
-1.6 0.146592
-1.59 0.173671
-1.58 0.201425
-1.57 0.229779
-1.56 0.258656
-1.55 0.287975
-1.54 0.317655
-1.53 0.34761
-1.52 0.377754
-1.51 0.408
-1.5 0.438259
-1.49 0.468442
-1.48 0.498457
-1.47 0.528216
-1.46 0.557627
-1.45 0.586602
-1.44 0.615052
-1.43 0.64289
-1.42 0.670029
-1.41 0.696386
-1.4 0.721879
-1.39 0.746428
-1.38 0.769957
-1.37 0.792393
-1.36 0.813666
-1.35 0.833708
-1.34 0.852458
-1.33 0.869857
-1.32 0.88585
-1.31 0.900388
-1.3 0.913426
-1.29 0.924924
-1.28 0.934846
-1.27 0.943164
-1.26 0.949851
-1.25 0.954889
-1.24 0.958264
-1.23 0.959967
-1.22 0.959996
-1.21 0.958352
-1.2 0.955045
-1.19 0.950086
-1.18 0.943496
-1.17 0.935298
-1.16 0.925521
-1.15 0.9142
-1.14 0.901373
-1.13 0.887086
-1.12 0.871386
-1.11 0.854327
-1.1 0.835966
-1.09 0.816363
-1.08 0.795585
-1.07 0.773698
-1.06 0.750775
-1.05 0.72689
-1.04 0.70212
-1.03 0.676544
-1.02 0.650245
-1.01 0.623304
-1 0.595807
-0.99 0.567839
-0.98 0.539486
-0.97 0.510835
-0.96 0.481974
-0.95 0.452988
-0.94 0.423964
-0.93 0.394986
-0.92 0.36614
-0.91 0.337507
-0.9 0.309168
-0.89 0.281202
-0.88 0.253686
-0.87 0.226692
-0.86 0.200292
-0.85 0.174554
-0.84 0.149542
-0.83 0.125317
-0.82 0.101936
-0.81 0.0794515
-0.8 0.0579138
-0.79 0.0373672
-0.78 0.0178522
-0.77 -0.000595071
-0.76 -0.0179433
-0.75 -0.0341656
-0.74 -0.0492398
-0.73 -0.0631485
-0.72 -0.0758791
-0.71 -0.0874235
-0.7 -0.0977785
-0.69 -0.106945
-0.68 -0.11493
-0.67 -0.121744
-0.66 -0.1274
-0.65 -0.131919
-0.64 -0.135323
-0.63 -0.137641
-0.62 -0.138902
-0.61 -0.139143
-0.6 -0.1384
-0.59 -0.136716
-0.58 -0.134135
-0.57 -0.130705
-0.56 -0.126475
-0.55 -0.121498
-0.54 -0.115827
-0.53 -0.10952
-0.52 -0.102633
-0.51 -0.0952257
-0.5 -0.0873579
-0.49 -0.0790903
-0.48 -0.0704839
-0.47 -0.0616001
-0.46 -0.0525
-0.45 -0.0432444
-0.44 -0.0338937
-0.43 -0.024507
-0.42 -0.0151427
-0.41 -0.00585751
-0.4 0.00329333
-0.39 0.0122565
-0.38 0.0209806
-0.37 0.0294166
-0.36 0.0375179
-0.35 0.0452407
-0.34 0.0525437
-0.33 0.0593887
-0.32 0.0657406
-0.31 0.0715676
-0.3 0.076841
-0.29 0.0815359
-0.28 0.0856304
-0.27 0.0891066
-0.26 0.0919499
-0.25 0.0941495
-0.24 0.0956981
-0.23 0.0965922
-0.22 0.0968317
-0.21 0.0964203
-0.2 0.095365
-0.19 0.0936764
-0.18 0.0913684
-0.17 0.0884581
-0.16 0.0849659
-0.15 0.0809152
-0.14 0.076332
-0.13 0.0712456
-0.12 0.0656873
-0.11 0.0596911
-0.1 0.0532933
-0.09 0.046532
-0.08 0.0394474
-0.07 0.0320811
-0.06 0.0244763
-0.05 0.0166772
-0.04 0.00872934
-0.03 0.000678706
-0.02 -0.00742801
-0.01 -0.0155438
0 -0.0236216
0.01 -0.0316144
0.02 -0.0394755
0.03 -0.047159
0.04 -0.0546193
0.05 -0.0618122
0.06 -0.0686946
0.07 -0.0752245
0.08 -0.0813618
0.09 -0.0870679
0.1 -0.0923062
0.11 -0.0970422
0.12 -0.101244
0.13 -0.10488
0.14 -0.107925
0.15 -0.110353
0.16 -0.112141
0.17 -0.113272
0.18 -0.113727
0.19 -0.113494
0.2 -0.112561
0.21 -0.110922
0.22 -0.108572
0.23 -0.105509
0.24 -0.101736
0.25 -0.0972563
0.26 -0.0920781
0.27 -0.0862121
0.28 -0.0796719
0.29 -0.0724739
0.3 -0.0646373
0.31 -0.056184
0.32 -0.0471385
0.33 -0.0375278
0.34 -0.027381
0.35 -0.0167296
0.36 -0.00560728
0.37 0.00595059
0.38 0.0179067
0.39 0.0302224
0.4 0.0428572
0.41 0.0557696
0.42 0.0689171
0.43 0.0822561
0.44 0.0957424
0.45 0.109331
0.46 0.122977
0.47 0.136635
0.48 0.15026
0.49 0.163807
0.5 0.177231
0.51 0.190487
0.52 0.203533
0.53 0.216326
0.54 0.228824
0.55 0.240987
0.56 0.252777
0.57 0.264157
0.58 0.275089
0.59 0.285542
0.6 0.295482
0.61 0.304879
0.62 0.313707
0.63 0.321939
0.64 0.329552
0.65 0.336526
0.66 0.342841
0.67 0.348481
0.68 0.353434
0.69 0.357688
0.7 0.361235
0.71 0.364069
0.72 0.366187
0.73 0.367588
0.74 0.368274
0.75 0.368249
0.76 0.367521
0.77 0.366097
0.78 0.363991
0.79 0.361215
0.8 0.357786
0.81 0.353722
0.82 0.349043
0.83 0.34377
0.84 0.337928
0.85 0.331542
0.86 0.324638
0.87 0.317246
0.88 0.309395
0.89 0.301116
0.9 0.29244
0.91 0.283401
0.92 0.274031
0.93 0.264365
0.94 0.254438
0.95 0.244284
0.96 0.233937
0.97 0.223435
0.98 0.21281
0.99 0.202098
1 0.191333
1.01 0.18055
1.02 0.16978
1.03 0.159057
1.04 0.148413
1.05 0.137877
1.06 0.12748
1.07 0.117249
1.08 0.107213
1.09 0.0973959
1.1 0.0878231
1.11 0.0785172
1.12 0.0694996
1.13 0.0607899
1.14 0.0524063
1.15 0.044365
1.16 0.0366807
1.17 0.0293663
1.18 0.022433
1.19 0.01589
1.2 0.00974504
1.21 0.00400386
1.22 -0.00132943
1.23 -0.00625247
1.24 -0.0107646
1.25 -0.0148668
1.26 -0.0185618
1.27 -0.0218536
1.28 -0.024748
1.29 -0.0272521
1.3 -0.0293745
1.31 -0.031125
1.32 -0.0325147
1.33 -0.033556
1.34 -0.034262
1.35 -0.0346473
1.36 -0.0347271
1.37 -0.0345174
1.38 -0.0340352
1.39 -0.0332978
1.4 -0.0323233
1.41 -0.0311302
1.42 -0.0297373
1.43 -0.0281636
1.44 -0.0264286
1.45 -0.0245514
1.46 -0.0225515
1.47 -0.0204482
1.48 -0.0182604
1.49 -0.0160071
1.5 -0.0137066
1.51 -0.0113771
1.52 -0.00903602
1.53 -0.00670044
1.54 -0.0043867
1.55 -0.00211049
1.56 0.000113252
1.57 0.00227038
1.58 0.00434759
1.59 0.00633247
1.6 0.0082135
1.61 0.00998014
1.62 0.0116228
1.63 0.013133
1.64 0.014503
1.65 0.0157265
1.66 0.0167978
1.67 0.0177125
1.68 0.0184673
1.69 0.0190596
1.7 0.0194881
1.71 0.0197524
1.72 0.0198531
1.73 0.0197916
1.74 0.0195704
1.75 0.0191929
1.76 0.0186631
1.77 0.017986
1.78 0.0171674
1.79 0.0162137
1.8 0.015132
1.81 0.0139301
1.82 0.0126163
1.83 0.0111994
1.84 0.00968871
1.85 0.00809387
1.86 0.00642497
1.87 0.00469232
1.88 0.00290652
1.89 0.00107831
1.9 -0.000781432
1.91 -0.00266176
1.92 -0.00455171
1.93 -0.00644036
1.94 -0.0083169
1.95 -0.0101706
1.96 -0.0119911
1.97 -0.0137679
1.98 -0.0154913
1.99 -0.0171515
2 -0.0187393
2.01 -0.0202458
2.02 -0.0216625
2.03 -0.0229816
2.04 -0.0241955
2.05 -0.0252974
2.06 -0.0262807
2.07 -0.0271399
2.08 -0.0278695
2.09 -0.0284651
2.1 -0.0289226
2.11 -0.0292386
2.12 -0.0294103
2.13 -0.0294358
2.14 -0.0293134
2.15 -0.0290424
2.16 -0.0286224
2.17 -0.0280538
2.18 -0.0273376
2.19 -0.0264755
2.2 -0.0254694
2.21 -0.024322
2.22 -0.0230367
2.23 -0.021617
2.24 -0.0200673
2.25 -0.0183921
2.26 -0.0165966
2.27 -0.0146863
2.28 -0.0126671
2.29 -0.0105453
2.3 -0.0083273
2.31 -0.00602005
2.32 -0.00363063
2.33 -0.00116636
2.34 0.00136526
2.35 0.00395655
2.36 0.00659971
2.37 0.00928687
2.38 0.0120101
2.39 0.0147613
2.4 0.0175326
2.41 0.020316
2.42 0.0231036
2.43 0.0258876
2.44 0.0286603
2.45 0.031414
2.46 0.0341414
2.47 0.0368352
2.48 0.0394884
2.49 0.0420943
2.5 0.0446461
2.51 0.0471376
2.52 0.0495627
2.53 0.0519158
2.54 0.0541913
2.55 0.0563841
2.56 0.0584894
2.57 0.0605026
2.58 0.0624197
2.59 0.0642369
2.6 0.0659505
2.61 0.0675576
2.62 0.0690553
2.63 0.0704412
2.64 0.0717132
2.65 0.0728696
2.66 0.0739089
2.67 0.0748302
2.68 0.0756326
2.69 0.0763157
2.7 0.0768795
2.71 0.0773241
2.72 0.0776501
2.73 0.0778582
2.74 0.0779495
2.75 0.0779253
2.76 0.0777873
2.77 0.0775372
2.78 0.0771772
2.79 0.0767095
2.8 0.0761366
2.81 0.0754613
2.82 0.0746864
2.83 0.073815
2.84 0.0728503
2.85 0.0717957
2.86 0.0706546
2.87 0.0694308
2.88 0.0681279
2.89 0.0667499
2.9 0.0653006
2.91 0.063784
2.92 0.0622043
2.93 0.0605656
2.94 0.0588721
2.95 0.0571279
2.96 0.0553375
2.97 0.0535049
2.98 0.0516346
2.99 0.0497308
3 0.0477978
3.01 0.0458399
3.02 0.0438612
3.03 0.0418661
3.04 0.0398587
3.05 0.0378431
3.06 0.0358234
3.07 0.0338036
3.08 0.0317878
3.09 0.0297797
3.1 0.0277832
3.11 0.0258021
3.12 0.02384
3.13 0.0219004
3.14 0.0199867
3.15 0.0181025
3.16 0.0162508
3.17 0.0144349
3.18 0.0126577
3.19 0.0109221
3.2 0.00923097
3.21 0.00758687
3.22 0.00599232
3.23 0.00444967
3.24 0.00296116
3.25 0.00152884
3.26 0.000154644
3.27 -0.00115967
3.28 -0.00241249
3.29 -0.00360238
3.3 -0.00472804
3.31 -0.00578838
3.32 -0.00678243
3.33 -0.00770944
3.34 -0.0085688
3.35 -0.00936009
3.36 -0.0100831
3.37 -0.0107376
3.38 -0.0113239
3.39 -0.0118422
3.4 -0.012293
3.41 -0.0126769
3.42 -0.0129947
3.43 -0.0132475
3.44 -0.0134363
3.45 -0.0135626
3.46 -0.0136277
3.47 -0.0136335
3.48 -0.0135817
3.49 -0.0134742
3.5 -0.0133133
3.51 -0.0131011
3.52 -0.0128401
3.53 -0.0125327
3.54 -0.0121817
3.55 -0.0117898
3.56 -0.0113599
3.57 -0.0108948
3.58 -0.0103977
3.59 -0.00987174
3.6 -0.00932001
3.61 -0.00874576
3.62 -0.00815229
3.63 -0.0075429
3.64 -0.00692093
3.65 -0.0062897
3.66 -0.00565254
3.67 -0.00501278
3.68 -0.00437368
3.69 -0.0037385
3.7 -0.00311041
3.71 -0.00249253
3.72 -0.00188791
3.73 -0.00129948
3.74 -0.000730093
3.75 -0.000182475
3.76 0.000340776
3.77 0.000837193
3.78 0.00130446
3.79 0.00174042
3.8 0.00214308
3.81 0.00251063
3.82 0.00284142
3.83 0.00313402
3.84 0.00338717
3.85 0.00359984
3.86 0.00377119
3.87 0.0039006
3.88 0.00398765
3.89 0.00403215
3.9 0.00403413
3.91 0.00399384
3.92 0.00391172
3.93 0.00378847
3.94 0.00362496
3.95 0.00342231
3.96 0.00318181
3.97 0.00290497
3.98 0.00259349
3.99 0.00224926
4 0.00187432
4.01 0.00147092
4.02 0.00104142
4.03 0.000588373
4.04 0.000114435
4.05 -0.000377603
4.06 -0.000884844
4.07 -0.00140429
4.08 -0.00193287
4.09 -0.00246745
4.1 -0.00300481
4.11 -0.00354174
4.12 -0.00407499
4.13 -0.00460129
4.14 -0.00511739
4.15 -0.00562009
4.16 -0.0061062
4.17 -0.00657261
4.18 -0.00701627
4.19 -0.00743422
4.2 -0.00782363
4.21 -0.00818175
4.22 -0.00850599
4.23 -0.00879391
4.24 -0.00904321
4.25 -0.00925177
4.26 -0.00941767
4.27 -0.00953915
4.28 -0.00961469
4.29 -0.00964295
4.3 -0.00962284
4.31 -0.00955348
4.32 -0.00943421
4.33 -0.00926464
4.34 -0.0090446
4.35 -0.00877416
4.36 -0.00845363
4.37 -0.00808359
4.38 -0.00766484
4.39 -0.00719843
4.4 -0.00668563
4.41 -0.00612796
4.42 -0.00552715
4.43 -0.00488518
4.44 -0.00420419
4.45 -0.00348657
4.46 -0.00273487
4.47 -0.00195182
4.48 -0.00114035
4.49 -0.000303499
4.5 0.00055552
4.51 0.00143338
4.52 0.00232665
4.53 0.00323178
4.54 0.00414517
4.55 0.00506315
4.56 0.00598198
4.57 0.00689792
4.58 0.00780723
4.59 0.00870613
4.6 0.00959091
4.61 0.0104579
4.62 0.0113034
4.63 0.012124
4.64 0.0129161
4.65 0.0136765
4.66 0.0144019
4.67 0.0150892
4.68 0.0157355
4.69 0.0163381
4.7 0.0168944
4.71 0.0174021
4.72 0.0178589
4.73 0.0182629
4.74 0.0186125
4.75 0.018906
4.76 0.0191423
4.77 0.0193204
4.78 0.0194396
4.79 0.0194992
4.8 0.0194992
4.81 0.0194395
4.82 0.0193204
4.83 0.0191425
4.84 0.0189066
4.85 0.0186136
4.86 0.018265
4.87 0.0178622
4.88 0.017407
4.89 0.0169013
4.9 0.0163475
4.91 0.0157478
4.92 0.0151049
4.93 0.0144215
4.94 0.0137006
4.95 0.0129453
4.96 0.0121587
4.97 0.0113443
4.98 0.0105054
4.99 0.00964562
5 0.00876853
