0.024 0.99976
0.032 0.99968
0.04 0.9996
0.048 0.99952
0.056 0.99944
0.064 0.99936
0.072 0.999281
0.08 0.999201
0.088 0.999121
0.096 0.999041
0.104 0.998961
0.112 0.998881
0.12 0.998801
0.128 0.998722
0.136 0.998642
0.144 0.998562
0.152 0.998482
0.16 0.998403
0.168 0.998323
0.176 0.998243
0.184 0.998163
0.192 0.998084
0.2 0.998004
0.208 0.997924
0.216 0.997845
0.224 0.997765
0.232 0.997686
0.24 0.997606
0.248 0.997526
0.256 0.997447
0.264 0.997367
0.272 0.997288
0.28 0.997208
0.288 0.997129
0.296 0.997049
0.304 0.99697
0.312 0.99689
0.32 0.996811
0.328 0.996731
0.336 0.996652
0.344 0.996572
0.352 0.996493
0.36 0.996414
0.368 0.996334
0.376 0.996255
0.384 0.996176
0.392 0.996096
0.4 0.996017
0.408 0.995938
0.416 0.995858
0.424 0.995779
0.432 0.9957
0.44 0.995621
0.448 0.995542
0.456 0.995462
0.464 0.995383
0.472 0.995304
0.48 0.995225
0.488 0.995146
0.496 0.995067
0.504 0.994987
0.512 0.994908
0.52 0.994829
0.528 0.99475
0.536 0.994671
0.544 0.994592
0.552 0.994513
0.56 0.994434
0.568 0.994355
0.576 0.994276
0.584 0.994197
0.592 0.994118
0.6 0.994039
0.608 0.993961
0.616 0.993882
0.624 0.993803
0.632 0.993724
0.64 0.993645
0.648 0.993566
0.656 0.993488
0.664 0.993409
0.672 0.99333
0.68 0.993251
0.688 0.993173
0.696 0.993094
0.704 0.993015
0.712 0.992936
0.72 0.992858
0.728 0.992779
0.736 0.992701
0.744 0.992622
0.752 0.992543
0.76 0.992465
0.768 0.992386
0.776 0.992308
0.784 0.992229
0.792 0.992151
0.8 0.992072
0.808 0.991994
0.816 0.991915
0.824 0.991837
0.832 0.991758
0.84 0.99168
0.848 0.991602
0.856 0.991523
0.864 0.991445
0.872 0.991367
0.88 0.991288
0.888 0.99121
0.896 0.991132
0.904 0.991054
0.912 0.990975
0.92 0.990897
0.928 0.990819
0.936 0.990741
0.944 0.990663
0.952 0.990584
0.96 0.990506
0.968 0.990428
0.976 0.99035
0.984 0.990272
0.992 0.990194
1 0.990116
1.008 0.990038
1.016 0.98996
1.024 0.989882
1.032 0.989804
1.04 0.989726
1.048 0.989648
1.056 0.98957
1.064 0.989492
1.072 0.989415
1.08 0.989337
1.088 0.989259
1.096 0.989181
1.104 0.989103
1.112 0.989026
1.12 0.988948
1.128 0.98887
1.136 0.988792
1.144 0.988715
1.152 0.988637
1.16 0.988559
1.168 0.988482
1.176 0.988404
1.184 0.988327
1.192 0.988249
1.2 0.988172
1.208 0.988094
1.216 0.988017
1.224 0.987939
1.232 0.987862
1.24 0.987784
1.248 0.987707
1.256 0.987629
1.264 0.987552
1.272 0.987475
1.28 0.987397
1.288 0.98732
1.296 0.987243
1.304 0.987165
1.312 0.987088
1.32 0.987011
1.328 0.986934
1.336 0.986856
1.344 0.986779
1.352 0.986702
1.36 0.986625
1.368 0.986548
1.376 0.986471
1.384 0.986394
1.392 0.986317
1.4 0.98624
1.408 0.986163
1.416 0.986086
1.424 0.986009
1.432 0.985932
1.44 0.985855
1.448 0.985778
1.456 0.985701
1.464 0.985624
1.472 0.985547
1.48 0.985471
1.488 0.985394
1.496 0.985317
1.504 0.98524
1.512 0.985164
1.52 0.985087
1.528 0.98501
1.536 0.984934
1.544 0.984857
1.552 0.98478
1.56 0.984704
1.568 0.984627
1.576 0.984551
1.584 0.984474
1.592 0.984398
1.6 0.984321
1.608 0.984245
1.616 0.984168
1.624 0.984092
1.632 0.984015
1.64 0.983939
1.648 0.983863
1.656 0.983786
1.664 0.98371
1.672 0.983634
1.68 0.983557
1.688 0.983481
1.696 0.983405
1.704 0.983329
1.712 0.983253
1.72 0.983177
1.728 0.9831
1.736 0.983024
1.744 0.982948
1.752 0.982872
1.76 0.982796
1.768 0.98272
1.776 0.982644
1.784 0.982568
1.792 0.982492
1.8 0.982416
1.808 0.982341
1.816 0.982265
1.824 0.982189
1.832 0.982113
1.84 0.982037
1.848 0.981961
1.856 0.981886
1.864 0.98181
1.872 0.981734
1.88 0.981659
1.888 0.981583
1.896 0.981507
1.904 0.981432
1.912 0.981356
1.92 0.981281
1.928 0.981205
1.936 0.98113
1.944 0.981054
1.952 0.980979
1.96 0.980903
1.968 0.980828
1.976 0.980752
1.984 0.980677
1.992 0.980602
2 0.980526
2.008 0.980451
2.016 0.980376
2.024 0.980301
2.032 0.980225
2.04 0.98015
2.048 0.980075
2.056 0.98
2.064 0.979925
2.072 0.97985
2.08 0.979775
2.088 0.9797
2.096 0.979625
2.104 0.97955
2.112 0.979475
2.12 0.9794
2.128 0.979325
2.136 0.97925
2.144 0.979175
2.152 0.9791
2.16 0.979026
2.168 0.978951
2.176 0.978876
2.184 0.978801
2.192 0.978727
2.2 0.978652
2.208 0.978577
2.216 0.978503
2.224 0.978428
2.232 0.978353
2.24 0.978279
2.248 0.978204
2.256 0.97813
2.264 0.978055
2.272 0.977981
2.28 0.977907
2.288 0.977832
2.296 0.977758
2.304 0.977683
2.312 0.977609
2.32 0.977535
2.328 0.977461
2.336 0.977386
2.344 0.977312
2.352 0.977238
2.36 0.977164
2.368 0.97709
2.376 0.977016
2.384 0.976942
2.392 0.976867
2.4 0.976793
2.408 0.976719
2.416 0.976645
2.424 0.976572
2.432 0.976498
2.44 0.976424
2.448 0.97635
2.456 0.976276
2.464 0.976202
2.472 0.976128
2.48 0.976055
2.488 0.975981
2.496 0.975907
2.504 0.975834
2.512 0.97576
2.52 0.975686
2.528 0.975613
2.536 0.975539
2.544 0.975466
2.552 0.975392
2.56 0.975319
2.568 0.975245
2.576 0.975172
2.584 0.975098
2.592 0.975025
2.6 0.974952
2.608 0.974878
2.616 0.974805
2.624 0.974732
2.632 0.974659
2.64 0.974585
2.648 0.974512
2.656 0.974439
2.664 0.974366
2.672 0.974293
2.68 0.97422
2.688 0.974147
2.696 0.974074
2.704 0.974001
2.712 0.973928
2.72 0.973855
2.728 0.973782
2.736 0.973709
2.744 0.973636
2.752 0.973564
2.76 0.973491
2.768 0.973418
2.776 0.973345
2.784 0.973273
2.792 0.9732
2.8 0.973127
2.808 0.973055
2.816 0.972982
2.824 0.97291
2.832 0.972837
2.84 0.972765
2.848 0.972692
2.856 0.97262
2.864 0.972548
2.872 0.972475
2.88 0.972403
2.888 0.972331
2.896 0.972258
2.904 0.972186
2.912 0.972114
2.92 0.972042
2.928 0.971969
2.936 0.971897
2.944 0.971825
2.952 0.971753
2.96 0.971681
2.968 0.971609
2.976 0.971537
2.984 0.971465
2.992 0.971393
3 0.971321
3.008 0.97125
3.016 0.971178
3.024 0.971106
3.032 0.971034
3.04 0.970962
3.048 0.970891
3.056 0.970819
3.064 0.970747
3.072 0.970676
3.08 0.970604
3.088 0.970533
3.096 0.970461
3.104 0.97039
3.112 0.970318
3.12 0.970247
3.128 0.970175
3.136 0.970104
3.144 0.970033
3.152 0.969961
3.16 0.96989
3.168 0.969819
3.176 0.969747
3.184 0.969676
3.192 0.969605
3.2 0.969534
3.208 0.969463
3.216 0.969392
3.224 0.969321
3.232 0.96925
3.24 0.969179
3.248 0.969108
3.256 0.969037
3.264 0.968966
3.272 0.968895
3.28 0.968824
3.288 0.968754
3.296 0.968683
3.304 0.968612
3.312 0.968542
3.32 0.968471
3.328 0.9684
3.336 0.96833
3.344 0.968259
3.352 0.968189
3.36 0.968118
3.368 0.968048
3.376 0.967977
3.384 0.967907
3.392 0.967836
3.4 0.967766
3.408 0.967696
3.416 0.967626
3.424 0.967555
3.432 0.967485
3.44 0.967415
3.448 0.967345
3.456 0.967275
3.464 0.967205
3.472 0.967135
3.48 0.967064
3.488 0.966995
3.496 0.966925
3.504 0.966855
3.512 0.966785
3.52 0.966715
3.528 0.966645
3.536 0.966575
3.544 0.966506
3.552 0.966436
3.56 0.966366
3.568 0.966296
3.576 0.966227
3.584 0.966157
3.592 0.966088
3.6 0.966018
3.608 0.965949
3.616 0.965879
3.624 0.96581
3.632 0.96574
3.64 0.965671
3.648 0.965602
3.656 0.965532
3.664 0.965463
3.672 0.965394
3.68 0.965325
3.688 0.965256
3.696 0.965187
3.704 0.965117
3.712 0.965048
3.72 0.964979
3.728 0.96491
3.736 0.964841
3.744 0.964773
3.752 0.964704
3.76 0.964635
3.768 0.964566
3.776 0.964497
3.784 0.964428
3.792 0.96436
3.8 0.964291
3.808 0.964222
3.816 0.964154
3.824 0.964085
3.832 0.964017
3.84 0.963948
3.848 0.96388
3.856 0.963811
3.864 0.963743
3.872 0.963674
3.88 0.963606
3.888 0.963538
3.896 0.963469
3.904 0.963401
3.912 0.963333
3.92 0.963265
3.928 0.963197
3.936 0.963129
3.944 0.963061
3.952 0.962993
3.96 0.962925
3.968 0.962857
3.976 0.962789
3.984 0.962721
3.992 0.962653
4 0.962585
4.008 0.962517
4.016 0.96245
4.024 0.962382
4.032 0.962314
4.04 0.962247
4.048 0.962179
4.056 0.962111
4.064 0.962044
4.072 0.961976
4.08 0.961909
4.088 0.961841
4.096 0.961774
4.104 0.961707
4.112 0.961639
4.12 0.961572
4.128 0.961505
4.136 0.961438
4.144 0.96137
4.152 0.961303
4.16 0.961236
4.168 0.961169
4.176 0.961102
4.184 0.961035
4.192 0.960968
4.2 0.960901
4.208 0.960834
4.216 0.960767
4.224 0.960701
4.232 0.960634
4.24 0.960567
4.248 0.9605
4.256 0.960434
4.264 0.960367
4.272 0.9603
4.28 0.960234
4.288 0.960167
4.296 0.960101
4.304 0.960034
4.312 0.959968
4.32 0.959901
4.328 0.959835
4.336 0.959769
4.344 0.959702
4.352 0.959636
4.36 0.95957
4.368 0.959504
4.376 0.959438
4.384 0.959372
4.392 0.959306
4.4 0.95924
4.408 0.959174
4.416 0.959108
4.424 0.959042
4.432 0.958976
4.44 0.95891
4.448 0.958844
4.456 0.958778
4.464 0.958713
4.472 0.958647
4.48 0.958581
4.488 0.958516
4.496 0.95845
4.504 0.958385
4.512 0.958319
4.52 0.958254
4.528 0.958188
4.536 0.958123
4.544 0.958058
4.552 0.957992
4.56 0.957927
4.568 0.957862
4.576 0.957796
4.584 0.957731
4.592 0.957666
4.6 0.957601
4.608 0.957536
4.616 0.957471
4.624 0.957406
4.632 0.957341
4.64 0.957276
4.648 0.957211
4.656 0.957147
4.664 0.957082
4.672 0.957017
4.68 0.956952
4.688 0.956888
4.696 0.956823
4.704 0.956758
4.712 0.956694
4.72 0.956629
4.728 0.956565
4.736 0.9565
4.744 0.956436
4.752 0.956372
4.76 0.956307
4.768 0.956243
4.776 0.956179
4.784 0.956115
4.792 0.95605
4.8 0.955986
4.808 0.955922
4.816 0.955858
4.824 0.955794
4.832 0.95573
4.84 0.955666
4.848 0.955602
4.856 0.955538
4.864 0.955475
4.872 0.955411
4.88 0.955347
4.888 0.955283
4.896 0.95522
4.904 0.955156
4.912 0.955092
4.92 0.955029
4.928 0.954965
4.936 0.954902
4.944 0.954839
4.952 0.954775
4.96 0.954712
4.968 0.954648
4.976 0.954585
4.984 0.954522
4.992 0.954459
5 0.954396
5.008 0.954333
5.016 0.954269
5.024 0.954206
5.032 0.954143
5.04 0.95408
5.048 0.954018
5.056 0.953955
5.064 0.953892
5.072 0.953829
5.08 0.953766
5.088 0.953704
5.096 0.953641
5.104 0.953578
5.112 0.953516
5.12 0.953453
5.128 0.953391
5.136 0.953328
5.144 0.953266
5.152 0.953203
5.16 0.953141
5.168 0.953079
5.176 0.953016
5.184 0.952954
5.192 0.952892
5.2 0.95283
5.208 0.952768
5.216 0.952706
5.224 0.952644
5.232 0.952582
5.24 0.95252
5.248 0.952458
5.256 0.952396
5.264 0.952334
5.272 0.952272
5.28 0.95221
5.288 0.952149
5.296 0.952087
5.304 0.952025
5.312 0.951964
5.32 0.951902
5.328 0.951841
5.336 0.951779
5.344 0.951718
5.352 0.951657
5.36 0.951595
5.368 0.951534
5.376 0.951473
5.384 0.951411
5.392 0.95135
5.4 0.951289
5.408 0.951228
5.416 0.951167
5.424 0.951106
5.432 0.951045
5.44 0.950984
5.448 0.950923
5.456 0.950862
5.464 0.950802
5.472 0.950741
5.48 0.95068
5.488 0.950619
5.496 0.950559
5.504 0.950498
5.512 0.950438
5.52 0.950377
5.528 0.950317
5.536 0.950256
5.544 0.950196
5.552 0.950135
5.56 0.950075
5.568 0.950015
5.576 0.949955
5.584 0.949894
5.592 0.949834
5.6 0.949774
5.608 0.949714
5.616 0.949654
5.624 0.949594
5.632 0.949534
5.64 0.949474
5.648 0.949415
5.656 0.949355
5.664 0.949295
5.672 0.949235
5.68 0.949176
5.688 0.949116
5.696 0.949056
5.704 0.948997
5.712 0.948937
5.72 0.948878
5.728 0.948819
5.736 0.948759
5.744 0.9487
5.752 0.948641
5.76 0.948581
5.768 0.948522
5.776 0.948463
5.784 0.948404
5.792 0.948345
5.8 0.948286
5.808 0.948227
5.816 0.948168
5.824 0.948109
5.832 0.94805
5.84 0.947991
5.848 0.947932
5.856 0.947874
5.864 0.947815
5.872 0.947756
5.88 0.947698
5.888 0.947639
5.896 0.947581
5.904 0.947522
5.912 0.947464
5.92 0.947405
5.928 0.947347
5.936 0.947289
5.944 0.947231
5.952 0.947172
5.96 0.947114
5.968 0.947056
5.976 0.946998
5.984 0.94694
5.992 0.946882
6 0.946824
6.008 0.946766
6.016 0.946708
6.024 0.94665
6.032 0.946593
6.04 0.946535
6.048 0.946477
6.056 0.94642
6.064 0.946362
6.072 0.946304
6.08 0.946247
6.088 0.946189
6.096 0.946132
6.104 0.946075
6.112 0.946017
6.12 0.94596
6.128 0.945903
6.136 0.945846
6.144 0.945788
6.152 0.945731
6.16 0.945674
6.168 0.945617
6.176 0.94556
6.184 0.945503
6.192 0.945446
6.2 0.945389
6.208 0.945333
6.216 0.945276
6.224 0.945219
6.232 0.945163
6.24 0.945106
6.248 0.945049
6.256 0.944993
6.264 0.944936
6.272 0.94488
6.28 0.944823
6.288 0.944767
6.296 0.944711
6.304 0.944655
6.312 0.944598
6.32 0.944542
6.328 0.944486
6.336 0.94443
6.344 0.944374
6.352 0.944318
6.36 0.944262
6.368 0.944206
6.376 0.94415
6.384 0.944094
6.392 0.944038
6.4 0.943983
6.408 0.943927
6.416 0.943871
6.424 0.943816
6.432 0.94376
6.44 0.943705
6.448 0.943649
6.456 0.943594
6.464 0.943539
6.472 0.943483
6.48 0.943428
6.488 0.943373
6.496 0.943318
6.504 0.943262
6.512 0.943207
6.52 0.943152
6.528 0.943097
6.536 0.943042
6.544 0.942987
6.552 0.942932
6.56 0.942878
6.568 0.942823
6.576 0.942768
6.584 0.942713
6.592 0.942659
6.6 0.942604
6.608 0.94255
6.616 0.942495
6.624 0.942441
6.632 0.942386
6.64 0.942332
6.648 0.942278
6.656 0.942223
6.664 0.942169
6.672 0.942115
6.68 0.942061
6.688 0.942007
6.696 0.941953
6.704 0.941899
6.712 0.941845
6.72 0.941791
6.728 0.941737
6.736 0.941683
6.744 0.941629
6.752 0.941576
6.76 0.941522
6.768 0.941468
6.776 0.941415
6.784 0.941361
6.792 0.941308
6.8 0.941254
6.808 0.941201
6.816 0.941148
6.824 0.941094
6.832 0.941041
6.84 0.940988
6.848 0.940935
6.856 0.940882
6.864 0.940829
6.872 0.940775
6.88 0.940723
6.888 0.94067
6.896 0.940617
6.904 0.940564
6.912 0.940511
6.92 0.940458
6.928 0.940406
6.936 0.940353
6.944 0.9403
6.952 0.940248
6.96 0.940195
6.968 0.940143
6.976 0.94009
6.984 0.940038
6.992 0.939986
7 0.939934
7.008 0.939881
7.016 0.939829
7.024 0.939777
7.032 0.939725
7.04 0.939673
7.048 0.939621
7.056 0.939569
7.064 0.939517
7.072 0.939465
7.08 0.939413
7.088 0.939362
7.096 0.93931
7.104 0.939258
7.112 0.939207
7.12 0.939155
7.128 0.939104
7.136 0.939052
7.144 0.939001
7.152 0.938949
7.16 0.938898
7.168 0.938847
7.176 0.938796
7.184 0.938744
7.192 0.938693
7.2 0.938642
7.208 0.938591
7.216 0.93854
7.224 0.938489
7.232 0.938438
7.24 0.938388
7.248 0.938337
7.256 0.938286
7.264 0.938235
7.272 0.938185
7.28 0.938134
7.288 0.938083
7.296 0.938033
7.304 0.937983
7.312 0.937932
7.32 0.937882
7.328 0.937831
7.336 0.937781
7.344 0.937731
7.352 0.937681
7.36 0.937631
7.368 0.937581
7.376 0.937531
7.384 0.937481
7.392 0.937431
7.4 0.937381
7.408 0.937331
7.416 0.937281
7.424 0.937231
7.432 0.937182
7.44 0.937132
7.448 0.937083
7.456 0.937033
7.464 0.936984
7.472 0.936934
7.48 0.936885
7.488 0.936835
7.496 0.936786
7.504 0.936737
7.512 0.936688
7.52 0.936638
7.528 0.936589
7.536 0.93654
7.544 0.936491
7.552 0.936442
7.56 0.936393
7.568 0.936345
7.576 0.936296
7.584 0.936247
7.592 0.936198
7.6 0.93615
7.608 0.936101
7.616 0.936052
7.624 0.936004
7.632 0.935955
7.64 0.935907
7.648 0.935859
7.656 0.93581
7.664 0.935762
7.672 0.935714
7.68 0.935666
7.688 0.935618
7.696 0.93557
7.704 0.935522
7.712 0.935474
7.72 0.935426
7.728 0.935378
7.736 0.93533
7.744 0.935282
7.752 0.935234
7.76 0.935187
7.768 0.935139
7.776 0.935092
7.784 0.935044
7.792 0.934997
7.8 0.934949
7.808 0.934902
7.816 0.934854
7.824 0.934807
7.832 0.93476
7.84 0.934713
7.848 0.934666
7.856 0.934619
7.864 0.934572
7.872 0.934525
7.88 0.934478
7.888 0.934431
7.896 0.934384
7.904 0.934337
7.912 0.93429
7.92 0.934244
7.928 0.934197
7.936 0.934151
7.944 0.934104
7.952 0.934058
7.96 0.934011
7.968 0.933965
7.976 0.933918
7.984 0.933872
7.992 0.933826
8 0.93378
8.008 0.933734
8.016 0.933687
8.024 0.933641
8.032 0.933595
8.04 0.93355
8.048 0.933504
8.056 0.933458
8.064 0.933412
8.072 0.933366
8.08 0.933321
8.088 0.933275
8.096 0.933229
8.104 0.933184
8.112 0.933138
8.12 0.933093
8.128 0.933048
8.136 0.933002
8.144 0.932957
8.152 0.932912
8.16 0.932867
8.168 0.932822
8.176 0.932776
8.184 0.932731
8.192 0.932687
8.2 0.932642
8.208 0.932597
8.216 0.932552
8.224 0.932507
8.232 0.932462
8.24 0.932418
8.248 0.932373
8.256 0.932329
8.264 0.932284
8.272 0.93224
8.28 0.932195
8.288 0.932151
8.296 0.932107
8.304 0.932062
8.312 0.932018
8.32 0.931974
8.328 0.93193
8.336 0.931886
8.344 0.931842
8.352 0.931798
8.36 0.931754
8.368 0.93171
8.376 0.931666
8.384 0.931623
8.392 0.931579
8.4 0.931535
8.408 0.931492
8.416 0.931448
8.424 0.931405
8.432 0.931361
8.44 0.931318
8.448 0.931274
8.456 0.931231
8.464 0.931188
8.472 0.931145
8.48 0.931102
8.488 0.931058
8.496 0.931015
8.504 0.930972
8.512 0.93093
8.52 0.930887
8.528 0.930844
8.536 0.930801
8.544 0.930758
8.552 0.930716
8.56 0.930673
8.568 0.930631
8.576 0.930588
8.584 0.930546
8.592 0.930503
8.6 0.930461
8.608 0.930418
8.616 0.930376
8.624 0.930334
8.632 0.930292
8.64 0.93025
8.648 0.930208
8.656 0.930166
8.664 0.930124
8.672 0.930082
8.68 0.93004
8.688 0.929998
8.696 0.929957
8.704 0.929915
8.712 0.929873
8.72 0.929832
8.728 0.92979
8.736 0.929749
8.744 0.929707
8.752 0.929666
8.76 0.929625
8.768 0.929583
8.776 0.929542
8.784 0.929501
8.792 0.92946
8.8 0.929419
8.808 0.929378
8.816 0.929337
8.824 0.929296
8.832 0.929255
8.84 0.929214
8.848 0.929173
8.856 0.929133
8.864 0.929092
8.872 0.929052
8.88 0.929011
8.888 0.928971
8.896 0.92893
8.904 0.92889
8.912 0.928849
8.92 0.928809
8.928 0.928769
8.936 0.928729
8.944 0.928689
8.952 0.928649
8.96 0.928609
8.968 0.928569
8.976 0.928529
8.984 0.928489
8.992 0.928449
9 0.928409
9.008 0.92837
9.016 0.92833
9.024 0.92829
9.032 0.928251
9.04 0.928211
9.048 0.928172
9.056 0.928133
9.064 0.928093
9.072 0.928054
9.08 0.928015
9.088 0.927976
9.096 0.927936
9.104 0.927897
9.112 0.927858
9.12 0.927819
9.128 0.927781
9.136 0.927742
9.144 0.927703
9.152 0.927664
9.16 0.927625
9.168 0.927587
9.176 0.927548
9.184 0.92751
9.192 0.927471
9.2 0.927433
9.208 0.927394
9.216 0.927356
9.224 0.927318
9.232 0.92728
9.24 0.927241
9.248 0.927203
9.256 0.927165
9.264 0.927127
9.272 0.927089
9.28 0.927051
9.288 0.927014
9.296 0.926976
9.304 0.926938
9.312 0.9269
9.32 0.926863
9.328 0.926825
9.336 0.926788
9.344 0.92675
9.352 0.926713
9.36 0.926675
9.368 0.926638
9.376 0.926601
9.384 0.926564
9.392 0.926526
9.4 0.926489
9.408 0.926452
9.416 0.926415
9.424 0.926378
9.432 0.926342
9.44 0.926305
9.448 0.926268
9.456 0.926231
9.464 0.926195
9.472 0.926158
9.48 0.926121
9.488 0.926085
9.496 0.926048
9.504 0.926012
9.512 0.925976
9.52 0.925939
9.528 0.925903
9.536 0.925867
9.544 0.925831
9.552 0.925795
9.56 0.925759
9.568 0.925723
9.576 0.925687
9.584 0.925651
9.592 0.925615
9.6 0.925579
9.608 0.925544
9.616 0.925508
9.624 0.925472
9.632 0.925437
9.64 0.925401
9.648 0.925366
9.656 0.925331
9.664 0.925295
9.672 0.92526
9.68 0.925225
9.688 0.92519
9.696 0.925155
9.704 0.925119
9.712 0.925084
9.72 0.92505
9.728 0.925015
9.736 0.92498
9.744 0.924945
9.752 0.92491
9.76 0.924876
9.768 0.924841
9.776 0.924806
9.784 0.924772
9.792 0.924737
9.8 0.924703
9.808 0.924669
9.816 0.924634
9.824 0.9246
9.832 0.924566
9.84 0.924532
9.848 0.924498
9.856 0.924464
9.864 0.92443
9.872 0.924396
9.88 0.924362
9.888 0.924328
9.896 0.924294
9.904 0.924261
9.912 0.924227
9.92 0.924193
9.928 0.92416
9.936 0.924126
9.944 0.924093
9.952 0.92406
9.96 0.924026
9.968 0.923993
9.976 0.92396
9.984 0.923927
9.992 0.923894
10 0.923861
10.008 0.923828
10.016 0.923795
10.024 0.923762
10.032 0.923729
10.04 0.923696
10.048 0.923663
10.056 0.923631
10.064 0.923598
10.072 0.923566
10.08 0.923533
10.088 0.923501
10.096 0.923468
10.104 0.923436
10.112 0.923404
10.12 0.923371
10.128 0.923339
10.136 0.923307
10.144 0.923275
10.152 0.923243
10.16 0.923211
10.168 0.923179
10.176 0.923147
10.184 0.923116
10.192 0.923084
10.2 0.923052
10.208 0.923021
10.216 0.922989
10.224 0.922957
10.232 0.922926
10.24 0.922895
10.248 0.922863
10.256 0.922832
10.264 0.922801
10.272 0.922769
10.28 0.922738
10.288 0.922707
10.296 0.922676
10.304 0.922645
10.312 0.922614
10.32 0.922583
10.328 0.922553
10.336 0.922522
10.344 0.922491
10.352 0.922461
10.36 0.92243
10.368 0.9224
10.376 0.922369
10.384 0.922339
10.392 0.922308
10.4 0.922278
10.408 0.922248
10.416 0.922218
10.424 0.922187
10.432 0.922157
10.44 0.922127
10.448 0.922097
10.456 0.922067
10.464 0.922037
10.472 0.922008
10.48 0.921978
10.488 0.921948
10.496 0.921919
10.504 0.921889
10.512 0.921859
10.52 0.92183
10.528 0.921801
10.536 0.921771
10.544 0.921742
10.552 0.921713
10.56 0.921683
10.568 0.921654
10.576 0.921625
10.584 0.921596
10.592 0.921567
10.6 0.921538
10.608 0.921509
10.616 0.921481
10.624 0.921452
10.632 0.921423
10.64 0.921394
10.648 0.921366
10.656 0.921337
10.664 0.921309
10.672 0.92128
10.68 0.921252
10.688 0.921224
10.696 0.921195
10.704 0.921167
10.712 0.921139
10.72 0.921111
10.728 0.921083
10.736 0.921055
10.744 0.921027
10.752 0.920999
10.76 0.920971
10.768 0.920944
10.776 0.920916
10.784 0.920888
10.792 0.920861
10.8 0.920833
10.808 0.920806
10.816 0.920778
10.824 0.920751
10.832 0.920723
10.84 0.920696
10.848 0.920669
10.856 0.920642
10.864 0.920615
10.872 0.920588
10.88 0.920561
10.888 0.920534
10.896 0.920507
10.904 0.92048
10.912 0.920453
10.92 0.920427
10.928 0.9204
10.936 0.920373
10.944 0.920347
10.952 0.92032
10.96 0.920294
10.968 0.920268
10.976 0.920241
10.984 0.920215
10.992 0.920189
11 0.920163
11.008 0.920137
11.016 0.92011
11.024 0.920084
11.032 0.920059
11.04 0.920033
11.048 0.920007
11.056 0.919981
11.064 0.919955
11.072 0.91993
11.08 0.919904
11.088 0.919879
11.096 0.919853
11.104 0.919828
11.112 0.919802
11.12 0.919777
11.128 0.919752
11.136 0.919727
11.144 0.919701
11.152 0.919676
11.16 0.919651
11.168 0.919626
11.176 0.919601
11.184 0.919577
11.192 0.919552
11.2 0.919527
11.208 0.919502
11.216 0.919478
11.224 0.919453
11.232 0.919429
11.24 0.919404
11.248 0.91938
11.256 0.919355
11.264 0.919331
11.272 0.919307
11.28 0.919283
11.288 0.919258
11.296 0.919234
11.304 0.91921
11.312 0.919186
11.32 0.919162
11.328 0.919139
11.336 0.919115
11.344 0.919091
11.352 0.919067
11.36 0.919044
11.368 0.91902
11.376 0.918997
11.384 0.918973
11.392 0.91895
11.4 0.918926
11.408 0.918903
11.416 0.91888
11.424 0.918857
11.432 0.918834
11.44 0.918811
11.448 0.918788
11.456 0.918765
11.464 0.918742
11.472 0.918719
11.48 0.918696
11.488 0.918673
11.496 0.918651
11.504 0.918628
11.512 0.918605
11.52 0.918583
11.528 0.91856
11.536 0.918538
11.544 0.918516
11.552 0.918493
11.56 0.918471
11.568 0.918449
11.576 0.918427
11.584 0.918405
11.592 0.918383
11.6 0.918361
11.608 0.918339
11.616 0.918317
11.624 0.918295
11.632 0.918274
11.64 0.918252
11.648 0.91823
11.656 0.918209
11.664 0.918187
11.672 0.918166
11.68 0.918145
11.688 0.918123
11.696 0.918102
11.704 0.918081
11.712 0.91806
11.72 0.918039
11.728 0.918017
11.736 0.917997
11.744 0.917976
11.752 0.917955
11.76 0.917934
11.768 0.917913
11.776 0.917892
11.784 0.917872
11.792 0.917851
11.8 0.917831
11.808 0.91781
11.816 0.91779
11.824 0.917769
11.832 0.917749
11.84 0.917729
11.848 0.917709
11.856 0.917688
11.864 0.917668
11.872 0.917648
11.88 0.917628
11.888 0.917608
11.896 0.917589
11.904 0.917569
11.912 0.917549
11.92 0.917529
11.928 0.91751
11.936 0.91749
11.944 0.917471
11.952 0.917451
11.96 0.917432
11.968 0.917412
11.976 0.917393
11.984 0.917374
11.992 0.917355
12 0.917336
12.008 0.917316
12.016 0.917297
12.024 0.917279
12.032 0.91726
12.04 0.917241
12.048 0.917222
12.056 0.917203
12.064 0.917185
12.072 0.917166
12.08 0.917147
12.088 0.917129
12.096 0.91711
12.104 0.917092
12.112 0.917074
12.12 0.917055
12.128 0.917037
12.136 0.917019
12.144 0.917001
12.152 0.916983
12.16 0.916965
12.168 0.916947
12.176 0.916929
12.184 0.916911
12.192 0.916893
12.2 0.916876
12.208 0.916858
12.216 0.916841
12.224 0.916823
12.232 0.916805
12.24 0.916788
12.248 0.916771
12.256 0.916753
12.264 0.916736
12.272 0.916719
12.28 0.916702
12.288 0.916685
12.296 0.916668
12.304 0.916651
12.312 0.916634
12.32 0.916617
12.328 0.9166
12.336 0.916583
12.344 0.916567
12.352 0.91655
12.36 0.916533
12.368 0.916517
12.376 0.9165
12.384 0.916484
12.392 0.916468
12.4 0.916451
12.408 0.916435
12.416 0.916419
12.424 0.916403
12.432 0.916387
12.44 0.916371
12.448 0.916355
12.456 0.916339
12.464 0.916323
12.472 0.916307
12.48 0.916291
12.488 0.916276
12.496 0.91626
12.504 0.916245
12.512 0.916229
12.52 0.916214
12.528 0.916198
12.536 0.916183
12.544 0.916168
12.552 0.916152
12.56 0.916137
12.568 0.916122
12.576 0.916107
12.584 0.916092
12.592 0.916077
12.6 0.916062
12.608 0.916047
12.616 0.916033
12.624 0.916018
12.632 0.916003
12.64 0.915989
12.648 0.915974
12.656 0.91596
12.664 0.915945
12.672 0.915931
12.68 0.915917
12.688 0.915902
12.696 0.915888
12.704 0.915874
12.712 0.91586
12.72 0.915846
12.728 0.915832
12.736 0.915818
12.744 0.915804
12.752 0.91579
12.76 0.915777
12.768 0.915763
12.776 0.915749
12.784 0.915736
12.792 0.915722
12.8 0.915709
12.808 0.915695
12.816 0.915682
12.824 0.915669
12.832 0.915655
12.84 0.915642
12.848 0.915629
12.856 0.915616
12.864 0.915603
12.872 0.91559
12.88 0.915577
12.888 0.915564
12.896 0.915551
12.904 0.915539
12.912 0.915526
12.92 0.915513
12.928 0.915501
12.936 0.915488
12.944 0.915476
12.952 0.915464
12.96 0.915451
12.968 0.915439
12.976 0.915427
12.984 0.915415
12.992 0.915402
13 0.91539
13.008 0.915378
13.016 0.915366
13.024 0.915355
13.032 0.915343
13.04 0.915331
13.048 0.915319
13.056 0.915308
13.064 0.915296
13.072 0.915284
13.08 0.915273
13.088 0.915262
13.096 0.91525
13.104 0.915239
13.112 0.915228
13.12 0.915216
13.128 0.915205
13.136 0.915194
13.144 0.915183
13.152 0.915172
13.16 0.915161
13.168 0.91515
13.176 0.91514
13.184 0.915129
13.192 0.915118
13.2 0.915108
13.208 0.915097
13.216 0.915086
13.224 0.915076
13.232 0.915066
13.24 0.915055
13.248 0.915045
13.256 0.915035
13.264 0.915024
13.272 0.915014
13.28 0.915004
13.288 0.914994
13.296 0.914984
13.304 0.914974
13.312 0.914965
13.32 0.914955
13.328 0.914945
13.336 0.914935
13.344 0.914926
13.352 0.914916
13.36 0.914907
13.368 0.914897
13.376 0.914888
13.384 0.914879
13.392 0.914869
13.4 0.91486
13.408 0.914851
13.416 0.914842
13.424 0.914833
13.432 0.914824
13.44 0.914815
13.448 0.914806
13.456 0.914797
13.464 0.914788
13.472 0.91478
13.48 0.914771
13.488 0.914762
13.496 0.914754
13.504 0.914745
13.512 0.914737
13.52 0.914728
13.528 0.91472
13.536 0.914712
13.544 0.914704
13.552 0.914696
13.56 0.914687
13.568 0.914679
13.576 0.914671
13.584 0.914663
13.592 0.914656
13.6 0.914648
13.608 0.91464
13.616 0.914632
13.624 0.914625
13.632 0.914617
13.64 0.91461
13.648 0.914602
13.656 0.914595
13.664 0.914587
13.672 0.91458
13.68 0.914573
13.688 0.914566
13.696 0.914558
13.704 0.914551
13.712 0.914544
13.72 0.914537
13.728 0.914531
13.736 0.914524
13.744 0.914517
13.752 0.91451
13.76 0.914503
13.768 0.914497
13.776 0.91449
13.784 0.914484
13.792 0.914477
13.8 0.914471
13.808 0.914465
13.816 0.914458
13.824 0.914452
13.832 0.914446
13.84 0.91444
13.848 0.914434
13.856 0.914428
13.864 0.914422
13.872 0.914416
13.88 0.91441
13.888 0.914404
13.896 0.914398
13.904 0.914393
13.912 0.914387
13.92 0.914382
13.928 0.914376
13.936 0.914371
13.944 0.914365
13.952 0.91436
13.96 0.914355
13.968 0.914349
13.976 0.914344
13.984 0.914339
13.992 0.914334
14 0.914329
14.008 0.914324
14.016 0.914319
14.024 0.914314
14.032 0.91431
14.04 0.914305
14.048 0.9143
14.056 0.914296
14.064 0.914291
14.072 0.914287
14.08 0.914282
14.088 0.914278
14.096 0.914274
14.104 0.914269
14.112 0.914265
14.12 0.914261
14.128 0.914257
14.136 0.914253
14.144 0.914249
14.152 0.914245
14.16 0.914241
14.168 0.914237
14.176 0.914233
14.184 0.91423
14.192 0.914226
14.2 0.914222
14.208 0.914219
14.216 0.914215
14.224 0.914212
14.232 0.914209
14.24 0.914205
14.248 0.914202
14.256 0.914199
14.264 0.914196
14.272 0.914193
14.28 0.91419
14.288 0.914187
14.296 0.914184
14.304 0.914181
14.312 0.914178
14.32 0.914175
14.328 0.914173
14.336 0.91417
14.344 0.914167
14.352 0.914165
14.36 0.914162
14.368 0.91416
14.376 0.914158
14.384 0.914155
14.392 0.914153
14.4 0.914151
14.408 0.914149
14.416 0.914147
14.424 0.914145
14.432 0.914143
14.44 0.914141
14.448 0.914139
14.456 0.914137
14.464 0.914135
14.472 0.914134
14.48 0.914132
14.488 0.91413
14.496 0.914129
14.504 0.914127
14.512 0.914126
14.52 0.914125
14.528 0.914123
14.536 0.914122
14.544 0.914121
14.552 0.91412
14.56 0.914119
14.568 0.914118
14.576 0.914117
14.584 0.914116
14.592 0.914115
14.6 0.914114
14.608 0.914113
14.616 0.914113
14.624 0.914112
14.632 0.914111
14.64 0.914111
14.648 0.91411
14.656 0.91411
14.664 0.91411
14.672 0.914109
14.68 0.914109
14.688 0.914109
14.696 0.914109
14.704 0.914109
14.712 0.914109
14.72 0.914109
14.728 0.914109
14.736 0.914109
14.744 0.914109
14.752 0.914109
14.76 0.91411
14.768 0.91411
14.776 0.914111
14.784 0.914111
14.792 0.914112
14.8 0.914112
14.808 0.914113
14.816 0.914113
14.824 0.914114
14.832 0.914115
14.84 0.914116
14.848 0.914117
14.856 0.914118
14.864 0.914119
14.872 0.91412
14.88 0.914121
14.888 0.914122
14.896 0.914124
14.904 0.914125
14.912 0.914126
14.92 0.914128
14.928 0.914129
14.936 0.914131
14.944 0.914132
14.952 0.914134
14.96 0.914136
14.968 0.914137
14.976 0.914139
14.984 0.914141
14.992 0.914143
