0.024 -4.52281 -4.52367
0.032 -4.5217 -4.52266
0.04 -4.5206 -4.52166
0.048 -4.5195 -4.52065
0.056 -4.51839 -4.51964
0.064 -4.51729 -4.51863
0.072 -4.51618 -4.51763
0.08 -4.51508 -4.51662
0.088 -4.51397 -4.51561
0.096 -4.51286 -4.5146
0.104 -4.51176 -4.51359
0.112 -4.51065 -4.51258
0.12 -4.50955 -4.51157
0.128 -4.50844 -4.51056
0.136 -4.50733 -4.50955
0.144 -4.50622 -4.50854
0.152 -4.50511 -4.50753
0.16 -4.504 -4.50651
0.168 -4.50289 -4.5055
0.176 -4.50178 -4.50448
0.184 -4.50066 -4.50346
0.192 -4.49955 -4.50244
0.2 -4.49843 -4.50142
0.208 -4.49732 -4.5004
0.216 -4.4962 -4.49938
0.224 -4.49508 -4.49836
0.232 -4.49396 -4.49733
0.24 -4.49284 -4.4963
0.248 -4.49172 -4.49527
0.256 -4.49059 -4.49424
0.264 -4.48946 -4.49321
0.272 -4.48834 -4.49218
0.28 -4.48721 -4.49114
0.288 -4.48608 -4.4901
0.296 -4.48494 -4.48906
0.304 -4.48381 -4.48802
0.312 -4.48267 -4.48698
0.32 -4.48153 -4.48593
0.328 -4.48039 -4.48488
0.336 -4.47925 -4.48383
0.344 -4.4781 -4.48278
0.352 -4.47696 -4.48172
0.36 -4.47581 -4.48066
0.368 -4.47465 -4.4796
0.376 -4.4735 -4.47854
0.384 -4.47234 -4.47747
0.392 -4.47118 -4.4764
0.4 -4.47002 -4.47533
0.408 -4.46886 -4.47426
0.416 -4.46769 -4.47318
0.424 -4.46652 -4.4721
0.432 -4.46535 -4.47101
0.44 -4.46418 -4.46993
0.448 -4.463 -4.46884
0.456 -4.46182 -4.46774
0.464 -4.46063 -4.46665
0.472 -4.45945 -4.46555
0.48 -4.45826 -4.46444
0.488 -4.45707 -4.46334
0.496 -4.45587 -4.46223
0.504 -4.45467 -4.46111
0.512 -4.45347 -4.46
0.52 -4.45226 -4.45888
0.528 -4.45106 -4.45775
0.536 -4.44984 -4.45662
0.544 -4.44863 -4.45549
0.552 -4.44741 -4.45435
0.56 -4.44619 -4.45321
0.568 -4.44496 -4.45207
0.576 -4.44373 -4.45092
0.584 -4.4425 -4.44977
0.592 -4.44126 -4.44861
0.6 -4.44002 -4.44745
0.608 -4.43878 -4.44629
0.616 -4.43753 -4.44512
0.624 -4.43628 -4.44394
0.632 -4.43502 -4.44277
0.64 -4.43376 -4.44158
0.648 -4.43249 -4.4404
0.656 -4.43123 -4.4392
0.664 -4.42995 -4.43801
0.672 -4.42868 -4.43681
0.68 -4.4274 -4.4356
0.688 -4.42611 -4.43439
0.696 -4.42482 -4.43318
0.704 -4.42353 -4.43196
0.712 -4.42223 -4.43073
0.72 -4.42093 -4.4295
0.728 -4.41962 -4.42827
0.736 -4.41831 -4.42703
0.744 -4.417 -4.42579
0.752 -4.41567 -4.42454
0.76 -4.41435 -4.42328
0.768 -4.41302 -4.42202
0.776 -4.41169 -4.42076
0.784 -4.41035 -4.41948
0.792 -4.409 -4.41821
0.8 -4.40766 -4.41693
0.808 -4.4063 -4.41564
0.816 -4.40494 -4.41435
0.824 -4.40358 -4.41305
0.832 -4.40221 -4.41175
0.84 -4.40084 -4.41044
0.848 -4.39946 -4.40913
0.856 -4.39808 -4.40781
0.864 -4.39669 -4.40648
0.872 -4.3953 -4.40515
0.88 -4.3939 -4.40381
0.888 -4.3925 -4.40247
0.896 -4.39109 -4.40112
0.904 -4.38967 -4.39977
0.912 -4.38825 -4.39841
0.92 -4.38683 -4.39704
0.928 -4.3854 -4.39567
0.936 -4.38397 -4.39429
0.944 -4.38253 -4.39291
0.952 -4.38108 -4.39152
0.96 -4.37963 -4.39012
0.968 -4.37817 -4.38872
0.976 -4.37671 -4.38731
0.984 -4.37524 -4.3859
0.992 -4.37377 -4.38448
1 -4.37229 -4.38305
1.008 -4.37081 -4.38162
1.016 -4.36932 -4.38018
1.024 -4.36782 -4.37873
1.032 -4.36632 -4.37728
1.04 -4.36481 -4.37582
1.048 -4.3633 -4.37436
1.056 -4.36178 -4.37289
1.064 -4.36026 -4.37141
1.072 -4.35873 -4.36992
1.08 -4.35719 -4.36843
1.088 -4.35565 -4.36694
1.096 -4.3541 -4.36543
1.104 -4.35255 -4.36392
1.112 -4.35099 -4.36241
1.12 -4.34942 -4.36088
1.128 -4.34785 -4.35935
1.136 -4.34628 -4.35782
1.144 -4.34469 -4.35627
1.152 -4.34311 -4.35472
1.16 -4.34151 -4.35317
1.168 -4.33991 -4.3516
1.176 -4.3383 -4.35003
1.184 -4.33669 -4.34846
1.192 -4.33507 -4.34687
1.2 -4.33345 -4.34528
1.208 -4.33182 -4.34369
1.216 -4.33018 -4.34208
1.224 -4.32854 -4.34047
1.232 -4.32689 -4.33885
1.24 -4.32523 -4.33723
1.248 -4.32357 -4.3356
1.256 -4.3219 -4.33396
1.264 -4.32023 -4.33231
1.272 -4.31855 -4.33066
1.28 -4.31686 -4.329
1.288 -4.31517 -4.32734
1.296 -4.31347 -4.32567
1.304 -4.31177 -4.32399
1.312 -4.31006 -4.3223
1.32 -4.30834 -4.32061
1.328 -4.30662 -4.3189
1.336 -4.30489 -4.3172
1.344 -4.30315 -4.31548
1.352 -4.30141 -4.31376
1.36 -4.29967 -4.31203
1.368 -4.29791 -4.3103
1.376 -4.29615 -4.30856
1.384 -4.29438 -4.30681
1.392 -4.29261 -4.30505
1.4 -4.29083 -4.30329
1.408 -4.28905 -4.30152
1.416 -4.28726 -4.29974
1.424 -4.28546 -4.29795
1.432 -4.28365 -4.29616
1.44 -4.28184 -4.29436
1.448 -4.28003 -4.29256
1.456 -4.27821 -4.29075
1.464 -4.27638 -4.28893
1.472 -4.27454 -4.2871
1.48 -4.2727 -4.28527
1.488 -4.27085 -4.28343
1.496 -4.269 -4.28158
1.504 -4.26714 -4.27973
1.512 -4.26527 -4.27787
1.52 -4.2634 -4.276
1.528 -4.26152 -4.27412
1.536 -4.25964 -4.27224
1.544 -4.25775 -4.27035
1.552 -4.25585 -4.26845
1.56 -4.25395 -4.26655
1.568 -4.25204 -4.26464
1.576 -4.25012 -4.26273
1.584 -4.2482 -4.2608
1.592 -4.24627 -4.25887
1.6 -4.24434 -4.25693
1.608 -4.2424 -4.25499
1.616 -4.24046 -4.25304
1.624 -4.2385 -4.25108
1.632 -4.23655 -4.24912
1.64 -4.23458 -4.24714
1.648 -4.23261 -4.24517
1.656 -4.23064 -4.24318
1.664 -4.22865 -4.24119
1.672 -4.22667 -4.23919
1.68 -4.22467 -4.23718
1.688 -4.22267 -4.23517
1.696 -4.22067 -4.23315
1.704 -4.21866 -4.23113
1.712 -4.21664 -4.2291
1.72 -4.21461 -4.22706
1.728 -4.21259 -4.22501
1.736 -4.21055 -4.22296
1.744 -4.20851 -4.2209
1.752 -4.20646 -4.21884
1.76 -4.20441 -4.21676
1.768 -4.20235 -4.21469
1.776 -4.20029 -4.2126
1.784 -4.19822 -4.21051
1.792 -4.19614 -4.20841
1.8 -4.19406 -4.20631
1.808 -4.19198 -4.2042
1.816 -4.18988 -4.20208
1.824 -4.18778 -4.19996
1.832 -4.18568 -4.19783
1.84 -4.18357 -4.19569
1.848 -4.18146 -4.19355
1.856 -4.17934 -4.1914
1.864 -4.17721 -4.18925
1.872 -4.17508 -4.18709
1.88 -4.17295 -4.18492
1.888 -4.1708 -4.18275
1.896 -4.16866 -4.18057
1.904 -4.1665 -4.17838
1.912 -4.16435 -4.17619
1.92 -4.16218 -4.17399
1.928 -4.16002 -4.17179
1.936 -4.15784 -4.16958
1.944 -4.15566 -4.16737
1.952 -4.15348 -4.16515
1.96 -4.15129 -4.16292
1.968 -4.1491 -4.16069
1.976 -4.1469 -4.15845
1.984 -4.14469 -4.1562
1.992 -4.14248 -4.15396
2 -4.14027 -4.1517
2.008 -4.13805 -4.14944
2.016 -4.13583 -4.14717
2.024 -4.1336 -4.1449
2.032 -4.13137 -4.14262
2.04 -4.12913 -4.14034
2.048 -4.12688 -4.13805
2.056 -4.12464 -4.13576
2.064 -4.12238 -4.13346
2.072 -4.12013 -4.13115
2.08 -4.11787 -4.12884
2.088 -4.1156 -4.12653
2.096 -4.11333 -4.12421
2.104 -4.11105 -4.12188
2.112 -4.10877 -4.11955
2.12 -4.10649 -4.11722
2.128 -4.1042 -4.11488
2.136 -4.10191 -4.11253
2.144 -4.09961 -4.11018
2.152 -4.09731 -4.10782
2.16 -4.095 -4.10546
2.168 -4.09269 -4.1031
2.176 -4.09038 -4.10073
2.184 -4.08806 -4.09835
2.192 -4.08574 -4.09597
2.2 -4.08341 -4.09359
2.208 -4.08108 -4.0912
2.216 -4.07875 -4.08881
2.224 -4.07641 -4.08641
2.232 -4.07407 -4.08401
2.24 -4.07172 -4.0816
2.248 -4.06938 -4.07919
2.256 -4.06702 -4.07677
2.264 -4.06467 -4.07436
2.272 -4.06231 -4.07193
2.28 -4.05994 -4.0695
2.288 -4.05757 -4.06707
2.296 -4.0552 -4.06464
2.304 -4.05283 -4.0622
2.312 -4.05045 -4.05975
2.32 -4.04807 -4.0573
2.328 -4.04569 -4.05485
2.336 -4.0433 -4.0524
2.344 -4.04091 -4.04994
2.352 -4.03851 -4.04747
2.36 -4.03612 -4.04501
2.368 -4.03372 -4.04254
2.376 -4.03131 -4.04006
2.384 -4.02891 -4.03759
2.392 -4.0265 -4.0351
2.4 -4.02409 -4.03262
2.408 -4.02167 -4.03013
2.416 -4.01925 -4.02764
2.424 -4.01683 -4.02515
2.432 -4.01441 -4.02265
2.44 -4.01199 -4.02015
2.448 -4.00956 -4.01765
2.456 -4.00713 -4.01514
2.464 -4.00469 -4.01263
2.472 -4.00226 -4.01012
2.48 -3.99982 -4.0076
2.488 -3.99738 -4.00509
2.496 -3.99494 -4.00256
2.504 -3.99249 -4.00004
2.512 -3.99004 -3.99752
2.52 -3.9876 -3.99499
2.528 -3.98514 -3.99246
2.536 -3.98269 -3.98992
2.544 -3.98024 -3.98739
2.552 -3.97778 -3.98485
2.56 -3.97532 -3.98231
2.568 -3.97286 -3.97976
2.576 -3.9704 -3.97722
2.584 -3.96793 -3.97467
2.592 -3.96547 -3.97212
2.6 -3.963 -3.96957
2.608 -3.96053 -3.96702
2.616 -3.95806 -3.96446
2.624 -3.95559 -3.96191
2.632 -3.95311 -3.95935
2.64 -3.95064 -3.95679
2.648 -3.94816 -3.95423
2.656 -3.94569 -3.95166
2.664 -3.94321 -3.9491
2.672 -3.94073 -3.94653
2.68 -3.93825 -3.94396
2.688 -3.93577 -3.94139
2.696 -3.93328 -3.93882
2.704 -3.9308 -3.93625
2.712 -3.92832 -3.93368
2.72 -3.92583 -3.9311
2.728 -3.92335 -3.92853
2.736 -3.92086 -3.92595
2.744 -3.91837 -3.92338
2.752 -3.91588 -3.9208
2.76 -3.9134 -3.91822
2.768 -3.91091 -3.91564
2.776 -3.90842 -3.91306
2.784 -3.90593 -3.91048
2.792 -3.90344 -3.9079
2.8 -3.90095 -3.90532
2.808 -3.89846 -3.90273
2.816 -3.89597 -3.90015
2.824 -3.89348 -3.89757
2.832 -3.89099 -3.89498
2.84 -3.8885 -3.8924
2.848 -3.88601 -3.88982
2.856 -3.88352 -3.88723
2.864 -3.88103 -3.88465
2.872 -3.87854 -3.88207
2.88 -3.87605 -3.87948
2.888 -3.87356 -3.8769
2.896 -3.87107 -3.87432
2.904 -3.86858 -3.87173
2.912 -3.86609 -3.86915
2.92 -3.86361 -3.86657
2.928 -3.86112 -3.86399
2.936 -3.85863 -3.86141
2.944 -3.85615 -3.85883
2.952 -3.85366 -3.85625
2.96 -3.85118 -3.85367
2.968 -3.8487 -3.85109
2.976 -3.84622 -3.84851
2.984 -3.84373 -3.84593
2.992 -3.84126 -3.84336
3 -3.83878 -3.84078
3.008 -3.8363 -3.83821
3.016 -3.83382 -3.83564
3.024 -3.83135 -3.83307
3.032 -3.82888 -3.8305
3.04 -3.8264 -3.82793
3.048 -3.82393 -3.82536
3.056 -3.82146 -3.8228
3.064 -3.819 -3.82023
3.072 -3.81653 -3.81767
3.08 -3.81407 -3.81511
3.088 -3.8116 -3.81255
3.096 -3.80914 -3.80999
3.104 -3.80668 -3.80743
3.112 -3.80423 -3.80488
3.12 -3.80177 -3.80233
3.128 -3.79932 -3.79978
3.136 -3.79687 -3.79723
3.144 -3.79442 -3.79468
3.152 -3.79197 -3.79214
3.16 -3.78953 -3.7896
3.168 -3.78709 -3.78706
3.176 -3.78465 -3.78452
3.184 -3.78221 -3.78199
3.192 -3.77977 -3.77946
3.2 -3.77734 -3.77693
3.208 -3.77491 -3.7744
3.216 -3.77248 -3.77187
3.224 -3.77006 -3.76935
3.232 -3.76763 -3.76683
3.24 -3.76521 -3.76432
3.248 -3.7628 -3.7618
3.256 -3.76038 -3.75929
3.264 -3.75797 -3.75679
3.272 -3.75556 -3.75428
3.28 -3.75316 -3.75178
3.288 -3.75076 -3.74928
3.296 -3.74836 -3.74679
3.304 -3.74596 -3.74429
3.312 -3.74357 -3.74181
3.32 -3.74118 -3.73932
3.328 -3.73879 -3.73684
3.336 -3.73641 -3.73436
3.344 -3.73403 -3.73189
3.352 -3.73165 -3.72941
3.36 -3.72928 -3.72695
3.368 -3.72691 -3.72448
3.376 -3.72454 -3.72202
3.384 -3.72218 -3.71957
3.392 -3.71982 -3.71711
3.4 -3.71747 -3.71467
3.408 -3.71512 -3.71222
3.416 -3.71277 -3.70978
3.424 -3.71043 -3.70734
3.432 -3.70809 -3.70491
3.44 -3.70575 -3.70248
3.448 -3.70342 -3.70006
3.456 -3.70109 -3.69764
3.464 -3.69877 -3.69523
3.472 -3.69645 -3.69281
3.48 -3.69413 -3.69041
3.488 -3.69182 -3.68801
3.496 -3.68952 -3.68561
3.504 -3.68722 -3.68322
3.512 -3.68492 -3.68083
3.52 -3.68262 -3.67844
3.528 -3.68033 -3.67607
3.536 -3.67805 -3.67369
3.544 -3.67577 -3.67132
3.552 -3.67349 -3.66896
3.56 -3.67122 -3.6666
3.568 -3.66896 -3.66424
3.576 -3.6667 -3.66189
3.584 -3.66444 -3.65955
3.592 -3.66219 -3.65721
3.6 -3.65994 -3.65488
3.608 -3.6577 -3.65255
3.616 -3.65546 -3.65022
3.624 -3.65323 -3.64791
3.632 -3.651 -3.64559
3.64 -3.64878 -3.64329
3.648 -3.64656 -3.64098
3.656 -3.64435 -3.63869
3.664 -3.64214 -3.6364
3.672 -3.63994 -3.63411
3.68 -3.63774 -3.63183
3.688 -3.63555 -3.62956
3.696 -3.63336 -3.62729
3.704 -3.63118 -3.62503
3.712 -3.62901 -3.62277
3.72 -3.62684 -3.62052
3.728 -3.62467 -3.61827
3.736 -3.62252 -3.61604
3.744 -3.62036 -3.6138
3.752 -3.61821 -3.61157
3.76 -3.61607 -3.60935
3.768 -3.61394 -3.60714
3.776 -3.6118 -3.60493
3.784 -3.60968 -3.60273
3.792 -3.60756 -3.60053
3.8 -3.60545 -3.59834
3.808 -3.60334 -3.59616
3.816 -3.60124 -3.59398
3.824 -3.59914 -3.59181
3.832 -3.59705 -3.58964
3.84 -3.59497 -3.58748
3.848 -3.59289 -3.58533
3.856 -3.59082 -3.58319
3.864 -3.58875 -3.58105
3.872 -3.58669 -3.57892
3.88 -3.58463 -3.57679
3.888 -3.58259 -3.57467
3.896 -3.58055 -3.57256
3.904 -3.57851 -3.57045
3.912 -3.57648 -3.56836
3.92 -3.57446 -3.56626
3.928 -3.57244 -3.56418
3.936 -3.57043 -3.5621
3.944 -3.56843 -3.56003
3.952 -3.56643 -3.55796
3.96 -3.56444 -3.55591
3.968 -3.56245 -3.55386
3.976 -3.56047 -3.55181
3.984 -3.5585 -3.54978
3.992 -3.55654 -3.54775
4 -3.55458 -3.54572
4.008 -3.55263 -3.54371
4.016 -3.55068 -3.5417
4.024 -3.54874 -3.5397
4.032 -3.54681 -3.53771
4.04 -3.54488 -3.53572
4.048 -3.54296 -3.53374
4.056 -3.54105 -3.53177
4.064 -3.53914 -3.52981
4.072 -3.53725 -3.52785
4.08 -3.53535 -3.5259
4.088 -3.53347 -3.52396
4.096 -3.53159 -3.52202
4.104 -3.52972 -3.5201
4.112 -3.52785 -3.51818
4.12 -3.52599 -3.51626
4.128 -3.52414 -3.51436
4.136 -3.5223 -3.51246
4.144 -3.52046 -3.51057
4.152 -3.51863 -3.50869
4.16 -3.51681 -3.50682
4.168 -3.51499 -3.50495
4.176 -3.51318 -3.50309
4.184 -3.51138 -3.50124
4.192 -3.50959 -3.4994
4.2 -3.5078 -3.49756
4.208 -3.50602 -3.49573
4.216 -3.50424 -3.49391
4.224 -3.50248 -3.4921
4.232 -3.50072 -3.4903
4.24 -3.49896 -3.4885
4.248 -3.49722 -3.48671
4.256 -3.49548 -3.48493
4.264 -3.49375 -3.48316
4.272 -3.49203 -3.48139
4.28 -3.49031 -3.47963
4.288 -3.4886 -3.47788
4.296 -3.4869 -3.47614
4.304 -3.4852 -3.47441
4.312 -3.48352 -3.47268
4.32 -3.48184 -3.47097
4.328 -3.48016 -3.46926
4.336 -3.4785 -3.46755
4.344 -3.47684 -3.46586
4.352 -3.47519 -3.46418
4.36 -3.47355 -3.4625
4.368 -3.47191 -3.46083
4.376 -3.47028 -3.45917
4.384 -3.46866 -3.45751
4.392 -3.46704 -3.45587
4.4 -3.46544 -3.45423
4.408 -3.46384 -3.4526
4.416 -3.46225 -3.45098
4.424 -3.46066 -3.44937
4.432 -3.45908 -3.44777
4.44 -3.45751 -3.44617
4.448 -3.45595 -3.44458
4.456 -3.4544 -3.443
4.464 -3.45285 -3.44143
4.472 -3.45131 -3.43987
4.48 -3.44978 -3.43831
4.488 -3.44825 -3.43676
4.496 -3.44673 -3.43522
4.504 -3.44522 -3.43369
4.512 -3.44372 -3.43217
4.52 -3.44223 -3.43066
4.528 -3.44074 -3.42915
4.536 -3.43926 -3.42765
4.544 -3.43779 -3.42616
4.552 -3.43632 -3.42468
4.56 -3.43486 -3.42321
4.568 -3.43341 -3.42174
4.576 -3.43197 -3.42028
4.584 -3.43053 -3.41884
4.592 -3.4291 -3.41739
4.6 -3.42768 -3.41596
4.608 -3.42627 -3.41454
4.616 -3.42486 -3.41312
4.624 -3.42347 -3.41171
4.632 -3.42207 -3.41031
4.64 -3.42069 -3.40892
4.648 -3.41931 -3.40754
4.656 -3.41795 -3.40617
4.664 -3.41659 -3.4048
4.672 -3.41523 -3.40344
4.68 -3.41388 -3.40209
4.688 -3.41255 -3.40075
4.696 -3.41121 -3.39941
4.704 -3.40989 -3.39809
4.712 -3.40857 -3.39677
4.72 -3.40726 -3.39546
4.728 -3.40596 -3.39416
4.736 -3.40467 -3.39286
4.744 -3.40338 -3.39158
4.752 -3.4021 -3.3903
4.76 -3.40083 -3.38903
4.768 -3.39956 -3.38777
4.776 -3.3983 -3.38652
4.784 -3.39705 -3.38527
4.792 -3.39581 -3.38404
4.8 -3.39458 -3.38281
4.808 -3.39335 -3.38159
4.816 -3.39213 -3.38038
4.824 -3.39091 -3.37917
4.832 -3.3897 -3.37797
4.84 -3.3885 -3.37679
4.848 -3.38731 -3.37561
4.856 -3.38613 -3.37443
4.864 -3.38495 -3.37327
4.872 -3.38378 -3.37211
4.88 -3.38261 -3.37096
4.888 -3.38146 -3.36982
4.896 -3.38031 -3.36869
4.904 -3.37917 -3.36756
4.912 -3.37803 -3.36645
4.92 -3.3769 -3.36534
4.928 -3.37578 -3.36423
4.936 -3.37467 -3.36314
4.944 -3.37356 -3.36205
4.952 -3.37246 -3.36098
4.96 -3.37137 -3.35991
4.968 -3.37028 -3.35884
4.976 -3.36921 -3.35779
4.984 -3.36813 -3.35674
4.992 -3.36707 -3.3557
5 -3.36601 -3.35467
5.008 -3.36496 -3.35364
5.016 -3.36392 -3.35263
5.024 -3.36288 -3.35162
5.032 -3.36185 -3.35062
5.04 -3.36082 -3.34962
5.048 -3.35981 -3.34864
5.056 -3.3588 -3.34766
5.064 -3.35779 -3.34668
5.072 -3.3568 -3.34572
5.08 -3.35581 -3.34476
5.088 -3.35483 -3.34381
5.096 -3.35385 -3.34287
5.104 -3.35288 -3.34194
5.112 -3.35192 -3.34101
5.12 -3.35096 -3.34009
5.128 -3.35001 -3.33918
5.136 -3.34907 -3.33827
5.144 -3.34813 -3.33737
5.152 -3.3472 -3.33648
5.16 -3.34627 -3.3356
5.168 -3.34536 -3.33472
5.176 -3.34445 -3.33385
5.184 -3.34354 -3.33299
5.192 -3.34264 -3.33213
5.2 -3.34175 -3.33128
5.208 -3.34087 -3.33044
5.216 -3.33999 -3.3296
5.224 -3.33911 -3.32878
5.232 -3.33825 -3.32796
5.24 -3.33739 -3.32714
5.248 -3.33653 -3.32633
5.256 -3.33568 -3.32553
5.264 -3.33484 -3.32474
5.272 -3.334 -3.32395
5.28 -3.33317 -3.32317
5.288 -3.33235 -3.3224
5.296 -3.33153 -3.32163
5.304 -3.33072 -3.32087
5.312 -3.32991 -3.32012
5.32 -3.32911 -3.31937
5.328 -3.32832 -3.31863
5.336 -3.32753 -3.31789
5.344 -3.32675 -3.31716
5.352 -3.32597 -3.31644
5.36 -3.3252 -3.31573
5.368 -3.32443 -3.31502
5.376 -3.32367 -3.31432
5.384 -3.32292 -3.31362
5.392 -3.32217 -3.31293
5.4 -3.32143 -3.31224
5.408 -3.32069 -3.31157
5.416 -3.31996 -3.31089
5.424 -3.31923 -3.31023
5.432 -3.31851 -3.30957
5.44 -3.31779 -3.30891
5.448 -3.31708 -3.30826
5.456 -3.31638 -3.30762
5.464 -3.31568 -3.30699
5.472 -3.31498 -3.30635
5.48 -3.31429 -3.30573
5.488 -3.31361 -3.30511
5.496 -3.31293 -3.3045
5.504 -3.31226 -3.30389
5.512 -3.31159 -3.30329
5.52 -3.31093 -3.30269
5.528 -3.31027 -3.3021
5.536 -3.30961 -3.30151
5.544 -3.30896 -3.30093
5.552 -3.30832 -3.30036
5.56 -3.30768 -3.29979
5.568 -3.30705 -3.29922
5.576 -3.30642 -3.29866
5.584 -3.30579 -3.29811
5.592 -3.30517 -3.29756
5.6 -3.30456 -3.29702
5.608 -3.30395 -3.29648
5.616 -3.30334 -3.29595
5.624 -3.30274 -3.29542
5.632 -3.30214 -3.29489
5.64 -3.30155 -3.29438
5.648 -3.30096 -3.29386
5.656 -3.30038 -3.29335
5.664 -3.2998 -3.29285
5.672 -3.29922 -3.29235
5.68 -3.29865 -3.29186
5.688 -3.29808 -3.29137
5.696 -3.29752 -3.29088
5.704 -3.29696 -3.2904
5.712 -3.29641 -3.28992
5.72 -3.29586 -3.28945
5.728 -3.29531 -3.28898
5.736 -3.29477 -3.28852
5.744 -3.29423 -3.28806
5.752 -3.29369 -3.2876
5.76 -3.29316 -3.28715
5.768 -3.29264 -3.28671
5.776 -3.29211 -3.28627
5.784 -3.29159 -3.28583
5.792 -3.29108 -3.28539
5.8 -3.29057 -3.28496
5.808 -3.29006 -3.28454
5.816 -3.28955 -3.28411
5.824 -3.28905 -3.28369
5.832 -3.28855 -3.28328
5.84 -3.28806 -3.28287
5.848 -3.28756 -3.28246
5.856 -3.28708 -3.28206
5.864 -3.28659 -3.28166
5.872 -3.28611 -3.28126
5.88 -3.28563 -3.28087
5.888 -3.28515 -3.28048
5.896 -3.28468 -3.28009
5.904 -3.28421 -3.27971
5.912 -3.28374 -3.27932
5.92 -3.28328 -3.27895
5.928 -3.28282 -3.27857
5.936 -3.28236 -3.2782
5.944 -3.28191 -3.27784
5.952 -3.28146 -3.27747
5.96 -3.28101 -3.27711
5.968 -3.28056 -3.27675
5.976 -3.28011 -3.27639
5.984 -3.27967 -3.27604
5.992 -3.27923 -3.27569
6 -3.2788 -3.27534
6.008 -3.27836 -3.275
6.016 -3.27793 -3.27465
6.024 -3.2775 -3.27431
6.032 -3.27707 -3.27398
6.04 -3.27665 -3.27364
6.048 -3.27623 -3.27331
6.056 -3.2758 -3.27298
6.064 -3.27539 -3.27265
6.072 -3.27497 -3.27232
6.08 -3.27455 -3.272
6.088 -3.27414 -3.27168
6.096 -3.27373 -3.27136
6.104 -3.27332 -3.27104
6.112 -3.27292 -3.27073
6.12 -3.27251 -3.27041
6.128 -3.27211 -3.2701
6.136 -3.27171 -3.26979
6.144 -3.27131 -3.26948
6.152 -3.27091 -3.26918
6.16 -3.27051 -3.26887
6.168 -3.27011 -3.26857
6.176 -3.26972 -3.26826
6.184 -3.26933 -3.26796
6.192 -3.26894 -3.26766
6.2 -3.26855 -3.26737
6.208 -3.26816 -3.26707
6.216 -3.26777 -3.26678
6.224 -3.26738 -3.26648
6.232 -3.267 -3.26619
6.24 -3.26661 -3.2659
6.248 -3.26623 -3.26561
6.256 -3.26585 -3.26532
6.264 -3.26547 -3.26503
6.272 -3.26509 -3.26474
6.28 -3.26471 -3.26445
6.288 -3.26433 -3.26417
6.296 -3.26395 -3.26388
6.304 -3.26357 -3.2636
6.312 -3.2632 -3.26331
6.32 -3.26282 -3.26303
6.328 -3.26245 -3.26275
6.336 -3.26207 -3.26246
6.344 -3.2617 -3.26218
6.352 -3.26132 -3.2619
6.36 -3.26095 -3.26162
6.368 -3.26058 -3.26134
6.376 -3.2602 -3.26106
6.384 -3.25983 -3.26077
6.392 -3.25946 -3.26049
6.4 -3.25908 -3.26021
6.408 -3.25871 -3.25993
6.416 -3.25834 -3.25965
6.424 -3.25797 -3.25937
6.432 -3.25759 -3.25909
6.44 -3.25722 -3.25881
6.448 -3.25685 -3.25853
6.456 -3.25648 -3.25824
6.464 -3.2561 -3.25796
6.472 -3.25573 -3.25768
6.48 -3.25536 -3.2574
6.488 -3.25498 -3.25711
6.496 -3.25461 -3.25683
6.504 -3.25423 -3.25654
6.512 -3.25386 -3.25626
6.52 -3.25348 -3.25597
6.528 -3.2531 -3.25568
6.536 -3.25273 -3.2554
6.544 -3.25235 -3.25511
6.552 -3.25197 -3.25482
6.56 -3.25159 -3.25453
6.568 -3.25121 -3.25424
6.576 -3.25083 -3.25394
6.584 -3.25045 -3.25365
6.592 -3.25006 -3.25335
6.6 -3.24968 -3.25306
6.608 -3.24929 -3.25276
6.616 -3.24891 -3.25246
6.624 -3.24852 -3.25216
6.632 -3.24813 -3.25186
6.64 -3.24774 -3.25156
6.648 -3.24735 -3.25125
6.656 -3.24696 -3.25094
6.664 -3.24657 -3.25064
6.672 -3.24617 -3.25033
6.68 -3.24578 -3.25002
6.688 -3.24538 -3.2497
6.696 -3.24498 -3.24939
6.704 -3.24458 -3.24907
6.712 -3.24418 -3.24875
6.72 -3.24377 -3.24843
6.728 -3.24337 -3.24811
6.736 -3.24296 -3.24779
6.744 -3.24255 -3.24746
6.752 -3.24214 -3.24713
6.76 -3.24173 -3.2468
6.768 -3.24131 -3.24647
6.776 -3.24089 -3.24613
6.784 -3.24048 -3.24579
6.792 -3.24006 -3.24545
6.8 -3.23963 -3.24511
6.808 -3.23921 -3.24477
6.816 -3.23878 -3.24442
6.824 -3.23835 -3.24407
6.832 -3.23792 -3.24372
6.84 -3.23749 -3.24336
6.848 -3.23705 -3.243
6.856 -3.23662 -3.24264
6.864 -3.23618 -3.24228
6.872 -3.23573 -3.24191
6.88 -3.23529 -3.24155
6.888 -3.23484 -3.24117
6.896 -3.23439 -3.2408
6.904 -3.23394 -3.24042
6.912 -3.23348 -3.24004
6.92 -3.23303 -3.23966
6.928 -3.23257 -3.23927
6.936 -3.2321 -3.23888
6.944 -3.23164 -3.23849
6.952 -3.23117 -3.23809
6.96 -3.2307 -3.23769
6.968 -3.23023 -3.23729
6.976 -3.22975 -3.23689
6.984 -3.22927 -3.23648
6.992 -3.22879 -3.23606
7 -3.2283 -3.23565
7.008 -3.22781 -3.23523
7.016 -3.22732 -3.23481
7.024 -3.22683 -3.23438
7.032 -3.22633 -3.23395
7.04 -3.22583 -3.23352
7.048 -3.22533 -3.23308
7.056 -3.22482 -3.23264
7.064 -3.22431 -3.23219
7.072 -3.2238 -3.23175
7.08 -3.22328 -3.23129
7.088 -3.22276 -3.23084
7.096 -3.22224 -3.23038
7.104 -3.22171 -3.22991
7.112 -3.22118 -3.22945
7.12 -3.22065 -3.22897
7.128 -3.22011 -3.2285
7.136 -3.21958 -3.22802
7.144 -3.21903 -3.22754
7.152 -3.21849 -3.22705
7.16 -3.21794 -3.22656
7.168 -3.21738 -3.22606
7.176 -3.21682 -3.22556
7.184 -3.21626 -3.22506
7.192 -3.2157 -3.22455
7.2 -3.21513 -3.22404
7.208 -3.21456 -3.22352
7.216 -3.21398 -3.223
7.224 -3.2134 -3.22247
7.232 -3.21282 -3.22194
7.24 -3.21223 -3.22141
7.248 -3.21164 -3.22087
7.256 -3.21105 -3.22033
7.264 -3.21045 -3.21978
7.272 -3.20985 -3.21923
7.28 -3.20924 -3.21867
7.288 -3.20863 -3.21811
7.296 -3.20802 -3.21754
7.304 -3.2074 -3.21697
7.312 -3.20678 -3.2164
7.32 -3.20615 -3.21582
7.328 -3.20552 -3.21524
7.336 -3.20489 -3.21465
7.344 -3.20425 -3.21405
7.352 -3.20361 -3.21345
7.36 -3.20296 -3.21285
7.368 -3.20231 -3.21224
7.376 -3.20165 -3.21163
7.384 -3.201 -3.21101
7.392 -3.20033 -3.21039
7.4 -3.19967 -3.20976
7.408 -3.19899 -3.20913
7.416 -3.19832 -3.20849
7.424 -3.19764 -3.20785
7.432 -3.19696 -3.20721
7.44 -3.19627 -3.20655
7.448 -3.19558 -3.2059
7.456 -3.19488 -3.20524
7.464 -3.19418 -3.20457
7.472 -3.19347 -3.2039
7.48 -3.19276 -3.20322
7.488 -3.19205 -3.20254
7.496 -3.19133 -3.20185
7.504 -3.19061 -3.20116
7.512 -3.18988 -3.20046
7.52 -3.18915 -3.19976
7.528 -3.18841 -3.19905
7.536 -3.18767 -3.19834
7.544 -3.18693 -3.19763
7.552 -3.18618 -3.1969
7.56 -3.18542 -3.19617
7.568 -3.18466 -3.19544
7.576 -3.1839 -3.1947
7.584 -3.18313 -3.19396
7.592 -3.18236 -3.19321
7.6 -3.18159 -3.19246
7.608 -3.18081 -3.1917
7.616 -3.18002 -3.19094
7.624 -3.17923 -3.19017
7.632 -3.17844 -3.18939
7.64 -3.17764 -3.18861
7.648 -3.17683 -3.18783
7.656 -3.17603 -3.18704
7.664 -3.17521 -3.18624
7.672 -3.1744 -3.18544
7.68 -3.17358 -3.18463
7.688 -3.17275 -3.18382
7.696 -3.17192 -3.18301
7.704 -3.17108 -3.18218
7.712 -3.17024 -3.18136
7.72 -3.1694 -3.18052
7.728 -3.16855 -3.17969
7.736 -3.1677 -3.17884
7.744 -3.16684 -3.17799
7.752 -3.16598 -3.17714
7.76 -3.16511 -3.17628
7.768 -3.16424 -3.17542
7.776 -3.16336 -3.17455
7.784 -3.16248 -3.17367
7.792 -3.1616 -3.17279
7.8 -3.16071 -3.17191
7.808 -3.15981 -3.17102
7.816 -3.15891 -3.17012
7.824 -3.15801 -3.16922
7.832 -3.1571 -3.16831
7.84 -3.15619 -3.1674
7.848 -3.15527 -3.16648
7.856 -3.15435 -3.16556
7.864 -3.15342 -3.16463
7.872 -3.15249 -3.1637
7.88 -3.15156 -3.16276
7.888 -3.15062 -3.16182
7.896 -3.14967 -3.16087
7.904 -3.14872 -3.15991
7.912 -3.14777 -3.15895
7.92 -3.14681 -3.15799
7.928 -3.14585 -3.15702
7.936 -3.14488 -3.15604
7.944 -3.14391 -3.15506
7.952 -3.14294 -3.15408
7.96 -3.14196 -3.15309
7.968 -3.14097 -3.15209
7.976 -3.13998 -3.15109
7.984 -3.13899 -3.15008
7.992 -3.13799 -3.14907
8 -3.13699 -3.14806
8.008 -3.13598 -3.14703
8.016 -3.13497 -3.14601
8.024 -3.13395 -3.14498
8.032 -3.13293 -3.14394
8.04 -3.13191 -3.1429
8.048 -3.13088 -3.14185
8.056 -3.12985 -3.1408
8.064 -3.12881 -3.13974
8.072 -3.12777 -3.13868
8.08 -3.12672 -3.13761
8.088 -3.12567 -3.13654
8.096 -3.12462 -3.13546
8.104 -3.12356 -3.13438
8.112 -3.1225 -3.13329
8.12 -3.12143 -3.1322
8.128 -3.12036 -3.13111
8.136 -3.11929 -3.13
8.144 -3.11821 -3.1289
8.152 -3.11712 -3.12779
8.16 -3.11604 -3.12667
8.168 -3.11494 -3.12555
8.176 -3.11385 -3.12442
8.184 -3.11275 -3.12329
8.192 -3.11165 -3.12216
8.2 -3.11054 -3.12102
8.208 -3.10943 -3.11988
8.216 -3.10831 -3.11873
8.224 -3.10719 -3.11757
8.232 -3.10607 -3.11641
8.24 -3.10494 -3.11525
8.248 -3.10381 -3.11408
8.256 -3.10267 -3.11291
8.264 -3.10153 -3.11174
8.272 -3.10039 -3.11055
8.28 -3.09924 -3.10937
8.288 -3.09809 -3.10818
8.296 -3.09694 -3.10699
8.304 -3.09578 -3.10579
8.312 -3.09462 -3.10458
8.32 -3.09346 -3.10338
8.328 -3.09229 -3.10216
8.336 -3.09111 -3.10095
8.344 -3.08994 -3.09973
8.352 -3.08876 -3.0985
8.36 -3.08757 -3.09728
8.368 -3.08639 -3.09604
8.376 -3.0852 -3.09481
8.384 -3.084 -3.09357
8.392 -3.08281 -3.09232
8.4 -3.08161 -3.09107
8.408 -3.0804 -3.08982
8.416 -3.07919 -3.08856
8.424 -3.07798 -3.0873
8.432 -3.07677 -3.08603
8.44 -3.07555 -3.08477
8.448 -3.07433 -3.08349
8.456 -3.07311 -3.08222
8.464 -3.07188 -3.08094
8.472 -3.07065 -3.07965
8.48 -3.06942 -3.07836
8.488 -3.06818 -3.07707
8.496 -3.06694 -3.07578
8.504 -3.0657 -3.07448
8.512 -3.06445 -3.07318
8.52 -3.06321 -3.07187
8.528 -3.06195 -3.07056
8.536 -3.0607 -3.06925
8.544 -3.05944 -3.06793
8.552 -3.05818 -3.06661
8.56 -3.05692 -3.06529
8.568 -3.05565 -3.06396
8.576 -3.05439 -3.06263
8.584 -3.05312 -3.0613
8.592 -3.05184 -3.05996
8.6 -3.05057 -3.05862
8.608 -3.04929 -3.05728
8.616 -3.048 -3.05594
8.624 -3.04672 -3.05459
8.632 -3.04543 -3.05324
8.64 -3.04414 -3.05188
8.648 -3.04285 -3.05052
8.656 -3.04156 -3.04916
8.664 -3.04026 -3.0478
8.672 -3.03896 -3.04643
8.68 -3.03766 -3.04506
8.688 -3.03636 -3.04369
8.696 -3.03505 -3.04232
8.704 -3.03375 -3.04094
8.712 -3.03244 -3.03956
8.72 -3.03113 -3.03818
8.728 -3.02981 -3.03679
8.736 -3.0285 -3.03541
8.744 -3.02718 -3.03401
8.752 -3.02586 -3.03262
8.76 -3.02454 -3.03123
8.768 -3.02321 -3.02983
8.776 -3.02189 -3.02843
8.784 -3.02056 -3.02703
8.792 -3.01923 -3.02563
8.8 -3.0179 -3.02422
8.808 -3.01657 -3.02281
8.816 -3.01523 -3.0214
8.824 -3.0139 -3.01999
8.832 -3.01256 -3.01857
8.84 -3.01122 -3.01716
8.848 -3.00988 -3.01574
8.856 -3.00854 -3.01432
8.864 -3.00719 -3.0129
8.872 -3.00585 -3.01147
8.88 -3.0045 -3.01005
8.888 -3.00315 -3.00862
8.896 -3.0018 -3.00719
8.904 -3.00045 -3.00576
8.912 -2.9991 -3.00433
8.92 -2.99775 -3.0029
8.928 -2.9964 -3.00146
8.936 -2.99504 -3.00003
8.944 -2.99369 -2.99859
8.952 -2.99233 -2.99715
8.96 -2.99097 -2.99571
8.968 -2.98961 -2.99427
8.976 -2.98826 -2.99283
8.984 -2.9869 -2.99138
8.992 -2.98553 -2.98994
9 -2.98417 -2.98849
9.008 -2.98281 -2.98704
9.016 -2.98145 -2.9856
9.024 -2.98008 -2.98415
9.032 -2.97872 -2.9827
9.04 -2.97736 -2.98125
9.048 -2.97599 -2.9798
9.056 -2.97462 -2.97835
9.064 -2.97326 -2.97689
9.072 -2.97189 -2.97544
9.08 -2.97053 -2.97399
9.088 -2.96916 -2.97253
9.096 -2.96779 -2.97108
9.104 -2.96642 -2.96962
9.112 -2.96506 -2.96817
9.12 -2.96369 -2.96671
9.128 -2.96232 -2.96526
9.136 -2.96095 -2.9638
9.144 -2.95959 -2.96234
9.152 -2.95822 -2.96089
9.16 -2.95685 -2.95943
9.168 -2.95548 -2.95797
9.176 -2.95412 -2.95652
9.184 -2.95275 -2.95506
9.192 -2.95138 -2.9536
9.2 -2.95002 -2.95215
9.208 -2.94865 -2.95069
9.216 -2.94728 -2.94923
9.224 -2.94592 -2.94778
9.232 -2.94455 -2.94632
9.24 -2.94319 -2.94487
9.248 -2.94183 -2.94341
9.256 -2.94046 -2.94196
9.264 -2.9391 -2.94051
9.272 -2.93774 -2.93905
9.28 -2.93638 -2.9376
9.288 -2.93502 -2.93615
9.296 -2.93366 -2.9347
9.304 -2.9323 -2.93325
9.312 -2.93094 -2.9318
9.32 -2.92959 -2.93035
9.328 -2.92823 -2.92891
9.336 -2.92688 -2.92746
9.344 -2.92552 -2.92601
9.352 -2.92417 -2.92457
9.36 -2.92282 -2.92313
9.368 -2.92147 -2.92169
9.376 -2.92012 -2.92024
9.384 -2.91877 -2.91881
9.392 -2.91743 -2.91737
9.4 -2.91608 -2.91593
9.408 -2.91474 -2.9145
9.416 -2.9134 -2.91306
9.424 -2.91206 -2.91163
9.432 -2.91072 -2.9102
9.44 -2.90938 -2.90877
9.448 -2.90805 -2.90734
9.456 -2.90671 -2.90592
9.464 -2.90538 -2.90449
9.472 -2.90405 -2.90307
9.48 -2.90272 -2.90165
9.488 -2.9014 -2.90023
9.496 -2.90007 -2.89881
9.504 -2.89875 -2.8974
9.512 -2.89743 -2.89599
9.52 -2.89611 -2.89458
9.528 -2.89479 -2.89317
9.536 -2.89348 -2.89176
9.544 -2.89217 -2.89036
9.552 -2.89086 -2.88896
9.56 -2.88955 -2.88756
9.568 -2.88824 -2.88616
9.576 -2.88694 -2.88477
9.584 -2.88564 -2.88337
9.592 -2.88434 -2.88198
9.6 -2.88304 -2.8806
9.608 -2.88175 -2.87921
9.616 -2.88046 -2.87783
9.624 -2.87917 -2.87645
9.632 -2.87788 -2.87507
9.64 -2.8766 -2.8737
9.648 -2.87532 -2.87233
9.656 -2.87404 -2.87096
9.664 -2.87276 -2.8696
9.672 -2.87149 -2.86823
9.68 -2.87022 -2.86688
9.688 -2.86895 -2.86552
9.696 -2.86769 -2.86417
9.704 -2.86642 -2.86282
9.712 -2.86517 -2.86147
9.72 -2.86391 -2.86013
9.728 -2.86266 -2.85879
9.736 -2.86141 -2.85745
9.744 -2.86016 -2.85612
9.752 -2.85892 -2.85479
9.76 -2.85768 -2.85346
9.768 -2.85644 -2.85213
9.776 -2.85521 -2.85082
9.784 -2.85398 -2.8495
9.792 -2.85275 -2.84819
9.8 -2.85153 -2.84688
9.808 -2.85031 -2.84557
9.816 -2.84909 -2.84427
9.824 -2.84788 -2.84297
9.832 -2.84667 -2.84168
9.84 -2.84546 -2.84039
9.848 -2.84426 -2.8391
9.856 -2.84306 -2.83782
9.864 -2.84187 -2.83654
9.872 -2.84067 -2.83527
9.88 -2.83949 -2.834
9.888 -2.8383 -2.83273
9.896 -2.83712 -2.83147
9.904 -2.83595 -2.83021
9.912 -2.83477 -2.82896
9.92 -2.83361 -2.82771
9.928 -2.83244 -2.82646
9.936 -2.83128 -2.82522
9.944 -2.83012 -2.82398
9.952 -2.82897 -2.82275
9.96 -2.82782 -2.82152
9.968 -2.82668 -2.8203
9.976 -2.82554 -2.81908
9.984 -2.8244 -2.81787
9.992 -2.82327 -2.81666
10 -2.82214 -2.81545
10.008 -2.82102 -2.81425
10.016 -2.8199 -2.81306
10.024 -2.81878 -2.81187
10.032 -2.81767 -2.81068
10.04 -2.81657 -2.8095
10.048 -2.81546 -2.80832
10.056 -2.81437 -2.80715
10.064 -2.81327 -2.80599
10.072 -2.81219 -2.80482
10.08 -2.8111 -2.80367
10.088 -2.81002 -2.80252
10.096 -2.80895 -2.80137
10.104 -2.80788 -2.80023
10.112 -2.80681 -2.79909
10.12 -2.80575 -2.79796
10.128 -2.8047 -2.79683
10.136 -2.80365 -2.79571
10.144 -2.8026 -2.7946
10.152 -2.80156 -2.79349
10.16 -2.80052 -2.79238
10.168 -2.79949 -2.79128
10.176 -2.79846 -2.79019
10.184 -2.79744 -2.7891
10.192 -2.79642 -2.78802
10.2 -2.79541 -2.78694
10.208 -2.7944 -2.78587
10.216 -2.7934 -2.7848
10.224 -2.7924 -2.78374
10.232 -2.79141 -2.78268
10.24 -2.79042 -2.78163
10.248 -2.78944 -2.78059
10.256 -2.78846 -2.77955
10.264 -2.78749 -2.77851
10.272 -2.78652 -2.77749
10.28 -2.78556 -2.77646
10.288 -2.78461 -2.77545
10.296 -2.78365 -2.77444
10.304 -2.78271 -2.77343
10.312 -2.78177 -2.77243
10.32 -2.78083 -2.77144
10.328 -2.7799 -2.77045
10.336 -2.77898 -2.76947
10.344 -2.77806 -2.7685
10.352 -2.77715 -2.76753
10.36 -2.77624 -2.76657
10.368 -2.77533 -2.76561
10.376 -2.77444 -2.76466
10.384 -2.77354 -2.76371
10.392 -2.77266 -2.76278
10.4 -2.77178 -2.76184
10.408 -2.7709 -2.76092
10.416 -2.77003 -2.76
10.424 -2.76917 -2.75908
10.432 -2.76831 -2.75817
10.44 -2.76745 -2.75727
10.448 -2.76661 -2.75638
10.456 -2.76577 -2.75549
10.464 -2.76493 -2.7546
10.472 -2.7641 -2.75373
10.48 -2.76327 -2.75286
10.488 -2.76245 -2.75199
10.496 -2.76164 -2.75114
10.504 -2.76083 -2.75028
10.512 -2.76003 -2.74944
10.52 -2.75923 -2.7486
10.528 -2.75844 -2.74777
10.536 -2.75766 -2.74694
10.544 -2.75688 -2.74613
10.552 -2.75611 -2.74531
10.56 -2.75534 -2.74451
10.568 -2.75458 -2.74371
10.576 -2.75382 -2.74291
10.584 -2.75307 -2.74213
10.592 -2.75233 -2.74135
10.6 -2.75159 -2.74057
10.608 -2.75086 -2.73981
10.616 -2.75013 -2.73905
10.624 -2.74941 -2.73829
10.632 -2.7487 -2.73755
10.64 -2.74799 -2.73681
10.648 -2.74729 -2.73607
10.656 -2.74659 -2.73535
10.664 -2.7459 -2.73463
10.672 -2.74522 -2.73391
10.68 -2.74454 -2.73321
10.688 -2.74387 -2.73251
10.696 -2.7432 -2.73181
10.704 -2.74254 -2.73113
10.712 -2.74189 -2.73045
10.72 -2.74124 -2.72977
10.728 -2.7406 -2.72911
10.736 -2.73996 -2.72845
10.744 -2.73933 -2.72779
10.752 -2.73871 -2.72715
10.76 -2.73809 -2.72651
10.768 -2.73748 -2.72588
10.776 -2.73688 -2.72525
10.784 -2.73628 -2.72463
10.792 -2.73568 -2.72402
10.8 -2.7351 -2.72341
10.808 -2.73451 -2.72282
10.816 -2.73394 -2.72222
10.824 -2.73337 -2.72164
10.832 -2.73281 -2.72106
10.84 -2.73225 -2.72049
10.848 -2.7317 -2.71993
10.856 -2.73116 -2.71937
10.864 -2.73062 -2.71882
10.872 -2.73009 -2.71827
10.88 -2.72956 -2.71774
10.888 -2.72904 -2.71721
10.896 -2.72853 -2.71668
10.904 -2.72802 -2.71617
10.912 -2.72752 -2.71566
10.92 -2.72702 -2.71516
10.928 -2.72654 -2.71466
10.936 -2.72605 -2.71417
10.944 -2.72558 -2.71369
10.952 -2.72511 -2.71322
10.96 -2.72464 -2.71275
10.968 -2.72418 -2.71229
10.976 -2.72373 -2.71183
10.984 -2.72328 -2.71139
10.992 -2.72284 -2.71094
11 -2.72241 -2.71051
11.008 -2.72198 -2.71008
11.016 -2.72156 -2.70966
11.024 -2.72115 -2.70925
11.032 -2.72074 -2.70884
11.04 -2.72033 -2.70845
11.048 -2.71994 -2.70805
11.056 -2.71955 -2.70767
11.064 -2.71916 -2.70729
11.072 -2.71878 -2.70692
11.08 -2.71841 -2.70655
11.088 -2.71804 -2.70619
11.096 -2.71768 -2.70584
11.104 -2.71733 -2.7055
11.112 -2.71698 -2.70516
11.12 -2.71664 -2.70483
11.128 -2.7163 -2.7045
11.136 -2.71597 -2.70418
11.144 -2.71565 -2.70387
11.152 -2.71533 -2.70357
11.16 -2.71502 -2.70327
11.168 -2.71471 -2.70298
11.176 -2.71441 -2.7027
11.184 -2.71412 -2.70242
11.192 -2.71383 -2.70215
11.2 -2.71355 -2.70188
11.208 -2.71327 -2.70163
11.216 -2.713 -2.70137
11.224 -2.71274 -2.70113
11.232 -2.71248 -2.70089
11.24 -2.71223 -2.70066
11.248 -2.71198 -2.70044
11.256 -2.71174 -2.70022
11.264 -2.7115 -2.70001
11.272 -2.71127 -2.6998
11.28 -2.71105 -2.69961
11.288 -2.71083 -2.69941
11.296 -2.71062 -2.69923
11.304 -2.71042 -2.69905
11.312 -2.71022 -2.69888
11.32 -2.71002 -2.69871
11.328 -2.70983 -2.69855
11.336 -2.70965 -2.6984
11.344 -2.70947 -2.69825
11.352 -2.7093 -2.69812
11.36 -2.70914 -2.69798
11.368 -2.70898 -2.69785
11.376 -2.70882 -2.69773
11.384 -2.70868 -2.69762
11.392 -2.70853 -2.69751
11.4 -2.7084 -2.69741
11.408 -2.70826 -2.69731
11.416 -2.70814 -2.69722
11.424 -2.70802 -2.69714
11.432 -2.7079 -2.69706
11.44 -2.70779 -2.69699
11.448 -2.70769 -2.69693
11.456 -2.70759 -2.69687
11.464 -2.7075 -2.69682
11.472 -2.70741 -2.69677
11.48 -2.70733 -2.69673
11.488 -2.70725 -2.6967
11.496 -2.70718 -2.69667
11.504 -2.70711 -2.69665
11.512 -2.70705 -2.69663
11.52 -2.707 -2.69662
11.528 -2.70695 -2.69662
11.536 -2.7069 -2.69662
11.544 -2.70687 -2.69663
11.552 -2.70683 -2.69664
11.56 -2.7068 -2.69666
11.568 -2.70678 -2.69668
11.576 -2.70676 -2.69672
11.584 -2.70675 -2.69675
11.592 -2.70674 -2.69679
11.6 -2.70674 -2.69684
11.608 -2.70674 -2.6969
11.616 -2.70674 -2.69696
11.624 -2.70676 -2.69702
11.632 -2.70677 -2.69709
11.64 -2.7068 -2.69717
11.648 -2.70682 -2.69725
11.656 -2.70685 -2.69734
11.664 -2.70689 -2.69743
11.672 -2.70693 -2.69753
11.68 -2.70698 -2.69763
11.688 -2.70703 -2.69774
11.696 -2.70709 -2.69785
11.704 -2.70715 -2.69797
11.712 -2.70721 -2.6981
11.72 -2.70728 -2.69823
11.728 -2.70736 -2.69836
11.736 -2.70744 -2.6985
11.744 -2.70752 -2.69865
11.752 -2.70761 -2.6988
11.76 -2.70771 -2.69896
11.768 -2.7078 -2.69912
11.776 -2.70791 -2.69928
11.784 -2.70801 -2.69945
11.792 -2.70813 -2.69963
11.8 -2.70824 -2.69981
11.808 -2.70836 -2.7
11.816 -2.70849 -2.70019
11.824 -2.70862 -2.70038
11.832 -2.70875 -2.70058
11.84 -2.70889 -2.70079
11.848 -2.70903 -2.701
11.856 -2.70918 -2.70121
11.864 -2.70933 -2.70143
11.872 -2.70948 -2.70166
11.88 -2.70964 -2.70189
11.888 -2.7098 -2.70212
11.896 -2.70997 -2.70236
11.904 -2.71014 -2.7026
11.912 -2.71031 -2.70284
11.92 -2.71049 -2.7031
11.928 -2.71068 -2.70335
11.936 -2.71086 -2.70361
11.944 -2.71105 -2.70387
11.952 -2.71125 -2.70414
11.96 -2.71145 -2.70441
11.968 -2.71165 -2.70469
11.976 -2.71185 -2.70497
11.984 -2.71206 -2.70526
11.992 -2.71228 -2.70555
12 -2.71249 -2.70584
12.008 -2.71271 -2.70614
12.016 -2.71294 -2.70644
12.024 -2.71317 -2.70674
12.032 -2.7134 -2.70705
12.04 -2.71363 -2.70736
12.048 -2.71387 -2.70768
12.056 -2.71411 -2.708
12.064 -2.71435 -2.70832
12.072 -2.7146 -2.70865
12.08 -2.71485 -2.70898
12.088 -2.71511 -2.70931
12.096 -2.71537 -2.70965
12.104 -2.71563 -2.70999
12.112 -2.71589 -2.71034
12.12 -2.71616 -2.71069
12.128 -2.71643 -2.71104
12.136 -2.7167 -2.71139
12.144 -2.71698 -2.71175
12.152 -2.71726 -2.71212
12.16 -2.71754 -2.71248
12.168 -2.71782 -2.71285
12.176 -2.71811 -2.71322
12.184 -2.7184 -2.71359
12.192 -2.7187 -2.71397
12.2 -2.71899 -2.71435
12.208 -2.71929 -2.71473
12.216 -2.71959 -2.71512
12.224 -2.7199 -2.71551
12.232 -2.7202 -2.7159
12.24 -2.72051 -2.7163
12.248 -2.72082 -2.71669
12.256 -2.72114 -2.71709
12.264 -2.72146 -2.7175
12.272 -2.72177 -2.7179
12.28 -2.7221 -2.71831
12.288 -2.72242 -2.71872
12.296 -2.72275 -2.71913
12.304 -2.72307 -2.71955
12.312 -2.7234 -2.71997
12.32 -2.72374 -2.72039
12.328 -2.72407 -2.72081
12.336 -2.72441 -2.72123
12.344 -2.72475 -2.72166
12.352 -2.72509 -2.72209
12.36 -2.72543 -2.72252
12.368 -2.72578 -2.72295
12.376 -2.72612 -2.72339
12.384 -2.72647 -2.72383
12.392 -2.72682 -2.72427
12.4 -2.72717 -2.72471
12.408 -2.72753 -2.72515
12.416 -2.72788 -2.72559
12.424 -2.72824 -2.72604
12.432 -2.7286 -2.72649
12.44 -2.72896 -2.72694
12.448 -2.72932 -2.72739
12.456 -2.72968 -2.72784
12.464 -2.73005 -2.7283
12.472 -2.73042 -2.72875
12.48 -2.73078 -2.72921
12.488 -2.73115 -2.72967
12.496 -2.73152 -2.73013
12.504 -2.73189 -2.73059
12.512 -2.73227 -2.73105
12.52 -2.73264 -2.73152
12.528 -2.73301 -2.73198
12.536 -2.73339 -2.73245
12.544 -2.73377 -2.73292
12.552 -2.73415 -2.73338
12.56 -2.73452 -2.73385
12.568 -2.7349 -2.73432
12.576 -2.73528 -2.73479
12.584 -2.73567 -2.73527
12.592 -2.73605 -2.73574
12.6 -2.73643 -2.73621
12.608 -2.73682 -2.73669
12.616 -2.7372 -2.73716
12.624 -2.73759 -2.73764
12.632 -2.73797 -2.73811
12.64 -2.73836 -2.73859
12.648 -2.73874 -2.73906
12.656 -2.73913 -2.73954
12.664 -2.73952 -2.74002
12.672 -2.73991 -2.7405
12.68 -2.7403 -2.74097
12.688 -2.74068 -2.74145
12.696 -2.74107 -2.74193
12.704 -2.74146 -2.74241
12.712 -2.74185 -2.74289
12.72 -2.74224 -2.74337
12.728 -2.74263 -2.74385
12.736 -2.74302 -2.74433
12.744 -2.74341 -2.7448
12.752 -2.7438 -2.74528
12.76 -2.74419 -2.74576
12.768 -2.74458 -2.74624
12.776 -2.74497 -2.74672
12.784 -2.74536 -2.74719
12.792 -2.74575 -2.74767
12.8 -2.74614 -2.74815
12.808 -2.74653 -2.74862
12.816 -2.74692 -2.7491
12.824 -2.7473 -2.74957
12.832 -2.74769 -2.75005
12.84 -2.74808 -2.75052
12.848 -2.74847 -2.751
12.856 -2.74885 -2.75147
12.864 -2.74924 -2.75194
12.872 -2.74962 -2.75241
12.88 -2.75001 -2.75288
12.888 -2.75039 -2.75335
12.896 -2.75077 -2.75382
12.904 -2.75115 -2.75429
12.912 -2.75154 -2.75475
12.92 -2.75192 -2.75522
12.928 -2.7523 -2.75568
12.936 -2.75268 -2.75615
12.944 -2.75305 -2.75661
12.952 -2.75343 -2.75707
12.96 -2.75381 -2.75753
12.968 -2.75418 -2.75798
12.976 -2.75455 -2.75844
12.984 -2.75493 -2.7589
12.992 -2.7553 -2.75935
13 -2.75567 -2.7598
13.008 -2.75604 -2.76025
13.016 -2.7564 -2.7607
13.024 -2.75677 -2.76115
13.032 -2.75714 -2.76159
13.04 -2.7575 -2.76204
13.048 -2.75786 -2.76248
13.056 -2.75822 -2.76292
13.064 -2.75858 -2.76336
13.072 -2.75894 -2.76379
13.08 -2.7593 -2.76423
13.088 -2.75965 -2.76466
13.096 -2.76 -2.76509
13.104 -2.76035 -2.76552
13.112 -2.7607 -2.76595
13.12 -2.76105 -2.76637
13.128 -2.7614 -2.76679
13.136 -2.76174 -2.76721
13.144 -2.76208 -2.76763
13.152 -2.76242 -2.76805
13.16 -2.76276 -2.76846
13.168 -2.7631 -2.76887
13.176 -2.76343 -2.76928
13.184 -2.76376 -2.76968
13.192 -2.76409 -2.77009
13.2 -2.76442 -2.77049
13.208 -2.76475 -2.77089
13.216 -2.76507 -2.77128
13.224 -2.76539 -2.77167
13.232 -2.76571 -2.77206
13.24 -2.76603 -2.77245
13.248 -2.76635 -2.77284
13.256 -2.76666 -2.77322
13.264 -2.76697 -2.7736
13.272 -2.76728 -2.77398
13.28 -2.76758 -2.77435
13.288 -2.76789 -2.77472
13.296 -2.76819 -2.77509
13.304 -2.76849 -2.77545
13.312 -2.76878 -2.77581
13.32 -2.76907 -2.77617
13.328 -2.76936 -2.77653
13.336 -2.76965 -2.77688
13.344 -2.76994 -2.77723
13.352 -2.77022 -2.77758
13.36 -2.7705 -2.77792
13.368 -2.77078 -2.77826
13.376 -2.77105 -2.7786
13.384 -2.77132 -2.77893
13.392 -2.77159 -2.77926
13.4 -2.77186 -2.77958
13.408 -2.77212 -2.77991
13.416 -2.77238 -2.78023
13.424 -2.77264 -2.78054
13.432 -2.77289 -2.78086
13.44 -2.77314 -2.78116
13.448 -2.77339 -2.78147
13.456 -2.77363 -2.78177
13.464 -2.77388 -2.78207
13.472 -2.77411 -2.78236
13.48 -2.77435 -2.78265
13.488 -2.77458 -2.78294
13.496 -2.77481 -2.78322
13.504 -2.77504 -2.7835
13.512 -2.77526 -2.78378
13.52 -2.77548 -2.78405
13.528 -2.7757 -2.78432
13.536 -2.77591 -2.78458
13.544 -2.77612 -2.78484
13.552 -2.77633 -2.7851
13.56 -2.77653 -2.78535
13.568 -2.77673 -2.7856
13.576 -2.77693 -2.78585
13.584 -2.77712 -2.78609
13.592 -2.77731 -2.78632
13.6 -2.7775 -2.78655
13.608 -2.77768 -2.78678
13.616 -2.77786 -2.78701
13.624 -2.77803 -2.78723
13.632 -2.77821 -2.78744
13.64 -2.77837 -2.78765
13.648 -2.77854 -2.78786
13.656 -2.7787 -2.78806
13.664 -2.77886 -2.78826
13.672 -2.77901 -2.78846
13.68 -2.77916 -2.78865
13.688 -2.77931 -2.78883
13.696 -2.77945 -2.78901
13.704 -2.77959 -2.78919
13.712 -2.77973 -2.78936
13.72 -2.77986 -2.78953
13.728 -2.77999 -2.7897
13.736 -2.78011 -2.78986
13.744 -2.78023 -2.79001
13.752 -2.78035 -2.79016
13.76 -2.78046 -2.79031
13.768 -2.78057 -2.79045
13.776 -2.78067 -2.79058
13.784 -2.78078 -2.79072
13.792 -2.78087 -2.79084
13.8 -2.78097 -2.79097
13.808 -2.78106 -2.79109
13.816 -2.78114 -2.7912
13.824 -2.78122 -2.79131
13.832 -2.7813 -2.79141
13.84 -2.78137 -2.79152
13.848 -2.78144 -2.79161
13.856 -2.78151 -2.7917
13.864 -2.78157 -2.79179
13.872 -2.78163 -2.79187
13.88 -2.78168 -2.79195
13.888 -2.78173 -2.79202
13.896 -2.78178 -2.79208
13.904 -2.78182 -2.79215
13.912 -2.78186 -2.7922
13.92 -2.78189 -2.79226
13.928 -2.78192 -2.79231
13.936 -2.78195 -2.79235
13.944 -2.78197 -2.79239
13.952 -2.78199 -2.79242
13.96 -2.782 -2.79245
13.968 -2.78201 -2.79247
13.976 -2.78201 -2.79249
13.984 -2.78201 -2.79251
13.992 -2.78201 -2.79252
14 -2.782 -2.79252
14.008 -2.78199 -2.79252
14.016 -2.78198 -2.79252
14.024 -2.78196 -2.79251
14.032 -2.78193 -2.79249
14.04 -2.7819 -2.79247
14.048 -2.78187 -2.79245
14.056 -2.78183 -2.79242
14.064 -2.78179 -2.79239
14.072 -2.78175 -2.79235
14.08 -2.7817 -2.7923
14.088 -2.78165 -2.79226
14.096 -2.78159 -2.7922
14.104 -2.78153 -2.79214
14.112 -2.78146 -2.79208
14.12 -2.78139 -2.79201
14.128 -2.78132 -2.79194
14.136 -2.78124 -2.79186
14.144 -2.78116 -2.79178
14.152 -2.78107 -2.79169
14.16 -2.78098 -2.7916
14.168 -2.78089 -2.7915
14.176 -2.78079 -2.7914
14.184 -2.78068 -2.79129
14.192 -2.78058 -2.79118
14.2 -2.78047 -2.79106
14.208 -2.78035 -2.79094
14.216 -2.78023 -2.79081
14.224 -2.78011 -2.79068
14.232 -2.77998 -2.79054
14.24 -2.77985 -2.7904
14.248 -2.77971 -2.79026
14.256 -2.77957 -2.7901
14.264 -2.77943 -2.78995
14.272 -2.77928 -2.78979
14.28 -2.77912 -2.78962
14.288 -2.77897 -2.78945
14.296 -2.77881 -2.78928
14.304 -2.77864 -2.7891
14.312 -2.77847 -2.78891
14.32 -2.7783 -2.78872
14.328 -2.77812 -2.78853
14.336 -2.77794 -2.78833
14.344 -2.77776 -2.78812
14.352 -2.77757 -2.78792
14.36 -2.77737 -2.7877
14.368 -2.77718 -2.78748
14.376 -2.77697 -2.78726
14.384 -2.77677 -2.78703
14.392 -2.77656 -2.7868
14.4 -2.77635 -2.78657
14.408 -2.77613 -2.78632
14.416 -2.77591 -2.78608
14.424 -2.77568 -2.78583
14.432 -2.77545 -2.78557
14.44 -2.77522 -2.78531
14.448 -2.77498 -2.78505
14.456 -2.77474 -2.78478
14.464 -2.7745 -2.78451
14.472 -2.77425 -2.78423
14.48 -2.774 -2.78394
14.488 -2.77374 -2.78366
14.496 -2.77348 -2.78337
14.504 -2.77322 -2.78307
14.512 -2.77295 -2.78277
14.52 -2.77268 -2.78246
14.528 -2.77241 -2.78216
14.536 -2.77213 -2.78184
14.544 -2.77184 -2.78152
14.552 -2.77156 -2.7812
14.56 -2.77127 -2.78087
14.568 -2.77098 -2.78054
14.576 -2.77068 -2.78021
14.584 -2.77038 -2.77987
14.592 -2.77007 -2.77952
14.6 -2.76977 -2.77918
14.608 -2.76945 -2.77882
14.616 -2.76914 -2.77847
14.624 -2.76882 -2.77811
14.632 -2.7685 -2.77774
14.64 -2.76817 -2.77737
14.648 -2.76785 -2.777
14.656 -2.76751 -2.77662
14.664 -2.76718 -2.77624
14.672 -2.76684 -2.77586
14.68 -2.7665 -2.77547
14.688 -2.76615 -2.77507
14.696 -2.7658 -2.77468
14.704 -2.76545 -2.77428
14.712 -2.76509 -2.77387
14.72 -2.76473 -2.77346
14.728 -2.76437 -2.77305
14.736 -2.76401 -2.77263
14.744 -2.76364 -2.77221
14.752 -2.76327 -2.77179
14.76 -2.76289 -2.77136
14.768 -2.76251 -2.77093
14.776 -2.76213 -2.7705
14.784 -2.76175 -2.77006
14.792 -2.76136 -2.76962
14.8 -2.76097 -2.76917
14.808 -2.76058 -2.76872
14.816 -2.76018 -2.76827
14.824 -2.75978 -2.76781
14.832 -2.75938 -2.76735
14.84 -2.75897 -2.76689
14.848 -2.75857 -2.76642
14.856 -2.75816 -2.76595
14.864 -2.75774 -2.76548
14.872 -2.75733 -2.765
14.88 -2.75691 -2.76452
14.888 -2.75649 -2.76404
14.896 -2.75606 -2.76355
14.904 -2.75563 -2.76306
14.912 -2.75521 -2.76257
14.92 -2.75477 -2.76207
14.928 -2.75434 -2.76157
14.936 -2.7539 -2.76107
14.944 -2.75346 -2.76057
14.952 -2.75302 -2.76006
14.96 -2.75257 -2.75955
14.968 -2.75213 -2.75904
14.976 -2.75168 -2.75852
14.984 -2.75123 -2.758
14.992 -2.75077 -2.75748
