0.024 3.36312
0.032 3.36319
0.04 3.36327
0.048 3.36334
0.056 3.36341
0.064 3.36348
0.072 3.36356
0.08 3.36363
0.088 3.3637
0.096 3.36377
0.104 3.36384
0.112 3.36391
0.12 3.36398
0.128 3.36405
0.136 3.36412
0.144 3.36419
0.152 3.36426
0.16 3.36432
0.168 3.36439
0.176 3.36446
0.184 3.36452
0.192 3.36459
0.2 3.36465
0.208 3.36472
0.216 3.36478
0.224 3.36484
0.232 3.36491
0.24 3.36497
0.248 3.36503
0.256 3.36509
0.264 3.36514
0.272 3.3652
0.28 3.36526
0.288 3.36531
0.296 3.36537
0.304 3.36542
0.312 3.36547
0.32 3.36552
0.328 3.36557
0.336 3.36562
0.344 3.36567
0.352 3.36572
0.36 3.36576
0.368 3.36581
0.376 3.36585
0.384 3.36589
0.392 3.36593
0.4 3.36597
0.408 3.36601
0.416 3.36605
0.424 3.36608
0.432 3.36612
0.44 3.36615
0.448 3.36618
0.456 3.36621
0.464 3.36624
0.472 3.36626
0.48 3.36629
0.488 3.36631
0.496 3.36633
0.504 3.36635
0.512 3.36637
0.52 3.36638
0.528 3.3664
0.536 3.36641
0.544 3.36642
0.552 3.36643
0.56 3.36644
0.568 3.36644
0.576 3.36645
0.584 3.36645
0.592 3.36645
0.6 3.36645
0.608 3.36644
0.616 3.36644
0.624 3.36643
0.632 3.36642
0.64 3.3664
0.648 3.36639
0.656 3.36637
0.664 3.36635
0.672 3.36633
0.68 3.36631
0.688 3.36629
0.696 3.36626
0.704 3.36623
0.712 3.3662
0.72 3.36616
0.728 3.36613
0.736 3.36609
0.744 3.36605
0.752 3.366
0.76 3.36596
0.768 3.36591
0.776 3.36586
0.784 3.36581
0.792 3.36575
0.8 3.36569
0.808 3.36563
0.816 3.36557
0.824 3.3655
0.832 3.36543
0.84 3.36536
0.848 3.36529
0.856 3.36522
0.864 3.36514
0.872 3.36506
0.88 3.36497
0.888 3.36489
0.896 3.3648
0.904 3.3647
0.912 3.36461
0.92 3.36451
0.928 3.36441
0.936 3.36431
0.944 3.3642
0.952 3.3641
0.96 3.36398
0.968 3.36387
0.976 3.36375
0.984 3.36363
0.992 3.36351
1 3.36338
1.008 3.36326
1.016 3.36312
1.024 3.36299
1.032 3.36285
1.04 3.36271
1.048 3.36257
1.056 3.36242
1.064 3.36227
1.072 3.36212
1.08 3.36197
1.088 3.36181
1.096 3.36165
1.104 3.36148
1.112 3.36131
1.12 3.36114
1.128 3.36097
1.136 3.36079
1.144 3.36061
1.152 3.36043
1.16 3.36024
1.168 3.36005
1.176 3.35986
1.184 3.35966
1.192 3.35947
1.2 3.35926
1.208 3.35906
1.216 3.35885
1.224 3.35864
1.232 3.35842
1.24 3.3582
1.248 3.35798
1.256 3.35776
1.264 3.35753
1.272 3.3573
1.28 3.35706
1.288 3.35682
1.296 3.35658
1.304 3.35634
1.312 3.35609
1.32 3.35584
1.328 3.35558
1.336 3.35533
1.344 3.35506
1.352 3.3548
1.36 3.35453
1.368 3.35426
1.376 3.35399
1.384 3.35371
1.392 3.35343
1.4 3.35314
1.408 3.35285
1.416 3.35256
1.424 3.35227
1.432 3.35197
1.44 3.35167
1.448 3.35136
1.456 3.35105
1.464 3.35074
1.472 3.35043
1.48 3.35011
1.488 3.34979
1.496 3.34946
1.504 3.34913
1.512 3.3488
1.52 3.34847
1.528 3.34813
1.536 3.34779
1.544 3.34744
1.552 3.34709
1.56 3.34674
1.568 3.34638
1.576 3.34602
1.584 3.34566
1.592 3.34529
1.6 3.34493
1.608 3.34455
1.616 3.34418
1.624 3.3438
1.632 3.34341
1.64 3.34303
1.648 3.34264
1.656 3.34224
1.664 3.34185
1.672 3.34145
1.68 3.34105
1.688 3.34064
1.696 3.34023
1.704 3.33982
1.712 3.3394
1.72 3.33898
1.728 3.33856
1.736 3.33813
1.744 3.3377
1.752 3.33727
1.76 3.33683
1.768 3.33639
1.776 3.33595
1.784 3.3355
1.792 3.33505
1.8 3.3346
1.808 3.33415
1.816 3.33369
1.824 3.33322
1.832 3.33276
1.84 3.33229
1.848 3.33182
1.856 3.33134
1.864 3.33086
1.872 3.33038
1.88 3.3299
1.888 3.32941
1.896 3.32892
1.904 3.32843
1.912 3.32793
1.92 3.32743
1.928 3.32692
1.936 3.32642
1.944 3.32591
1.952 3.32539
1.96 3.32488
1.968 3.32436
1.976 3.32384
1.984 3.32331
1.992 3.32279
2 3.32225
2.008 3.32172
2.016 3.32118
2.024 3.32064
2.032 3.3201
2.04 3.31956
2.048 3.31901
2.056 3.31845
2.064 3.3179
2.072 3.31734
2.08 3.31678
2.088 3.31622
2.096 3.31565
2.104 3.31509
2.112 3.31451
2.12 3.31394
2.128 3.31336
2.136 3.31278
2.144 3.3122
2.152 3.31162
2.16 3.31103
2.168 3.31044
2.176 3.30984
2.184 3.30925
2.192 3.30865
2.2 3.30805
2.208 3.30745
2.216 3.30684
2.224 3.30623
2.232 3.30562
2.24 3.30501
2.248 3.30439
2.256 3.30377
2.264 3.30315
2.272 3.30253
2.28 3.3019
2.288 3.30127
2.296 3.30064
2.304 3.30001
2.312 3.29937
2.32 3.29873
2.328 3.29809
2.336 3.29745
2.344 3.29681
2.352 3.29616
2.36 3.29551
2.368 3.29486
2.376 3.29421
2.384 3.29355
2.392 3.29289
2.4 3.29223
2.408 3.29157
2.416 3.29091
2.424 3.29024
2.432 3.28957
2.44 3.2889
2.448 3.28823
2.456 3.28756
2.464 3.28688
2.472 3.2862
2.48 3.28552
2.488 3.28484
2.496 3.28416
2.504 3.28347
2.512 3.28279
2.52 3.2821
2.528 3.28141
2.536 3.28072
2.544 3.28002
2.552 3.27933
2.56 3.27863
2.568 3.27793
2.576 3.27723
2.584 3.27653
2.592 3.27582
2.6 3.27512
2.608 3.27441
2.616 3.2737
2.624 3.273
2.632 3.27228
2.64 3.27157
2.648 3.27086
2.656 3.27014
2.664 3.26943
2.672 3.26871
2.68 3.26799
2.688 3.26727
2.696 3.26655
2.704 3.26583
2.712 3.2651
2.72 3.26438
2.728 3.26365
2.736 3.26293
2.744 3.2622
2.752 3.26147
2.76 3.26074
2.768 3.26001
2.776 3.25928
2.784 3.25854
2.792 3.25781
2.8 3.25707
2.808 3.25634
2.816 3.2556
2.824 3.25487
2.832 3.25413
2.84 3.25339
2.848 3.25265
2.856 3.25191
2.864 3.25117
2.872 3.25043
2.88 3.24969
2.888 3.24894
2.896 3.2482
2.904 3.24746
2.912 3.24671
2.92 3.24597
2.928 3.24522
2.936 3.24448
2.944 3.24373
2.952 3.24299
2.96 3.24224
2.968 3.24149
2.976 3.24074
2.984 3.24
2.992 3.23925
3 3.2385
3.008 3.23775
3.016 3.23701
3.024 3.23626
3.032 3.23551
3.04 3.23476
3.048 3.23401
3.056 3.23327
3.064 3.23252
3.072 3.23177
3.08 3.23102
3.088 3.23027
3.096 3.22953
3.104 3.22878
3.112 3.22803
3.12 3.22728
3.128 3.22654
3.136 3.22579
3.144 3.22504
3.152 3.2243
3.16 3.22355
3.168 3.22281
3.176 3.22206
3.184 3.22132
3.192 3.22057
3.2 3.21983
3.208 3.21909
3.216 3.21834
3.224 3.2176
3.232 3.21686
3.24 3.21612
3.248 3.21538
3.256 3.21464
3.264 3.2139
3.272 3.21317
3.28 3.21243
3.288 3.21169
3.296 3.21096
3.304 3.21022
3.312 3.20949
3.32 3.20876
3.328 3.20802
3.336 3.20729
3.344 3.20656
3.352 3.20583
3.36 3.20511
3.368 3.20438
3.376 3.20365
3.384 3.20293
3.392 3.20221
3.4 3.20148
3.408 3.20076
3.416 3.20004
3.424 3.19932
3.432 3.19861
3.44 3.19789
3.448 3.19718
3.456 3.19646
3.464 3.19575
3.472 3.19504
3.48 3.19433
3.488 3.19362
3.496 3.19292
3.504 3.19221
3.512 3.19151
3.52 3.19081
3.528 3.19011
3.536 3.18941
3.544 3.18871
3.552 3.18802
3.56 3.18732
3.568 3.18663
3.576 3.18594
3.584 3.18525
3.592 3.18457
3.6 3.18388
3.608 3.1832
3.616 3.18252
3.624 3.18184
3.632 3.18116
3.64 3.18048
3.648 3.17981
3.656 3.17914
3.664 3.17847
3.672 3.1778
3.68 3.17714
3.688 3.17647
3.696 3.17581
3.704 3.17515
3.712 3.17449
3.72 3.17384
3.728 3.17318
3.736 3.17253
3.744 3.17189
3.752 3.17124
3.76 3.17059
3.768 3.16995
3.776 3.16931
3.784 3.16867
3.792 3.16804
3.8 3.16741
3.808 3.16678
3.816 3.16615
3.824 3.16552
3.832 3.1649
3.84 3.16428
3.848 3.16366
3.856 3.16304
3.864 3.16243
3.872 3.16182
3.88 3.16121
3.888 3.1606
3.896 3.16
3.904 3.1594
3.912 3.1588
3.92 3.15821
3.928 3.15761
3.936 3.15702
3.944 3.15644
3.952 3.15585
3.96 3.15527
3.968 3.15469
3.976 3.15411
3.984 3.15354
3.992 3.15297
4 3.1524
4.008 3.15183
4.016 3.15127
4.024 3.15071
4.032 3.15016
4.04 3.1496
4.048 3.14905
4.056 3.1485
4.064 3.14796
4.072 3.14741
4.08 3.14688
4.088 3.14634
4.096 3.14581
4.104 3.14527
4.112 3.14475
4.12 3.14422
4.128 3.1437
4.136 3.14318
4.144 3.14267
4.152 3.14216
4.16 3.14165
4.168 3.14114
4.176 3.14064
4.184 3.14014
4.192 3.13964
4.2 3.13915
4.208 3.13866
4.216 3.13817
4.224 3.13769
4.232 3.13721
4.24 3.13673
4.248 3.13625
4.256 3.13578
4.264 3.13532
4.272 3.13485
4.28 3.13439
4.288 3.13393
4.296 3.13348
4.304 3.13303
4.312 3.13258
4.32 3.13213
4.328 3.13169
4.336 3.13125
4.344 3.13082
4.352 3.13039
4.36 3.12996
4.368 3.12954
4.376 3.12911
4.384 3.1287
4.392 3.12828
4.4 3.12787
4.408 3.12746
4.416 3.12706
4.424 3.12666
4.432 3.12626
4.44 3.12587
4.448 3.12548
4.456 3.12509
4.464 3.1247
4.472 3.12432
4.48 3.12395
4.488 3.12357
4.496 3.1232
4.504 3.12284
4.512 3.12248
4.52 3.12212
4.528 3.12176
4.536 3.12141
4.544 3.12106
4.552 3.12071
4.56 3.12037
4.568 3.12003
4.576 3.1197
4.584 3.11937
4.592 3.11904
4.6 3.11871
4.608 3.11839
4.616 3.11808
4.624 3.11776
4.632 3.11745
4.64 3.11714
4.648 3.11684
4.656 3.11654
4.664 3.11624
4.672 3.11595
4.68 3.11566
4.688 3.11538
4.696 3.11509
4.704 3.11482
4.712 3.11454
4.72 3.11427
4.728 3.114
4.736 3.11374
4.744 3.11348
4.752 3.11322
4.76 3.11296
4.768 3.11271
4.776 3.11247
4.784 3.11222
4.792 3.11198
4.8 3.11175
4.808 3.11151
4.816 3.11128
4.824 3.11106
4.832 3.11083
4.84 3.11062
4.848 3.1104
4.856 3.11019
4.864 3.10998
4.872 3.10977
4.88 3.10957
4.888 3.10937
4.896 3.10918
4.904 3.10899
4.912 3.1088
4.92 3.10861
4.928 3.10843
4.936 3.10826
4.944 3.10808
4.952 3.10791
4.96 3.10774
4.968 3.10758
4.976 3.10742
4.984 3.10726
4.992 3.10711
5 3.10696
5.008 3.10681
5.016 3.10667
5.024 3.10652
5.032 3.10639
5.04 3.10625
5.048 3.10612
5.056 3.106
5.064 3.10587
5.072 3.10575
5.08 3.10563
5.088 3.10552
5.096 3.10541
5.104 3.1053
5.112 3.1052
5.12 3.10509
5.128 3.105
5.136 3.1049
5.144 3.10481
5.152 3.10472
5.16 3.10464
5.168 3.10455
5.176 3.10448
5.184 3.1044
5.192 3.10433
5.2 3.10426
5.208 3.10419
5.216 3.10413
5.224 3.10407
5.232 3.10401
5.24 3.10395
5.248 3.1039
5.256 3.10385
5.264 3.10381
5.272 3.10377
5.28 3.10373
5.288 3.10369
5.296 3.10366
5.304 3.10363
5.312 3.1036
5.32 3.10357
5.328 3.10355
5.336 3.10353
5.344 3.10352
5.352 3.1035
5.36 3.10349
5.368 3.10348
5.376 3.10348
5.384 3.10348
5.392 3.10348
5.4 3.10348
5.408 3.10349
5.416 3.1035
5.424 3.10351
5.432 3.10352
5.44 3.10354
5.448 3.10356
5.456 3.10358
5.464 3.1036
5.472 3.10363
5.48 3.10366
5.488 3.10369
5.496 3.10373
5.504 3.10376
5.512 3.1038
5.52 3.10385
5.528 3.10389
5.536 3.10394
5.544 3.10399
5.552 3.10404
5.56 3.10409
5.568 3.10415
5.576 3.10421
5.584 3.10427
5.592 3.10433
5.6 3.1044
5.608 3.10446
5.616 3.10453
5.624 3.10461
5.632 3.10468
5.64 3.10476
5.648 3.10484
5.656 3.10492
5.664 3.105
5.672 3.10509
5.68 3.10517
5.688 3.10526
5.696 3.10535
5.704 3.10545
5.712 3.10554
5.72 3.10564
5.728 3.10574
5.736 3.10584
5.744 3.10594
5.752 3.10604
5.76 3.10615
5.768 3.10626
5.776 3.10637
5.784 3.10648
5.792 3.10659
5.8 3.10671
5.808 3.10682
5.816 3.10694
5.824 3.10706
5.832 3.10718
5.84 3.10731
5.848 3.10743
5.856 3.10756
5.864 3.10769
5.872 3.10782
5.88 3.10795
5.888 3.10808
5.896 3.10821
5.904 3.10835
5.912 3.10848
5.92 3.10862
5.928 3.10876
5.936 3.1089
5.944 3.10904
5.952 3.10919
5.96 3.10933
5.968 3.10948
5.976 3.10962
5.984 3.10977
5.992 3.10992
6 3.11007
6.008 3.11022
6.016 3.11037
6.024 3.11053
6.032 3.11068
6.04 3.11083
6.048 3.11099
6.056 3.11115
6.064 3.11131
6.072 3.11146
6.08 3.11162
6.088 3.11178
6.096 3.11194
6.104 3.11211
6.112 3.11227
6.12 3.11243
6.128 3.1126
6.136 3.11276
6.144 3.11293
6.152 3.11309
6.16 3.11326
6.168 3.11343
6.176 3.11359
6.184 3.11376
6.192 3.11393
6.2 3.1141
6.208 3.11427
6.216 3.11444
6.224 3.11461
6.232 3.11478
6.24 3.11495
6.248 3.11512
6.256 3.11529
6.264 3.11546
6.272 3.11564
6.28 3.11581
6.288 3.11598
6.296 3.11615
6.304 3.11632
6.312 3.1165
6.32 3.11667
6.328 3.11684
6.336 3.11701
6.344 3.11719
6.352 3.11736
6.36 3.11753
6.368 3.1177
6.376 3.11788
6.384 3.11805
6.392 3.11822
6.4 3.11839
6.408 3.11856
6.416 3.11873
6.424 3.1189
6.432 3.11907
6.44 3.11924
6.448 3.11941
6.456 3.11958
6.464 3.11975
6.472 3.11992
6.48 3.12009
6.488 3.12026
6.496 3.12042
6.504 3.12059
6.512 3.12076
6.52 3.12092
6.528 3.12109
6.536 3.12125
6.544 3.12141
6.552 3.12157
6.56 3.12174
6.568 3.1219
6.576 3.12206
6.584 3.12222
6.592 3.12238
6.6 3.12253
6.608 3.12269
6.616 3.12285
6.624 3.123
6.632 3.12316
6.64 3.12331
6.648 3.12346
6.656 3.12361
6.664 3.12376
6.672 3.12391
6.68 3.12406
6.688 3.1242
6.696 3.12435
6.704 3.12449
6.712 3.12464
6.72 3.12478
6.728 3.12492
6.736 3.12506
6.744 3.1252
6.752 3.12533
6.76 3.12547
6.768 3.1256
6.776 3.12573
6.784 3.12586
6.792 3.12599
6.8 3.12612
6.808 3.12625
6.816 3.12637
6.824 3.1265
6.832 3.12662
6.84 3.12674
6.848 3.12686
6.856 3.12698
6.864 3.12709
6.872 3.12721
6.88 3.12732
6.888 3.12743
6.896 3.12754
6.904 3.12764
6.912 3.12775
6.92 3.12785
6.928 3.12795
6.936 3.12805
6.944 3.12815
6.952 3.12825
6.96 3.12834
6.968 3.12843
6.976 3.12852
6.984 3.12861
6.992 3.1287
7 3.12878
7.008 3.12886
7.016 3.12894
7.024 3.12902
7.032 3.1291
7.04 3.12917
7.048 3.12924
7.056 3.12931
7.064 3.12938
7.072 3.12944
7.08 3.12951
7.088 3.12957
7.096 3.12963
7.104 3.12968
7.112 3.12974
7.12 3.12979
7.128 3.12984
7.136 3.12988
7.144 3.12993
7.152 3.12997
7.16 3.13001
7.168 3.13005
7.176 3.13008
7.184 3.13012
7.192 3.13015
7.2 3.13017
7.208 3.1302
7.216 3.13022
7.224 3.13024
7.232 3.13026
7.24 3.13027
7.248 3.13029
7.256 3.1303
7.264 3.1303
7.272 3.13031
7.28 3.13031
7.288 3.13031
7.296 3.13031
7.304 3.1303
7.312 3.13029
7.32 3.13028
7.328 3.13027
7.336 3.13025
7.344 3.13023
7.352 3.13021
7.36 3.13019
7.368 3.13016
7.376 3.13013
7.384 3.1301
7.392 3.13006
7.4 3.13002
7.408 3.12998
7.416 3.12994
7.424 3.12989
7.432 3.12984
7.44 3.12979
7.448 3.12973
7.456 3.12967
7.464 3.12961
7.472 3.12954
7.48 3.12948
7.488 3.12941
7.496 3.12933
7.504 3.12926
7.512 3.12918
7.52 3.1291
7.528 3.12901
7.536 3.12892
7.544 3.12883
7.552 3.12874
7.56 3.12864
7.568 3.12854
7.576 3.12844
7.584 3.12833
7.592 3.12822
7.6 3.12811
7.608 3.128
7.616 3.12788
7.624 3.12776
7.632 3.12763
7.64 3.12751
7.648 3.12738
7.656 3.12724
7.664 3.12711
7.672 3.12697
7.68 3.12682
7.688 3.12668
7.696 3.12653
7.704 3.12638
7.712 3.12622
7.72 3.12606
7.728 3.1259
7.736 3.12574
7.744 3.12557
7.752 3.1254
7.76 3.12523
7.768 3.12505
7.776 3.12487
7.784 3.12469
7.792 3.1245
7.8 3.12431
7.808 3.12412
7.816 3.12393
7.824 3.12373
7.832 3.12353
7.84 3.12332
7.848 3.12311
7.856 3.1229
7.864 3.12269
7.872 3.12247
7.88 3.12225
7.888 3.12203
7.896 3.1218
7.904 3.12157
7.912 3.12134
7.92 3.1211
7.928 3.12086
7.936 3.12062
7.944 3.12038
7.952 3.12013
7.96 3.11988
7.968 3.11962
7.976 3.11937
7.984 3.1191
7.992 3.11884
8 3.11857
8.008 3.11831
8.016 3.11803
8.024 3.11776
8.032 3.11748
8.04 3.1172
8.048 3.11691
8.056 3.11662
8.064 3.11633
8.072 3.11604
8.08 3.11574
8.088 3.11544
8.096 3.11514
8.104 3.11483
8.112 3.11452
8.12 3.11421
8.128 3.1139
8.136 3.11358
8.144 3.11326
8.152 3.11294
8.16 3.11261
8.168 3.11228
8.176 3.11195
8.184 3.11161
8.192 3.11127
8.2 3.11093
8.208 3.11059
8.216 3.11024
8.224 3.10989
8.232 3.10954
8.24 3.10918
8.248 3.10883
8.256 3.10847
8.264 3.1081
8.272 3.10774
8.28 3.10737
8.288 3.10699
8.296 3.10662
8.304 3.10624
8.312 3.10586
8.32 3.10548
8.328 3.10509
8.336 3.10471
8.344 3.10432
8.352 3.10392
8.36 3.10353
8.368 3.10313
8.376 3.10273
8.384 3.10232
8.392 3.10192
8.4 3.10151
8.408 3.10109
8.416 3.10068
8.424 3.10026
8.432 3.09984
8.44 3.09942
8.448 3.099
8.456 3.09857
8.464 3.09814
8.472 3.09771
8.48 3.09728
8.488 3.09684
8.496 3.0964
8.504 3.09596
8.512 3.09552
8.52 3.09507
8.528 3.09463
8.536 3.09418
8.544 3.09372
8.552 3.09327
8.56 3.09281
8.568 3.09235
8.576 3.09189
8.584 3.09143
8.592 3.09096
8.6 3.09049
8.608 3.09002
8.616 3.08955
8.624 3.08908
8.632 3.0886
8.64 3.08812
8.648 3.08764
8.656 3.08716
8.664 3.08668
8.672 3.08619
8.68 3.0857
8.688 3.08521
8.696 3.08472
8.704 3.08423
8.712 3.08373
8.72 3.08323
8.728 3.08273
8.736 3.08223
8.744 3.08173
8.752 3.08123
8.76 3.08072
8.768 3.08021
8.776 3.0797
8.784 3.07919
8.792 3.07868
8.8 3.07816
8.808 3.07765
8.816 3.07713
8.824 3.07661
8.832 3.07609
8.84 3.07557
8.848 3.07504
8.856 3.07452
8.864 3.07399
8.872 3.07346
8.88 3.07293
8.888 3.0724
8.896 3.07187
8.904 3.07134
8.912 3.0708
8.92 3.07026
8.928 3.06973
8.936 3.06919
8.944 3.06865
8.952 3.06811
8.96 3.06757
8.968 3.06702
8.976 3.06648
8.984 3.06593
8.992 3.06539
9 3.06484
9.008 3.06429
9.016 3.06374
9.024 3.06319
9.032 3.06264
9.04 3.06209
9.048 3.06153
9.056 3.06098
9.064 3.06042
9.072 3.05987
9.08 3.05931
9.088 3.05875
9.096 3.0582
9.104 3.05764
9.112 3.05708
9.12 3.05652
9.128 3.05596
9.136 3.0554
9.144 3.05484
9.152 3.05427
9.16 3.05371
9.168 3.05315
9.176 3.05258
9.184 3.05202
9.192 3.05145
9.2 3.05089
9.208 3.05032
9.216 3.04976
9.224 3.04919
9.232 3.04863
9.24 3.04806
9.248 3.04749
9.256 3.04692
9.264 3.04636
9.272 3.04579
9.28 3.04522
9.288 3.04465
9.296 3.04409
9.304 3.04352
9.312 3.04295
9.32 3.04238
9.328 3.04182
9.336 3.04125
9.344 3.04068
9.352 3.04011
9.36 3.03954
9.368 3.03898
9.376 3.03841
9.384 3.03784
9.392 3.03728
9.4 3.03671
9.408 3.03614
9.416 3.03558
9.424 3.03501
9.432 3.03445
9.44 3.03388
9.448 3.03332
9.456 3.03275
9.464 3.03219
9.472 3.03163
9.48 3.03106
9.488 3.0305
9.496 3.02994
9.504 3.02938
9.512 3.02882
9.52 3.02826
9.528 3.0277
9.536 3.02714
9.544 3.02659
9.552 3.02603
9.56 3.02547
9.568 3.02492
9.576 3.02437
9.584 3.02381
9.592 3.02326
9.6 3.02271
9.608 3.02216
9.616 3.02161
9.624 3.02106
9.632 3.02051
9.64 3.01996
9.648 3.01942
9.656 3.01887
9.664 3.01833
9.672 3.01779
9.68 3.01725
9.688 3.01671
9.696 3.01617
9.704 3.01563
9.712 3.0151
9.72 3.01456
9.728 3.01403
9.736 3.01349
9.744 3.01296
9.752 3.01243
9.76 3.0119
9.768 3.01138
9.776 3.01085
9.784 3.01033
9.792 3.00981
9.8 3.00929
9.808 3.00877
9.816 3.00825
9.824 3.00773
9.832 3.00722
9.84 3.0067
9.848 3.00619
9.856 3.00568
9.864 3.00518
9.872 3.00467
9.88 3.00417
9.888 3.00366
9.896 3.00316
9.904 3.00266
9.912 3.00217
9.92 3.00167
9.928 3.00118
9.936 3.00068
9.944 3.0002
9.952 2.99971
9.96 2.99922
9.968 2.99874
9.976 2.99826
9.984 2.99778
9.992 2.9973
10 2.99682
10.008 2.99635
10.016 2.99588
10.024 2.99541
10.032 2.99494
10.04 2.99448
10.048 2.99401
10.056 2.99355
10.064 2.9931
10.072 2.99264
10.08 2.99219
10.088 2.99173
10.096 2.99129
10.104 2.99084
10.112 2.99039
10.12 2.98995
10.128 2.98951
10.136 2.98908
10.144 2.98864
10.152 2.98821
10.16 2.98778
10.168 2.98735
10.176 2.98693
10.184 2.9865
10.192 2.98608
10.2 2.98567
10.208 2.98525
10.216 2.98484
10.224 2.98443
10.232 2.98402
10.24 2.98362
10.248 2.98322
10.256 2.98282
10.264 2.98242
10.272 2.98203
10.28 2.98164
10.288 2.98125
10.296 2.98087
10.304 2.98048
10.312 2.9801
10.32 2.97973
10.328 2.97935
10.336 2.97898
10.344 2.97861
10.352 2.97825
10.36 2.97788
10.368 2.97752
10.376 2.97717
10.384 2.97681
10.392 2.97646
10.4 2.97611
10.408 2.97577
10.416 2.97543
10.424 2.97509
10.432 2.97475
10.44 2.97442
10.448 2.97409
10.456 2.97376
10.464 2.97344
10.472 2.97312
10.48 2.9728
10.488 2.97248
10.496 2.97217
10.504 2.97186
10.512 2.97156
10.52 2.97125
10.528 2.97096
10.536 2.97066
10.544 2.97037
10.552 2.97008
10.56 2.96979
10.568 2.96951
10.576 2.96923
10.584 2.96895
10.592 2.96868
10.6 2.9684
10.608 2.96814
10.616 2.96787
10.624 2.96761
10.632 2.96735
10.64 2.9671
10.648 2.96685
10.656 2.9666
10.664 2.96636
10.672 2.96612
10.68 2.96588
10.688 2.96564
10.696 2.96541
10.704 2.96518
10.712 2.96496
10.72 2.96474
10.728 2.96452
10.736 2.96431
10.744 2.9641
10.752 2.96389
10.76 2.96368
10.768 2.96348
10.776 2.96328
10.784 2.96309
10.792 2.9629
10.8 2.96271
10.808 2.96253
10.816 2.96235
10.824 2.96217
10.832 2.962
10.84 2.96183
10.848 2.96166
10.856 2.96149
10.864 2.96133
10.872 2.96118
10.88 2.96102
10.888 2.96087
10.896 2.96073
10.904 2.96059
10.912 2.96045
10.92 2.96031
10.928 2.96018
10.936 2.96005
10.944 2.95992
10.952 2.9598
10.96 2.95968
10.968 2.95956
10.976 2.95945
10.984 2.95934
10.992 2.95924
11 2.95914
11.008 2.95904
11.016 2.95894
11.024 2.95885
11.032 2.95876
11.04 2.95868
11.048 2.9586
11.056 2.95852
11.064 2.95845
11.072 2.95838
11.08 2.95831
11.088 2.95824
11.096 2.95818
11.104 2.95813
11.112 2.95807
11.12 2.95802
11.128 2.95798
11.136 2.95793
11.144 2.95789
11.152 2.95786
11.16 2.95782
11.168 2.95779
11.176 2.95777
11.184 2.95774
11.192 2.95772
11.2 2.95771
11.208 2.95769
11.216 2.95768
11.224 2.95768
11.232 2.95767
11.24 2.95767
11.248 2.95768
11.256 2.95768
11.264 2.95769
11.272 2.95771
11.28 2.95772
11.288 2.95774
11.296 2.95777
11.304 2.95779
11.312 2.95782
11.32 2.95786
11.328 2.95789
11.336 2.95793
11.344 2.95798
11.352 2.95802
11.36 2.95807
11.368 2.95813
11.376 2.95818
11.384 2.95824
11.392 2.9583
11.4 2.95837
11.408 2.95844
11.416 2.95851
11.424 2.95858
11.432 2.95866
11.44 2.95874
11.448 2.95883
11.456 2.95891
11.464 2.959
11.472 2.9591
11.48 2.95919
11.488 2.95929
11.496 2.9594
11.504 2.9595
11.512 2.95961
11.52 2.95972
11.528 2.95984
11.536 2.95995
11.544 2.96007
11.552 2.9602
11.56 2.96032
11.568 2.96045
11.576 2.96058
11.584 2.96072
11.592 2.96086
11.6 2.961
11.608 2.96114
11.616 2.96129
11.624 2.96144
11.632 2.96159
11.64 2.96175
11.648 2.9619
11.656 2.96206
11.664 2.96223
11.672 2.96239
11.68 2.96256
11.688 2.96273
11.696 2.96291
11.704 2.96308
11.712 2.96326
11.72 2.96344
11.728 2.96363
11.736 2.96382
11.744 2.96401
11.752 2.9642
11.76 2.96439
11.768 2.96459
11.776 2.96479
11.784 2.96499
11.792 2.9652
11.8 2.9654
11.808 2.96561
11.816 2.96583
11.824 2.96604
11.832 2.96626
11.84 2.96648
11.848 2.9667
11.856 2.96692
11.864 2.96715
11.872 2.96738
11.88 2.96761
11.888 2.96784
11.896 2.96808
11.904 2.96831
11.912 2.96855
11.92 2.96879
11.928 2.96904
11.936 2.96928
11.944 2.96953
11.952 2.96978
11.96 2.97004
11.968 2.97029
11.976 2.97055
11.984 2.9708
11.992 2.97106
12 2.97133
12.008 2.97159
12.016 2.97186
12.024 2.97213
12.032 2.9724
12.04 2.97267
12.048 2.97294
12.056 2.97322
12.064 2.97349
12.072 2.97377
12.08 2.97405
12.088 2.97433
12.096 2.97462
12.104 2.9749
12.112 2.97519
12.12 2.97548
12.128 2.97577
12.136 2.97606
12.144 2.97636
12.152 2.97665
12.16 2.97695
12.168 2.97725
12.176 2.97755
12.184 2.97785
12.192 2.97815
12.2 2.97845
12.208 2.97876
12.216 2.97907
12.224 2.97937
12.232 2.97968
12.24 2.97999
12.248 2.98031
12.256 2.98062
12.264 2.98093
12.272 2.98125
12.28 2.98157
12.288 2.98188
12.296 2.9822
12.304 2.98252
12.312 2.98284
12.32 2.98316
12.328 2.98349
12.336 2.98381
12.344 2.98414
12.352 2.98446
12.36 2.98479
12.368 2.98512
12.376 2.98544
12.384 2.98577
12.392 2.9861
12.4 2.98643
12.408 2.98676
12.416 2.9871
12.424 2.98743
12.432 2.98776
12.44 2.9881
12.448 2.98843
12.456 2.98877
12.464 2.9891
12.472 2.98944
12.48 2.98978
12.488 2.99011
12.496 2.99045
12.504 2.99079
12.512 2.99113
12.52 2.99147
12.528 2.99181
12.536 2.99215
12.544 2.99249
12.552 2.99283
12.56 2.99317
12.568 2.99351
12.576 2.99385
12.584 2.99419
12.592 2.99454
12.6 2.99488
12.608 2.99522
12.616 2.99556
12.624 2.9959
12.632 2.99625
12.64 2.99659
12.648 2.99693
12.656 2.99727
12.664 2.99761
12.672 2.99795
12.68 2.9983
12.688 2.99864
12.696 2.99898
12.704 2.99932
12.712 2.99966
12.72 3
12.728 3.00034
12.736 3.00068
12.744 3.00102
12.752 3.00136
12.76 3.0017
12.768 3.00204
12.776 3.00238
12.784 3.00271
12.792 3.00305
12.8 3.00339
12.808 3.00372
12.816 3.00406
12.824 3.00439
12.832 3.00473
12.84 3.00506
12.848 3.0054
12.856 3.00573
12.864 3.00606
12.872 3.00639
12.88 3.00672
12.888 3.00705
12.896 3.00738
12.904 3.00771
12.912 3.00803
12.92 3.00836
12.928 3.00868
12.936 3.00901
12.944 3.00933
12.952 3.00965
12.96 3.00998
12.968 3.0103
12.976 3.01061
12.984 3.01093
12.992 3.01125
13 3.01157
13.008 3.01188
13.016 3.01219
13.024 3.01251
13.032 3.01282
13.04 3.01313
13.048 3.01344
13.056 3.01374
13.064 3.01405
13.072 3.01435
13.08 3.01466
13.088 3.01496
13.096 3.01526
13.104 3.01556
13.112 3.01586
13.12 3.01615
13.128 3.01645
13.136 3.01674
13.144 3.01703
13.152 3.01732
13.16 3.01761
13.168 3.0179
13.176 3.01818
13.184 3.01847
13.192 3.01875
13.2 3.01903
13.208 3.01931
13.216 3.01958
13.224 3.01986
13.232 3.02013
13.24 3.0204
13.248 3.02067
13.256 3.02094
13.264 3.02121
13.272 3.02147
13.28 3.02173
13.288 3.02199
13.296 3.02225
13.304 3.02251
13.312 3.02276
13.32 3.02301
13.328 3.02326
13.336 3.02351
13.344 3.02376
13.352 3.024
13.36 3.02425
13.368 3.02449
13.376 3.02472
13.384 3.02496
13.392 3.02519
13.4 3.02542
13.408 3.02565
13.416 3.02588
13.424 3.0261
13.432 3.02633
13.44 3.02655
13.448 3.02677
13.456 3.02698
13.464 3.02719
13.472 3.02741
13.48 3.02761
13.488 3.02782
13.496 3.02802
13.504 3.02823
13.512 3.02843
13.52 3.02862
13.528 3.02882
13.536 3.02901
13.544 3.0292
13.552 3.02938
13.56 3.02957
13.568 3.02975
13.576 3.02993
13.584 3.03011
13.592 3.03028
13.6 3.03045
13.608 3.03062
13.616 3.03079
13.624 3.03095
13.632 3.03111
13.64 3.03127
13.648 3.03143
13.656 3.03158
13.664 3.03173
13.672 3.03188
13.68 3.03202
13.688 3.03217
13.696 3.03231
13.704 3.03244
13.712 3.03258
13.72 3.03271
13.728 3.03284
13.736 3.03296
13.744 3.03309
13.752 3.03321
13.76 3.03332
13.768 3.03344
13.776 3.03355
13.784 3.03366
13.792 3.03377
13.8 3.03387
13.808 3.03397
13.816 3.03407
13.824 3.03416
13.832 3.03426
13.84 3.03434
13.848 3.03443
13.856 3.03451
13.864 3.03459
13.872 3.03467
13.88 3.03475
13.888 3.03482
13.896 3.03489
13.904 3.03495
13.912 3.03501
13.92 3.03507
13.928 3.03513
13.936 3.03519
13.944 3.03524
13.952 3.03528
13.96 3.03533
13.968 3.03537
13.976 3.03541
13.984 3.03545
13.992 3.03548
14 3.03551
14.008 3.03554
14.016 3.03556
14.024 3.03558
14.032 3.0356
14.04 3.03561
14.048 3.03562
14.056 3.03563
14.064 3.03564
14.072 3.03564
14.08 3.03564
14.088 3.03564
14.096 3.03563
14.104 3.03562
14.112 3.03561
14.12 3.0356
14.128 3.03558
14.136 3.03556
14.144 3.03553
14.152 3.0355
14.16 3.03547
14.168 3.03544
14.176 3.0354
14.184 3.03536
14.192 3.03532
14.2 3.03527
14.208 3.03523
14.216 3.03517
14.224 3.03512
14.232 3.03506
14.24 3.035
14.248 3.03494
14.256 3.03487
14.264 3.0348
14.272 3.03473
14.28 3.03465
14.288 3.03457
14.296 3.03449
14.304 3.03441
14.312 3.03432
14.32 3.03423
14.328 3.03414
14.336 3.03404
14.344 3.03394
14.352 3.03384
14.36 3.03373
14.368 3.03362
14.376 3.03351
14.384 3.0334
14.392 3.03328
14.4 3.03316
14.408 3.03304
14.416 3.03291
14.424 3.03278
14.432 3.03265
14.44 3.03252
14.448 3.03238
14.456 3.03224
14.464 3.0321
14.472 3.03195
14.48 3.0318
14.488 3.03165
14.496 3.0315
14.504 3.03134
14.512 3.03118
14.52 3.03102
14.528 3.03085
14.536 3.03068
14.544 3.03051
14.552 3.03034
14.56 3.03016
14.568 3.02999
14.576 3.0298
14.584 3.02962
14.592 3.02943
14.6 3.02924
14.608 3.02905
14.616 3.02886
14.624 3.02866
14.632 3.02846
14.64 3.02825
14.648 3.02805
14.656 3.02784
14.664 3.02763
14.672 3.02742
14.68 3.0272
14.688 3.02698
14.696 3.02676
14.704 3.02654
14.712 3.02631
14.72 3.02609
14.728 3.02586
14.736 3.02562
14.744 3.02539
14.752 3.02515
14.76 3.02491
14.768 3.02467
14.776 3.02442
14.784 3.02418
14.792 3.02393
14.8 3.02367
14.808 3.02342
14.816 3.02316
14.824 3.02291
14.832 3.02264
14.84 3.02238
14.848 3.02212
14.856 3.02185
14.864 3.02158
14.872 3.02131
14.88 3.02103
14.888 3.02076
14.896 3.02048
14.904 3.0202
14.912 3.01992
14.92 3.01963
14.928 3.01935
14.936 3.01906
14.944 3.01877
14.952 3.01848
14.96 3.01818
14.968 3.01789
14.976 3.01759
14.984 3.01729
14.992 3.01699
